wave flux
5293.97900390625 4.2074e-17
5298.84816 0.0
5303.717148 1.4238e-18
5308.586195 4.1377e-18
5313.455301 2.1651e-19
5318.324466 2.0398e-18
5323.19369 9.1463e-18
5328.062973 0.0
5332.932315 4.0904e-17
5337.801715 2.2177e-17
5342.671174 1.1395e-17
5347.540691 3.8152e-17
5352.410266 1.3566e-17
5357.279899 3.0844e-17
5362.149591 2.7384e-17
5367.01934 1.2456e-17
5371.889147 5.8367e-17
5376.759012 2.1781e-17
5381.628935 2.8104e-18
5386.498915 2.5932e-17
5391.368952 2.8459e-17
5396.239046 6.0355e-17
5401.109198 3.0219e-17
5405.979407 1.8793e-17
5410.849672 3.581e-17
5415.719995 3.9369e-17
5420.590374 3.6436e-18
5425.46081 1.3502e-17
5430.331302 1.1684e-17
5435.20185 0.0
5440.072455 1.53e-17
5444.943116 2.1494e-17
5449.813833 6.3613e-17
5454.684606 4.8116e-17
5459.555435 6.2928e-18
5464.426319 5.5731e-18
5469.297259 3.7945e-17
5474.168254 1.9012e-17
5479.039305 3.4616e-18
5483.910411 2.6075e-17
5488.781572 3.1032e-17
5493.652788 1.5994e-17
5498.52406 2.5817e-17
5503.395386 2.4733e-17
5508.266766 2.5325e-17
5513.138201 2.7312e-17
5518.009691 1.6031e-17
5522.881235 5.1894e-17
5527.752833 1.8517e-17
5532.624486 3.5736e-17
5537.496192 2.2265e-17
5542.367952 1.2839e-18
5547.239767 2.379e-17
5552.111634 1.878e-17
5556.983556 0.0
5561.855531 6.245e-18
5566.727559 5.9314e-18
5571.59964 0.0
5576.471775 1.0507e-17
5581.343962 1.6575e-17
5586.216203 9.6702e-18
5591.088496 2.6103e-17
5595.960842 2.3841e-17
5600.833241 2.2394e-17
5605.705692 1.6345e-17
5610.578195 0.0
5615.450751 8.3846e-18
5620.323359 1.0517e-17
5625.196018 8.5572e-18
5630.06873 1.209e-17
5634.941494 0.0
5639.814309 9.2894e-18
5644.687175 1.4475e-17
5649.560094 0.0
5654.433063 1.0919e-17
5659.306084 2.3409e-17
5664.179156 1.3224e-17
5669.052279 1.3745e-17
5673.925452 1.9617e-17
5678.798677 1.1573e-17
5683.671952 1.7564e-17
5688.545278 1.9143e-17
5693.418654 0.0
5698.292081 1.8788e-17
5703.165557 0.0
5708.039084 0.0
5712.912661 2.0123e-17
5717.786288 0.0
5722.659965 4.053e-18
5727.533691 1.177e-17
5732.407467 3.0116e-18
5737.281292 2.3164e-17
5742.155167 1.1426e-17
5747.02909 3.9175e-18
5751.903063 1.4731e-17
5756.777085 0.0
5761.651156 4.8648e-18
5766.525275 0.0
5771.399444 2.3129e-18
5776.27366 2.326e-17
5781.147926 2.4621e-17
5786.022239 0.0
5790.896601 1.8117e-17
5795.771011 8.0352e-18
5800.645469 0.0
5805.519974 1.6316e-17
5810.394528 2.6228e-18
5815.269129 0.0
5820.143777 0.0
5825.018473 4.4332e-18
5829.893217 0.0
5834.768007 1.7448e-17
5839.642845 0.0
5844.51773 0.0
5849.392661 3.6327e-18
5854.267639 0.0
5859.142664 1.3227e-17
5864.017736 5.9575e-18
5868.892854 0.0
5873.768018 9.8699e-19
5878.643228 0.0
5883.518484 7.2826e-18
5888.393787 2.2334e-18
5893.269135 0.0
5898.144529 6.5047e-18
5903.019969 1.5444e-17
5907.895454 0.0
5912.770984 0.0
5917.64656 3.9609e-18
5922.522181 7.129e-18
5927.397847 7.2401e-19
5932.273558 0.0
5937.149314 1.5176e-17
5942.025115 1.2147e-17
5946.90096 1.5307e-17
5951.77685 4.4249e-18
5956.652784 4.2931e-18
5961.528762 0.0
5966.404785 6.9147e-18
5971.280851 7.8017e-18
5976.156962 0.0
5981.033116 2.2514e-17
5985.909314 1.2386e-18
5990.785556 1.4692e-17
5995.661841 1.0482e-17
6000.53817 1.7502e-18
6005.414542 1.5232e-17
6010.290957 1.8132e-17
6015.167415 4.954e-18
6020.043916 4.7048e-18
6024.920459 1.5192e-17
6029.797046 4.6905e-18
6034.673675 6.258e-18
6039.550347 8.0575e-18
6044.427061 1.8188e-17
6049.303817 2.2327e-17
6054.180615 1.9467e-17
6059.057455 1.6417e-17
6063.934338 1.5314e-17
6068.811262 5.6844e-18
6073.688228 1.0039e-17
6078.565235 1.7921e-17
6083.442284 1.6531e-17
6088.319374 2.0378e-17
6093.196505 2.2487e-17
6098.073678 1.9066e-17
6102.950892 1.3986e-17
6107.828146 1.4748e-17
6112.705441 1.303e-17
6117.582777 3.4515e-17
6122.460154 3.2514e-17
6127.337571 2.3712e-17
6132.215028 2.0957e-17
6137.092525 1.8714e-17
6141.970063 1.6504e-17
6146.847641 2.9363e-17
6151.725258 2.1593e-17
6156.602915 3.0307e-17
6161.480612 3.5375e-17
6166.358349 3.189e-17
6171.236125 3.044e-17
6176.11394 2.5052e-17
6180.991795 2.3939e-17
6185.869688 1.3723e-17
6190.747621 2.793e-17
6195.625592 1.9875e-17
6200.503602 2.2142e-17
6205.381651 1.6264e-17
6210.259738 3.2267e-17
6215.137864 2.1387e-17
6220.016028 2.4295e-17
6224.894231 1.8023e-17
6229.772471 1.2352e-17
6234.650749 2.6794e-17
6239.529066 2.1205e-17
6244.407419 4.1595e-17
6249.285811 2.6153e-17
6254.16424 2.6465e-17
6259.042707 1.9805e-17
6263.92121 2.1856e-17
6268.799751 2.641e-17
6273.678329 3.2629e-17
6278.556944 3.9039e-17
6283.435596 1.841e-17
6288.314285 2.9668e-17
6293.19301 2.7731e-17
6298.071771 2.0122e-17
6302.950569 4.5006e-17
6307.829404 4.4282e-17
6312.708274 3.697e-17
6317.587181 3.6796e-17
6322.466123 4.9118e-17
6327.345101 2.2286e-17
6332.224115 4.4458e-17
6337.103165 4.9363e-17
6341.98225 3.6221e-17
6346.86137 3.6252e-17
6351.740526 5.7738e-17
6356.619716 6.3562e-17
6361.498942 5.3947e-17
6366.378203 5.2573e-17
6371.257499 6.1511e-17
6376.136829 4.4557e-17
6381.016194 4.3312e-17
6385.895593 4.5422e-17
6390.775026 6.1108e-17
6395.654494 3.3277e-17
6400.533996 5.6725e-17
6405.413532 4.5287e-17
6410.293102 3.9995e-17
6415.172706 4.0418e-17
6420.052343 4.1094e-17
6424.932014 3.6565e-17
6429.811718 4.9949e-17
6434.691456 5.9825e-17
6439.571227 4.4213e-17
6444.451031 4.9075e-17
6449.330868 5.2987e-17
6454.210737 5.6349e-17
6459.09064 3.4801e-17
6463.970575 4.3913e-17
6468.850543 5.3597e-17
6473.730543 5.3175e-17
6478.610576 5.4851e-17
6483.49064 5.957e-17
6488.370737 4.7781e-17
6493.250866 4.7773e-17
6498.131026 5.0351e-17
6503.011219 5.2044e-17
6507.891443 7.3285e-17
6512.771698 7.6411e-17
6517.651985 5.7322e-17
6522.532303 6.2801e-17
6527.412653 6.7302e-17
6532.293033 8.5254e-17
6537.173444 9.4291e-17
6542.053886 7.6486e-17
6546.934359 8.8632e-17
6551.814863 8.4378e-17
6556.695397 8.7977e-17
6561.575961 8.8718e-17
6566.456556 8.7563e-17
6571.337181 8.8263e-17
6576.217835 8.3317e-17
6581.09852 9.0326e-17
6585.979235 7.6093e-17
6590.859979 1.0312e-16
6595.740753 7.622e-17
6600.621556 8.6385e-17
6605.502389 1.0623e-16
6610.383251 9.9342e-17
6615.264142 9.5244e-17
6620.145062 9.6549e-17
6625.026011 8.7518e-17
6629.906989 9.856e-17
6634.787995 8.5627e-17
6639.66903 9.5331e-17
6644.550094 9.7416e-17
6649.431186 9.5946e-17
6654.312306 8.9185e-17
6659.193454 1.0536e-16
6664.07463 1.0733e-16
6668.955834 1.1246e-16
6673.837066 9.91e-17
6678.718325 9.5652e-17
6683.599612 1.092e-16
6688.480926 9.2195e-17
6693.362268 8.7794e-17
6698.243637 1.101e-16
6703.125033 1.0452e-16
6708.006456 1.1036e-16
6712.887906 1.0769e-16
6717.769382 1.0563e-16
6722.650885 1.0288e-16
6727.532415 9.4081e-17
6732.413971 8.7507e-17
6737.295554 1.116e-16
6742.177162 1.0961e-16
6747.058797 1.1292e-16
6751.940457 1.1596e-16
6756.822144 1.1367e-16
6761.703856 1.0961e-16
6766.585594 1.2786e-16
6771.467357 1.2194e-16
6776.349146 1.0859e-16
6781.230959 1.0881e-16
6786.112799 9.7503e-17
6790.994663 1.091e-16
6795.876552 1.042e-16
6800.758465 1.1089e-16
6805.640404 9.9142e-17
6810.522367 1.0798e-16
6815.404354 1.2101e-16
6820.286366 1.2148e-16
6825.168403 1.0964e-16
6830.050463 9.4059e-17
6834.932547 1.0237e-16
6839.814655 9.5814e-17
6844.696787 1.0096e-16
6849.578943 1.1052e-16
6854.461122 8.9379e-17
6859.343325 1.0608e-16
6864.225551 9.7571e-17
6869.1078 7.8452e-17
6873.990072 9.5831e-17
6878.872367 9.607e-17
6883.754686 7.7883e-17
6888.637026 9.1856e-17
6893.51939 8.4802e-17
6898.401776 8.7204e-17
6903.284185 9.7421e-17
6908.166615 9.0288e-17
6913.049068 8.4226e-17
6917.931544 9.4115e-17
6922.814041 9.2482e-17
6927.696559 8.9854e-17
6932.5791 8.8e-17
6937.461662 8.7243e-17
6942.344246 9.9735e-17
6947.226851 1.179e-16
6952.109478 1.1821e-16
6956.992125 1.237e-16
6961.874794 1.0424e-16
6966.757483 1.124e-16
6971.640194 1.1287e-16
6976.522925 1.0524e-16
6981.405677 1.1731e-16
6986.288449 8.7093e-17
6991.171241 1.0096e-16
6996.054054 1.2997e-16
7000.936887 1.0769e-16
7005.81974 1.13e-16
7010.702613 1.3326e-16
7015.585506 1.1976e-16
7020.468418 1.3742e-16
7025.35135 1.4366e-16
7030.234301 1.4467e-16
7035.117272 1.4426e-16
7040.000262 1.6565e-16
7044.883271 1.4842e-16
7049.766299 1.6984e-16
7054.649346 1.6177e-16
7059.532412 1.5058e-16
7064.415496 1.7137e-16
7069.298599 1.4671e-16
7074.18172 1.6005e-16
7079.06486 1.689e-16
7083.948018 1.5949e-16
7088.831194 1.6118e-16
7093.714388 1.6318e-16
7098.597599 1.7947e-16
7103.480829 1.7126e-16
7108.364076 1.5793e-16
7113.247341 1.6273e-16
7118.130623 1.6908e-16
7123.013922 1.7768e-16
7127.897238 1.6808e-16
7132.780572 1.6961e-16
7137.663923 1.7046e-16
7142.54729 1.7212e-16
7147.430674 1.7439e-16
7152.314075 1.7621e-16
7157.197492 1.8341e-16
7162.080925 1.6229e-16
7166.964375 1.7148e-16
7171.847841 1.8861e-16
7176.731323 1.8941e-16
7181.614821 2.1294e-16
7186.498334 2.0689e-16
7191.381864 2.1014e-16
7196.265409 2.1734e-16
7201.148969 1.863e-16
7206.032545 1.9937e-16
7210.916136 2.0823e-16
7215.799742 2.1207e-16
7220.683363 1.8704e-16
7225.566999 2.0796e-16
7230.45065 2.1955e-16
7235.334315 2.0595e-16
7240.217995 2.2131e-16
7245.101689 2.0822e-16
7249.985398 2.2505e-16
7254.869121 2.2663e-16
7259.752858 2.277e-16
7264.636609 2.4514e-16
7269.520374 2.4918e-16
7274.404152 2.3668e-16
7279.287944 2.1336e-16
7284.17175 2.3475e-16
7289.055569 2.4102e-16
7293.939402 2.5145e-16
7298.823247 2.2451e-16
7303.707106 2.5387e-16
7308.590977 2.5153e-16
7313.474862 2.5116e-16
7318.358759 2.6269e-16
7323.242669 2.5786e-16
7328.126591 2.6751e-16
7333.010526 2.6661e-16
7337.894472 2.5511e-16
7342.778431 2.597e-16
7347.662402 2.7152e-16
7352.546385 2.6246e-16
7357.43038 2.3617e-16
7362.314387 2.6156e-16
7367.198405 2.7094e-16
7372.082434 2.7904e-16
7376.966475 2.7791e-16
7381.850527 2.6295e-16
7386.73459 2.6075e-16
7391.618664 2.5332e-16
7396.502749 2.6743e-16
7401.386845 2.6689e-16
7406.270952 2.4604e-16
7411.155069 2.5593e-16
7416.039196 2.579e-16
7420.923334 2.7153e-16
7425.807482 2.5492e-16
7430.69164 2.6695e-16
7435.575808 2.4804e-16
7440.459986 2.2125e-16
7445.344174 2.4745e-16
7450.228371 2.2775e-16
7455.112578 2.3059e-16
7459.996794 2.3068e-16
7464.88102 2.3438e-16
7469.765254 2.5639e-16
7474.649498 2.5757e-16
7479.533751 2.3994e-16
7484.418012 2.0817e-16
7489.302283 2.3345e-16
7494.186561 2.1538e-16
7499.070849 2.2581e-16
7503.955144 2.2271e-16
7508.839448 2.1739e-16
7513.72376 2.3462e-16
7518.60808 2.1318e-16
7523.492409 2.1336e-16
7528.376744 2.1813e-16
7533.261088 2.099e-16
7538.145439 2.2058e-16
7543.029798 2.3521e-16
7547.914163 2.2289e-16
7552.798537 2.0637e-16
7557.682917 2.2914e-16
7562.567304 1.9752e-16
7567.451698 2.0396e-16
7572.336099 2.0717e-16
7577.220507 1.7809e-16
7582.104921 1.8061e-16
7586.989341 1.8174e-16
7591.873768 1.8479e-16
7596.758201 1.4759e-16
7601.64264 1.5997e-16
7606.527085 1.5323e-16
7611.411536 1.2813e-16
7616.295993 1.2867e-16
7621.180455 1.2319e-16
7626.064923 1.0946e-16
7630.949396 1.1143e-16
7635.833875 6.9667e-17
7640.718358 5.9511e-17
7645.602847 6.1569e-17
7650.487341 4.4009e-17
7655.371839 3.3874e-17
7660.256342 3.0601e-17
7665.14085 2.8257e-17
7670.025363 2.7009e-17
7674.909879 1.8814e-17
7679.7944 1.8573e-17
7684.678925 3.7884e-17
7689.563454 3.8089e-17
7694.447987 1.9508e-17
7699.332524 1.5877e-17
7704.217064 2.5273e-17
7709.101608 2.0954e-17
7713.986156 3.7868e-17
7718.870707 5.7719e-17
7723.755261 8.983e-17
7728.639818 9.5343e-17
7733.524378 1.0531e-16
7738.408941 1.382e-16
7743.293507 1.4206e-16
7748.178075 1.4216e-16
7753.062646 1.5435e-16
7757.94722 1.4535e-16
7762.831795 1.6426e-16
7767.716373 1.5607e-16
7772.600953 1.701e-16
7777.485535 1.6799e-16
7782.370119 1.8523e-16
7787.254704 1.8465e-16
7792.139292 1.7359e-16
7797.02388 2.2886e-16
7801.90847 1.5557e-16
7806.793062 1.7108e-16
7811.677654 2.1568e-16
7816.562248 2.1501e-16
7821.446842 2.2967e-16
7826.331437 2.3824e-16
7831.216033 2.329e-16
7836.10063 2.4178e-16
7840.985227 2.3867e-16
7845.869825 2.7551e-16
7850.754422 2.6177e-16
7855.63902 2.6641e-16
7860.523618 2.6927e-16
7865.408216 2.965e-16
7870.292813 2.7852e-16
7875.17741 2.7276e-16
7880.062007 2.6946e-16
7884.946603 3.1162e-16
7889.831199 3.23e-16
7894.715794 3.0456e-16
7899.600387 3.2847e-16
7904.48498 3.0489e-16
7909.369572 3.1825e-16
7914.254163 3.2605e-16
7919.138752 3.2219e-16
7924.023339 3.1878e-16
7928.907925 3.2045e-16
7933.79251 3.2246e-16
7938.677092 2.9877e-16
7943.561673 3.1981e-16
7948.446252 2.735e-16
7953.330828 2.7597e-16
7958.215402 3.2338e-16
7963.099974 3.5174e-16
7967.984543 3.4093e-16
7972.86911 3.7113e-16
7977.753674 3.6532e-16
7982.638235 3.9024e-16
7987.522793 3.6854e-16
7992.407348 3.4746e-16
7997.2919 3.8274e-16
8002.176449 4.0134e-16
8007.060994 3.907e-16
8011.945535 4.3371e-16
8016.830073 3.958e-16
8021.714608 4.4283e-16
8026.599138 4.509e-16
8031.483664 4.7453e-16
8036.368187 4.7735e-16
8041.252705 4.5853e-16
8046.137219 5.1369e-16
8051.021728 4.6785e-16
8055.906233 4.5197e-16
8060.790733 5.0342e-16
8065.675228 5.033e-16
8070.559718 5.0322e-16
8075.444204 5.3088e-16
8080.328684 5.6431e-16
8085.213159 5.6639e-16
8090.097628 5.9831e-16
8094.982092 5.5103e-16
8099.866551 5.6626e-16
8104.751004 5.6089e-16
8109.635451 5.6434e-16
8114.519892 5.845e-16
8119.404327 6.1618e-16
8124.288756 5.4994e-16
8129.173178 5.7724e-16
8134.057595 6.4362e-16
8138.942004 6.4676e-16
8143.826407 6.5199e-16
8148.710804 6.3637e-16
8153.595193 6.5706e-16
8158.479576 6.3109e-16
8163.363951 6.6317e-16
8168.24832 6.6948e-16
8173.132681 6.3987e-16
8178.017034 6.63e-16
8182.90138 6.1537e-16
8187.785718 5.6999e-16
8192.670049 5.4803e-16
8197.554372 5.5909e-16
8202.438686 5.9582e-16
8207.322993 6.1185e-16
8212.207292 6.5091e-16
8217.091582 6.7978e-16
8221.975863 6.843e-16
8226.860136 7.3145e-16
8231.744401 7.289e-16
8236.628656 7.4641e-16
8241.512903 7.506e-16
8246.39714 7.8714e-16
8251.281369 7.6533e-16
8256.165588 7.6708e-16
8261.049798 7.4693e-16
8265.933999 7.7932e-16
8270.818189 7.7219e-16
8275.70237 7.6727e-16
8280.586542 7.5599e-16
8285.470703 7.8661e-16
8290.354854 7.2403e-16
8295.238996 7.3545e-16
8300.123126 7.3075e-16
8305.007247 7.1312e-16
8309.891357 7.3428e-16
8314.775456 7.3483e-16
8319.659545 7.6307e-16
8324.543622 7.7031e-16
8329.427689 7.7166e-16
8334.311745 7.7953e-16
8339.195789 8.0519e-16
8344.079823 7.5029e-16
8348.963844 8.0068e-16
8353.847855 7.8754e-16
8358.731853 7.8844e-16
8363.61584 8.1853e-16
8368.499815 8.6461e-16
8373.383778 8.402e-16
8378.267729 8.1321e-16
8383.151667 7.7417e-16
8388.035594 8.3424e-16
8392.919507 8.0362e-16
8397.803409 7.8307e-16
8402.687297 8.709e-16
8407.571173 8.3559e-16
8412.455036 8.505e-16
8417.338886 8.5189e-16
8422.222722 8.6191e-16
8427.106546 8.5434e-16
8431.990356 8.1075e-16
8436.874152 8.1128e-16
8441.757935 7.0609e-16
8446.641705 7.5948e-16
8451.52546 7.3348e-16
8456.409202 7.056e-16
8461.292929 6.9349e-16
8466.176642 6.8288e-16
8471.060341 7.6485e-16
8475.944026 6.6651e-16
8480.827696 6.5928e-16
8485.711352 7.0223e-16
8490.594992 6.8424e-16
8495.478618 7.0384e-16
8500.362229 7.086e-16
8505.245825 6.9328e-16
8510.129406 7.1681e-16
8515.012971 6.7913e-16
8519.896521 6.8881e-16
8524.780055 6.1196e-16
8529.663574 6.6806e-16
8534.547077 7.5093e-16
8539.430564 7.5627e-16
8544.314035 7.5634e-16
8549.19749 7.7293e-16
8554.080929 8.4158e-16
8558.964351 8.0235e-16
8563.847757 8.6795e-16
8568.731146 8.1717e-16
8573.614519 8.2244e-16
8578.497875 8.3237e-16
8583.381214 8.4235e-16
8588.264536 7.7587e-16
8593.147841 7.8942e-16
8598.031128 8.5002e-16
8602.914399 8.5648e-16
8607.797651 7.916e-16
8612.680887 7.4623e-16
8617.564104 5.7711e-16
8622.447304 5.7811e-16
8627.330485 5.0883e-16
8632.213649 4.9618e-16
8637.096794 5.31e-16
8641.979922 5.5594e-16
8646.86303 5.4119e-16
8651.746121 6.0589e-16
8656.629192 6.2962e-16
8661.512245 6.473e-16
8666.395279 6.3133e-16
8671.278294 6.6598e-16
8676.16129 6.8014e-16
8681.044267 6.8457e-16
8685.927225 6.6206e-16
8690.810163 6.2684e-16
8695.693081 5.6482e-16
8700.57598 5.3576e-16
8705.45886 5.4545e-16
8710.341719 4.9514e-16
8715.224558 4.9368e-16
8720.107377 5.2696e-16
8724.990176 5.1919e-16
8729.872955 5.5796e-16
8734.755713 5.6349e-16
8739.638451 5.4365e-16
8744.521168 5.9299e-16
8749.403864 5.7777e-16
8754.286539 6.4448e-16
8759.169193 6.4115e-16
8764.051827 6.5029e-16
8768.934438 6.4173e-16
8773.817029 6.7754e-16
8778.699598 7.6137e-16
8783.582145 6.9454e-16
8788.464671 6.9288e-16
8793.347175 6.8255e-16
8798.229657 7.2147e-16
8803.112117 7.0438e-16
8807.994555 6.973e-16
8812.87697 7.3305e-16
8817.759363 8.1557e-16
8822.641734 7.7781e-16
8827.524082 7.6929e-16
8832.406407 7.6494e-16
8837.28871 8.0426e-16
8842.170989 8.2834e-16
8847.053246 8.3554e-16
8851.935479 7.7274e-16
8856.817689 8.4175e-16
8861.699875 7.598e-16
8866.582038 7.68e-16
8871.464178 7.6787e-16
8876.346293 7.929e-16
8881.228385 8.0024e-16
8886.110453 8.1287e-16
8890.992497 7.857e-16
8895.874516 8.0299e-16
8900.756511 8.0393e-16
8905.638482 8.0109e-16
8910.520428 7.7526e-16
8915.40235 8.3562e-16
8920.284246 9.06e-16
8925.166118 8.4826e-16
8930.047965 8.8397e-16
8934.929787 9.2832e-16
8939.811583 8.5554e-16
8944.693354 8.138e-16
8949.5751 8.0885e-16
8954.45682 8.5844e-16
8959.338514 9.3353e-16
8964.220183 9.3406e-16
8969.101825 9.1481e-16
8973.983442 9.9583e-16
8978.865033 9.3771e-16
8983.746597 1.0661e-15
8988.628135 1.0959e-15
8993.509646 1.0953e-15
8998.391131 1.0252e-15
9003.272589 9.9776e-16
9008.15402 1.087e-15
9013.035424 1.0405e-15
9017.916802 1.0079e-15
9022.798152 1.0632e-15
9027.679474 1.0023e-15
9032.56077 9.9986e-16
9037.442038 1.099e-15
9042.323278 1.0723e-15
9047.20449 1.0613e-15
9052.085675 1.077e-15
9056.966832 9.9086e-16
9061.84796 9.7932e-16
9066.729061 1.0281e-15
9071.610133 9.7273e-16
9076.491176 1.0499e-15
9081.372192 1.1065e-15
9086.253178 1.1736e-15
9091.134136 1.1608e-15
9096.015065 1.167e-15
9100.895965 1.1896e-15
9105.776835 1.1933e-15
9110.657677 1.2065e-15
9115.538489 1.2648e-15
9120.419272 1.2608e-15
9125.300025 1.2909e-15
9130.180749 1.3246e-15
9135.061443 1.3296e-15
9139.942106 1.3009e-15
9144.82274 1.3531e-15
9149.703344 1.3755e-15
9154.583918 1.4131e-15
9159.464461 1.5646e-15
9164.344973 1.4087e-15
9169.225456 1.3957e-15
9174.105907 1.3771e-15
9178.986328 1.3641e-15
9183.866717 1.3914e-15
9188.747076 1.4842e-15
9193.627403 1.5277e-15
9198.5077 1.5503e-15
9203.387965 1.5359e-15
9208.268198 1.4613e-15
9213.1484 1.4224e-15
9218.02857 1.4057e-15
9222.908708 1.3831e-15
9227.788814 1.3843e-15
9232.668889 1.4528e-15
9237.548931 1.4385e-15
9242.428941 1.4231e-15
9247.308918 1.4511e-15
9252.188863 1.3503e-15
9257.068775 1.422e-15
9261.948655 1.4792e-15
9266.828501 1.4078e-15
9271.708315 1.44e-15
9276.588096 1.4221e-15
9281.467843 1.3172e-15
9286.347557 1.3535e-15
9291.227238 1.4891e-15
9296.106885 1.4539e-15
9300.986499 1.4134e-15
9305.866079 1.4308e-15
9310.745625 1.4501e-15
9315.625137 1.4739e-15
9320.504615 1.4252e-15
9325.384058 1.4754e-15
9330.263468 1.4551e-15
9335.142842 1.4776e-15
9340.022183 1.5241e-15
9344.901488 1.505e-15
9349.780759 1.5538e-15
9354.659995 1.5156e-15
9359.539196 1.5222e-15
9364.418362 1.525e-15
9369.297493 1.5736e-15
9374.176588 1.5218e-15
9379.055648 1.5328e-15
9383.934673 1.5088e-15
9388.813661 1.5341e-15
9393.692614 1.5655e-15
9398.571531 1.5488e-15
9403.450412 1.6149e-15
9408.329257 1.6965e-15
9413.208065 1.6443e-15
9418.086837 1.6254e-15
9422.965573 1.5636e-15
9427.844272 1.64e-15
9432.722934 1.7175e-15
9437.60156 1.7172e-15
9442.480149 1.7024e-15
9447.3587 1.7253e-15
9452.237215 1.7202e-15
9457.115692 1.7569e-15
9461.994132 1.7308e-15
9466.872534 1.6718e-15
9471.750899 1.7853e-15
9476.629226 1.7373e-15
9481.507515 1.7995e-15
9486.385766 1.8885e-15
9491.263979 1.8583e-15
9496.142154 1.8936e-15
9501.020291 1.8983e-15
9505.898389 1.859e-15
9510.776449 1.9127e-15
9515.65447 1.9382e-15
9520.532452 1.926e-15
9525.410396 2.0376e-15
9530.288301 1.9776e-15
9535.166166 1.9997e-15
9540.043992 1.9365e-15
9544.921779 2.0171e-15
9549.799527 1.9932e-15
9554.677235 1.9411e-15
9559.554904 1.9729e-15
9564.432532 2.1522e-15
9569.310121 2.0673e-15
9574.18767 2.042e-15
9579.065179 1.9861e-15
9583.942647 1.8865e-15
9588.820076 1.8261e-15
9593.697463 1.7911e-15
9598.574811 1.741e-15
9603.452117 1.7828e-15
9608.329383 1.8191e-15
9613.206608 1.8242e-15
9618.083792 1.9314e-15
9622.960935 1.9056e-15
9627.838036 1.9003e-15
9632.715097 1.8686e-15
9637.592116 1.8395e-15
9642.469093 1.7128e-15
9647.346028 1.7529e-15
9652.222922 1.8162e-15
9657.099774 1.7506e-15
9661.976584 1.8426e-15
9666.853352 1.9697e-15
9671.730078 1.9272e-15
9676.606761 1.8572e-15
9681.483401 1.8718e-15
9686.36 1.9165e-15
9691.236555 1.9078e-15
9696.113068 2.0129e-15
9700.989538 2.053e-15
9705.865964 2.1132e-15
9710.742348 2.0616e-15
9715.618688 2.0082e-15
9720.494985 2.1735e-15
9725.371239 2.1258e-15
9730.247449 2.0827e-15
9735.123615 2.1124e-15
9739.999737 2.1503e-15
9744.875816 2.1126e-15
9749.75185 1.9301e-15
9754.627841 2.1696e-15
9759.503787 2.1414e-15
9764.379688 2.2228e-15
9769.255546 2.1138e-15
9774.131358 2.1363e-15
9779.007126 2.1347e-15
9783.882849 2.1447e-15
9788.758527 2.1208e-15
9793.63416 2.2073e-15
9798.509748 2.3165e-15
9803.385291 2.2174e-15
9808.260788 2.3849e-15
9813.13624 2.2869e-15
9818.011646 2.3965e-15
9822.887006 2.2766e-15
9827.762321 2.0671e-15
9832.637589 2.1942e-15
9837.512812 2.2385e-15
9842.387988 2.2942e-15
9847.263118 2.2768e-15
9852.138202 2.2657e-15
9857.013239 2.309e-15
9861.888229 2.2703e-15
9866.763173 2.3032e-15
9871.63807 2.1394e-15
9876.51292 2.2457e-15
9881.387723 2.2745e-15
9886.262479 2.2076e-15
9891.137187 2.0431e-15
9896.011848 1.8188e-15
9900.886462 1.5281e-15
9905.761027 1.3303e-15
9910.635545 1.1774e-15
9915.510016 1.0929e-15
9920.384438 1.0296e-15
9925.258812 1.1307e-15
9930.133138 1.2039e-15
9935.007416 1.1353e-15
9939.881645 1.2386e-15
9944.755826 1.3374e-15
9949.629958 1.2542e-15
9954.504041 1.4666e-15
9959.378075 1.4046e-15
9964.252061 1.3103e-15
9969.125997 1.4014e-15
9973.999884 1.2683e-15
9978.873722 1.2961e-15
9983.747511 1.236e-15
9988.621249 1.2083e-15
9993.494939 1.2327e-15
9998.368578 1.338e-15
10003.242168 1.3757e-15
10008.115707 1.4737e-15
10012.989197 1.5663e-15
10017.862636 1.389e-15
10022.736025 1.5244e-15
10027.609363 1.4437e-15
10032.482651 1.5268e-15
10037.355888 1.6223e-15
10042.229075 1.496e-15
10047.10221 1.5841e-15
10056.0 1.4857e-15
10072.0 1.5789e-15
10088.0 1.7178e-15
10104.0 1.7608e-15
10120.0 1.7413e-15
10136.0 1.7086e-15
10152.0 1.7245e-15
10168.0 1.7494e-15
10184.0 1.7488e-15
10200.0 1.7451e-15
10216.0 1.742e-15
10232.0 1.7623e-15
10248.0 1.763e-15
10264.0 1.7393e-15
10280.0 1.7418e-15
10296.0 1.784e-15
10312.0 1.8671e-15
10328.0 1.9496e-15
10344.0 2.0298e-15
10360.0 2.1089e-15
10376.0 2.1234e-15
10392.0 2.1288e-15
10408.0 2.165e-15
10424.0 2.2445e-15
10440.0 2.3416e-15
10456.0 2.3537e-15
10472.0 2.3315e-15
10488.0 2.3204e-15
10504.0 2.2956e-15
10520.0 2.2939e-15
10536.0 2.3187e-15
10552.0 2.2699e-15
10568.0 2.2406e-15
10584.0 2.2452e-15
10600.0 2.2707e-15
10616.0 2.325e-15
10632.0 2.4192e-15
10648.0 2.4183e-15
10664.0 2.4e-15
10680.0 2.4472e-15
10696.0 2.4989e-15
10712.0 2.5504e-15
10728.0 2.6179e-15
10744.0 2.6702e-15
10760.0 2.7009e-15
10776.0 2.6558e-15
10792.0 2.662e-15
10808.0 2.719e-15
10824.0 2.8135e-15
10840.0 2.8899e-15
10856.0 2.9478e-15
10872.0 3.0034e-15
10888.0 3.0469e-15
10904.0 3.0767e-15
10920.0 3.0707e-15
10936.0 3.0748e-15
10952.0 3.123e-15
10968.0 3.1267e-15
10984.0 3.0906e-15
11000.0 3.0686e-15
11016.0 3.05e-15
11032.0 3.0259e-15
11048.0 2.9623e-15
11064.0 2.9433e-15
11080.0 2.9806e-15
11096.0 2.9408e-15
11112.0 2.9366e-15
11128.0 2.9928e-15
11144.0 3.0097e-15
11160.0 3.0081e-15
11176.0 2.983e-15
11192.0 3.0039e-15
11208.0 3.0338e-15
11224.0 3.0633e-15
11240.0 3.1041e-15
11250.0 3.0854e-15
11275.0 3.1056e-15
11300.0 3.0568e-15
11325.0 2.979e-15
11350.0 2.8315e-15
11375.0 2.6671e-15
11400.0 2.7154e-15
11425.0 2.8054e-15
11450.0 3.0018e-15
11475.0 3.1791e-15
11500.0 3.2268e-15
11525.0 3.2436e-15
11550.0 3.1258e-15
11575.0 3.0646e-15
11600.0 3.1441e-15
11625.0 3.1406e-15
11650.0 3.0457e-15
11675.0 2.9303e-15
11700.0 2.8115e-15
11725.0 2.7877e-15
11750.0 2.7811e-15
11775.0 2.7762e-15
11800.0 2.7937e-15
11825.0 2.9592e-15
11850.0 3.0989e-15
11875.0 3.1055e-15
11900.0 3.0865e-15
11925.0 3.0014e-15
11950.0 2.8825e-15
11975.0 2.72e-15
12000.0 2.6701e-15
12025.0 2.7122e-15
12050.0 2.8133e-15
12075.0 2.9415e-15
12100.0 2.9878e-15
12125.0 3.0142e-15
12150.0 3.1173e-15
12175.0 3.2226e-15
12200.0 3.2701e-15
12225.0 3.3223e-15
12250.0 3.4016e-15
12275.0 3.4482e-15
12300.0 3.4099e-15
12325.0 3.3548e-15
12350.0 3.282e-15
12375.0 3.1711e-15
12400.0 3.0285e-15
12425.0 2.9784e-15
12450.0 2.9752e-15
12475.0 3.0146e-15
12500.0 3.0643e-15
12525.0 3.1711e-15
12550.0 3.2877e-15
12575.0 3.4569e-15
12600.0 3.6024e-15
12625.0 3.6724e-15
12650.0 3.7367e-15
12675.0 3.7814e-15
12700.0 3.8263e-15
12725.0 3.8663e-15
12750.0 3.8798e-15
12775.0 3.88e-15
12800.0 3.8618e-15
12825.0 3.8362e-15
12850.0 3.8161e-15
12875.0 3.7978e-15
12900.0 3.7908e-15
12925.0 3.784e-15
12950.0 3.7853e-15
12975.0 3.7856e-15
13000.0 3.7741e-15
13025.0 3.7678e-15
13050.0 3.7748e-15
13075.0 3.7755e-15
13100.0 3.7654e-15
13125.0 3.7747e-15
13150.0 3.8005e-15
13175.0 3.8017e-15
13200.0 3.7935e-15
13225.0 3.7183e-15
13250.0 3.6291e-15
13275.0 3.3944e-15
13300.0 3.1442e-15
13325.0 2.8054e-15
13350.0 2.4944e-15
13375.0 2.2866e-15
13400.0 2.1182e-15
13425.0 2.0302e-15
13450.0 1.9588e-15
13475.0 1.9076e-15
13500.0 1.8399e-15
13525.0 1.7593e-15
13550.0 1.7354e-15
13575.0 1.7376e-15
13600.0 1.7716e-15
13625.0 1.8098e-15
13650.0 1.8279e-15
13675.0 1.8439e-15
13700.0 1.829e-15
13725.0 1.8165e-15
13750.0 1.8047e-15
13775.0 1.8108e-15
13800.0 1.8512e-15
13825.0 1.8794e-15
13850.0 1.892e-15
13875.0 1.8843e-15
13900.0 1.8621e-15
13925.0 1.8211e-15
13950.0 1.7748e-15
13975.0 1.744e-15
14000.0 1.7143e-15
14025.0 1.6957e-15
14050.0 1.6793e-15
14075.0 1.6633e-15
14100.0 1.6479e-15
14125.0 1.6359e-15
14150.0 1.626e-15
14175.0 1.6215e-15
14200.0 1.6193e-15
14225.0 1.6181e-15
14250.0 1.6086e-15
14275.0 1.5911e-15
14300.0 1.5871e-15
14325.0 1.5923e-15
14350.0 1.6074e-15
14375.0 1.624e-15
14400.0 1.6569e-15
14425.0 1.6878e-15
14450.0 1.7015e-15
14475.0 1.7196e-15
14500.0 1.751e-15
14525.0 1.7827e-15
14550.0 1.8071e-15
14575.0 1.8293e-15
14600.0 1.8522e-15
14625.0 1.8628e-15
14650.0 1.8654e-15
14675.0 1.8582e-15
14700.0 1.8494e-15
14725.0 1.8696e-15
14750.0 1.8917e-15
14775.0 1.898e-15
14800.0 1.9016e-15
14825.0 1.9144e-15
14850.0 1.932e-15
14875.0 1.9616e-15
14900.0 1.9905e-15
14925.0 2.0153e-15
14950.0 2.0395e-15
14975.0 2.0675e-15
15000.0 2.0923e-15
15025.0 2.1137e-15
15050.0 2.1362e-15
15075.0 2.1567e-15
15100.0 2.1787e-15
15125.0 2.1989e-15
15150.0 2.22e-15
15175.0 2.2486e-15
15200.0 2.3014e-15
15225.0 2.3446e-15
15250.0 2.3464e-15
15275.0 2.3567e-15
15300.0 2.3886e-15
15325.0 2.4206e-15
15350.0 2.4527e-15
15375.0 2.4776e-15
15400.0 2.4938e-15
15425.0 2.5123e-15
15450.0 2.5347e-15
15475.0 2.5801e-15
15500.0 2.6273e-15
15525.0 2.6518e-15
15550.0 2.6747e-15
15575.0 2.691e-15
15600.0 2.7047e-15
15625.0 2.7242e-15
15650.0 2.7447e-15
15675.0 2.7688e-15
15700.0 2.7852e-15
15725.0 2.801e-15
15750.0 2.8162e-15
15775.0 2.82e-15
15800.0 2.783e-15
15825.0 2.7384e-15
15850.0 2.7241e-15
15875.0 2.7239e-15
15900.0 2.7365e-15
15925.0 2.7509e-15
15950.0 2.7718e-15
15975.0 2.7986e-15
16000.0 2.8258e-15
16025.0 2.8336e-15
16050.0 2.8063e-15
16075.0 2.79e-15
16100.0 2.7811e-15
16125.0 2.7693e-15
16150.0 2.7623e-15
16175.0 2.7648e-15
16200.0 2.7676e-15
16225.0 2.7438e-15
16250.0 2.7108e-15
16275.0 2.7015e-15
16300.0 2.7156e-15
16325.0 2.7674e-15
16350.0 2.809e-15
16375.0 2.8111e-15
16400.0 2.8258e-15
16450.393 2.8741e-15
16490.39 2.8949e-15
16530.389 2.909e-15
16570.386 2.9191e-15
16610.382999999998 2.9143e-15
16650.381 2.9037e-15
16690.378 2.9015e-15
16730.375 2.9102e-15
16770.372 2.912e-15
16810.369 2.9167e-15
16850.368 2.9173e-15
16890.365 2.9115e-15
16930.362 2.8993e-15
16970.36 2.89e-15
17010.357 2.8794e-15
17050.354 2.8477e-15
17090.352 2.7951e-15
17130.349000000002 2.7245e-15
17170.346999999998 2.6476e-15
17210.344 2.5773e-15
17250.341 2.5148e-15
17290.339 2.4479e-15
17330.337 2.386e-15
17370.334 2.3222e-15
17410.331 2.2619e-15
17450.327999999998 2.2117e-15
17490.326 2.156e-15
17530.323 2.0895e-15
17570.32 2.027e-15
17610.319 1.9792e-15
17650.316 1.9298e-15
17690.313 1.8771e-15
17730.31 1.8236e-15
17770.307 1.7704e-15
17810.305 1.7163e-15
17850.302 1.6711e-15
17890.3 1.637e-15
17930.298 1.6086e-15
17970.295000000002 1.5776e-15
18010.292 1.5414e-15
18050.289 1.5116e-15
18090.286 1.4959e-15
18130.283 1.4887e-15
18170.280000000002 1.4708e-15
18210.279 1.4531e-15
18250.276 1.4407e-15
18290.272999999997 1.4356e-15
18330.271 1.4209e-15
18370.268 1.391e-15
18410.265 1.3598e-15
18450.263 1.3221e-15
18490.260000000002 1.2947e-15
18530.257999999998 1.262e-15
18570.255 1.2396e-15
18610.252 1.2308e-15
18650.25 1.257e-15
18690.248 1.2808e-15
18730.245000000003 1.3062e-15
18770.242 1.3318e-15
18810.239 1.3533e-15
18850.237 1.3734e-15
18890.234 1.352e-15
18905.246 1.4006e-15
18962.601 1.4306e-15
19019.958 1.4566e-15
19077.314000000002 1.4664e-15
19134.668999999998 1.4626e-15
19192.025999999998 1.4493e-15
19249.381999999998 1.4256e-15
19306.738 1.3934e-15
19364.094999999998 1.358e-15
19421.45 1.3375e-15
19478.806 1.328e-15
19536.163 1.3204e-15
19593.519 1.315e-15
19650.875 1.3071e-15
19708.23 1.2916e-15
19765.587 1.277e-15
19822.943 1.277e-15
19880.3 1.2849e-15
19937.656 1.2941e-15
19995.012000000002 1.3036e-15
20052.369 1.3145e-15
20109.723 1.3268e-15
20167.079 1.3411e-15
20224.435 1.3585e-15
20281.791999999998 1.3758e-15
20339.147999999997 1.3927e-15
20396.504 1.4124e-15
20453.861 1.4393e-15
20511.214999999997 1.4683e-15
20568.571000000004 1.493e-15
20625.927000000003 1.5149e-15
20683.284 1.5358e-15
20740.64 1.5528e-15
20797.997000000003 1.5715e-15
20855.353 1.5883e-15
20912.709 1.6043e-15
20970.066 1.6183e-15
21027.420000000002 1.6378e-15
21084.776 1.6615e-15
21142.132 1.6767e-15
21199.488999999998 1.6863e-15
21256.845 1.7006e-15
21314.201 1.7186e-15
21371.558 1.7309e-15
21428.914 1.743e-15
21486.269999999997 1.7541e-15
21543.624 1.7602e-15
21600.981 1.765e-15
21658.337 1.7623e-15
21715.693 1.7544e-15
21773.05 1.7461e-15
21830.406 1.7369e-15
21887.763 1.7241e-15
21945.119000000002 1.7119e-15
22002.475000000002 1.7024e-15
22059.828999999998 1.6911e-15
22117.186 1.6826e-15
22174.542 1.6799e-15
22231.898 1.6786e-15
22289.254999999997 1.6761e-15
22346.610999999997 1.6722e-15
22403.966999999997 1.6653e-15
22461.324 1.6557e-15
22518.68 1.6423e-15
22576.034 1.624e-15
22633.390000000003 1.6035e-15
22690.747 1.5761e-15
22748.103 1.552e-15
22805.459 1.5256e-15
22862.816000000003 1.4862e-15
22920.172000000002 1.427e-15
22977.529 1.3711e-15
23034.885 1.3422e-15
23092.239 1.3277e-15
23149.595 1.3112e-15
23206.951999999997 1.2879e-15
23264.307999999997 1.2656e-15
23321.664 1.2487e-15
23379.021 1.2414e-15
23436.377 1.2331e-15
23493.731000000003 1.2167e-15
23551.087000000003 1.1932e-15
23608.444 1.1696e-15
23665.8 1.1565e-15
23723.156 1.1462e-15
23780.513000000003 1.135e-15
23837.869 1.1222e-15
23895.226 1.1087e-15
23952.582 1.0937e-15
24009.938000000002 1.0754e-15
24067.295 1.0503e-15
24124.648999999998 1.0218e-15
24182.005 9.9618e-16
24239.361 9.7386e-16
24296.718 9.5274e-16
24354.074 9.3067e-16
24411.429999999997 9.0707e-16
24468.787 8.8524e-16
24526.141 8.6579e-16
24583.497 8.503e-16
24640.853 8.3908e-16
24698.21 8.2559e-16
24755.566 8.0375e-16
24812.922 7.8397e-16
24870.279000000002 7.5939e-16
24927.635000000002 7.3738e-16
24984.992 7.1275e-16
