wave flux
1148.5999755859375 1.2469794e-11
1149.800048828125 1.25693605e-11
1151.0 1.1587524e-11
1152.199951171875 1.1422699e-11
1153.4000244140625 1.1759203e-11
1154.5999755859375 1.1633468e-11
1155.800048828125 1.2654917e-11
1157.0 1.2709777e-11
1158.199951171875 1.2110368e-11
1159.199951171875 1.235974e-11
1160.4000244140625 1.2550273e-11
1161.5999755859375 1.3338067e-11
1162.800048828125 1.3080361e-11
1164.0 1.27886495e-11
1165.199951171875 1.20230405e-11
1166.4000244140625 1.1620004e-11
1167.5999755859375 1.1677483e-11
1168.800048828125 1.1588275e-11
1169.800048828125 1.1415981e-11
1171.0 1.1111311e-11
1172.199951171875 1.1554295e-11
1173.4000244140625 1.1283472e-11
1174.5999755859375 1.1172019e-11
1175.800048828125 1.146465e-11
1177.0 1.1495582e-11
1178.199951171875 1.1547839e-11
1179.4000244140625 1.16487054e-11
1180.5999755859375 1.16082465e-11
1181.5999755859375 1.1799051e-11
1182.800048828125 1.1485668e-11
1184.0 1.1501919e-11
1185.199951171875 1.1459245e-11
1186.4000244140625 1.114052e-11
1187.5999755859375 1.08974245e-11
1188.800048828125 1.0747518e-11
1190.0 1.0744931e-11
1191.199951171875 1.0407993e-11
1192.4000244140625 1.06176795e-11
1193.4000244140625 1.0360507e-11
1194.5999755859375 1.0133463e-11
1195.800048828125 9.923832e-12
1197.0 9.814071e-12
1198.199951171875 1.0043666e-11
1199.4000244140625 9.739925e-12
1200.5999755859375 9.610064e-12
1201.800048828125 9.950699e-12
1203.0 9.996116e-12
1204.199951171875 1.01156115e-11
1205.199951171875 9.740212e-12
1206.4000244140625 9.989379e-12
1207.5999755859375 9.2524755e-12
1208.800048828125 8.43353e-12
1210.0 8.20895e-12
1211.199951171875 7.516219e-12
1212.4000244140625 6.382203e-12
1213.5999755859375 5.4473023e-12
1214.800048828125 4.821644e-12
1216.0 5.3526476e-12
1217.0 6.4108805e-12
1218.199951171875 7.5035655e-12
1219.4000244140625 8.657794e-12
1220.5999755859375 9.070478e-12
1221.800048828125 9.31517e-12
1223.0 9.7064735e-12
1224.199951171875 9.947273e-12
1225.4000244140625 9.617044e-12
1226.5999755859375 9.4877725e-12
1227.800048828125 9.421809e-12
1228.800048828125 9.297198e-12
1230.0 9.014093e-12
1231.199951171875 8.74631e-12
1232.4000244140625 8.743153e-12
1233.5999755859375 8.503614e-12
1234.800048828125 8.72528e-12
1236.0 8.832637e-12
1237.199951171875 8.385565e-12
1238.4000244140625 8.284102e-12
1239.5999755859375 8.499284e-12
1240.5999755859375 8.388267e-12
1241.800048828125 8.006647e-12
1243.0 8.204741e-12
1244.199951171875 8.188181e-12
1245.4000244140625 8.416021e-12
1246.5999755859375 8.753204e-12
1247.800048828125 8.815396e-12
1249.0 8.236788e-12
1250.199951171875 7.868621e-12
1251.4000244140625 7.598739e-12
1252.4000244140625 7.6567684e-12
1253.5999755859375 7.6743585e-12
1254.800048828125 7.881034e-12
1256.0 8.084648e-12
1257.199951171875 7.869314e-12
1258.4000244140625 7.644834e-12
1259.5999755859375 7.65911e-12
1260.800048828125 8.086332e-12
1262.0 8.1720915e-12
1263.199951171875 8.175897e-12
1264.199951171875 8.0655465e-12
1265.4000244140625 7.770235e-12
1266.5999755859375 7.961926e-12
1267.800048828125 8.149455e-12
1269.0 8.059519e-12
1270.199951171875 8.221193e-12
1271.4000244140625 8.430225e-12
1272.5999755859375 8.530122e-12
1273.800048828125 8.7542916e-12
1275.0 8.601248e-12
1276.0 8.389227e-12
1277.199951171875 8.419063e-12
1278.4000244140625 8.298474e-12
1279.5999755859375 8.551165e-12
1280.800048828125 8.505934e-12
1282.0 8.4329314e-12
1283.199951171875 8.128237e-12
1284.4000244140625 8.159169e-12
1285.5999755859375 8.377249e-12
1286.800048828125 8.606795e-12
1287.800048828125 9.059308e-12
1289.0 9.547486e-12
1290.199951171875 9.5582795e-12
1291.4000244140625 9.562127e-12
1292.5999755859375 9.219895e-12
1293.800048828125 8.877849e-12
1295.0 8.773967e-12
1296.199951171875 8.6567645e-12
1297.4000244140625 8.754902e-12
1298.5999755859375 8.66575e-12
1299.5999755859375 8.292202e-12
1300.800048828125 8.06377e-12
1302.0 7.880261e-12
1303.199951171875 7.960941e-12
1304.4000244140625 7.687866e-12
1305.5999755859375 7.639949e-12
1306.800048828125 7.738104e-12
1308.0 7.582938e-12
1309.199951171875 7.543269e-12
1310.4000244140625 7.68587e-12
1311.4000244140625 7.540832e-12
1312.5999755859375 7.7714744e-12
1313.800048828125 7.8618076e-12
1315.0 7.737587e-12
1316.199951171875 7.790603e-12
1317.4000244140625 7.625333e-12
1318.5999755859375 7.6226785e-12
1319.800048828125 7.776354e-12
1321.0 7.877495e-12
1322.0 8.053323e-12
1323.199951171875 8.005598e-12
1324.4000244140625 8.050513e-12
1325.5999755859375 8.11284e-12
1326.800048828125 8.245204e-12
1328.0 8.101805e-12
1329.199951171875 8.136455e-12
1330.4000244140625 7.90222e-12
1331.5999755859375 7.780185e-12
1332.800048828125 7.749513e-12
1333.800048828125 7.471735e-12
1335.0 7.535603e-12
1336.199951171875 7.729765e-12
1337.4000244140625 7.92054e-12
1338.5999755859375 8.153106e-12
1339.800048828125 8.22288e-12
1341.0 8.3021975e-12
1342.199951171875 8.267173e-12
1343.4000244140625 8.297212e-12
1344.5999755859375 8.296264e-12
1345.5999755859375 8.514982e-12
1346.800048828125 8.1983136e-12
1348.0 8.256509e-12
1349.199951171875 8.059244e-12
1350.4000244140625 7.722229e-12
1351.5999755859375 8.031075e-12
1352.800048828125 8.175224e-12
1354.0 8.123323e-12
1355.199951171875 8.04275e-12
1356.4000244140625 8.076748e-12
1357.4000244140625 7.653342e-12
1358.5999755859375 7.671801e-12
1359.800048828125 7.531294e-12
1361.0 7.745755e-12
1362.199951171875 7.789664e-12
1363.4000244140625 7.727105e-12
1364.5999755859375 7.9351465e-12
1365.800048828125 8.298661e-12
1367.0 8.1334635e-12
1368.199951171875 8.144436e-12
1369.199951171875 7.996408e-12
1370.4000244140625 7.626313e-12
1371.5999755859375 7.443305e-12
1372.800048828125 7.3404295e-12
1374.0 7.205736e-12
1375.199951171875 7.2651377e-12
1376.4000244140625 7.429588e-12
1377.5999755859375 7.453289e-12
1378.800048828125 7.5333255e-12
1380.0 7.8200346e-12
1381.0 8.2307095e-12
1382.199951171875 8.229638e-12
1383.4000244140625 7.838495e-12
1384.5999755859375 7.800289e-12
1385.800048828125 7.628173e-12
1387.0 7.526592e-12
1388.199951171875 7.455209e-12
1389.4000244140625 7.488821e-12
1390.5999755859375 7.209927e-12
1391.800048828125 7.349522e-12
1392.800048828125 7.409649e-12
1394.0 7.325277e-12
1395.199951171875 7.527391e-12
1396.4000244140625 7.528476e-12
1397.5999755859375 7.463983e-12
1398.800048828125 7.686719e-12
1400.0 7.64035e-12
1401.199951171875 7.491596e-12
1402.4000244140625 7.2380465e-12
1403.5999755859375 7.201268e-12
1404.5999755859375 7.394328e-12
1405.800048828125 7.4179924e-12
1407.0 7.053567e-12
1408.199951171875 6.9574303e-12
1409.4000244140625 7.13547e-12
1410.5999755859375 7.28433e-12
1411.800048828125 7.521869e-12
1413.0 7.575529e-12
1414.199951171875 7.49972e-12
1415.4000244140625 7.562585e-12
1416.4000244140625 7.347955e-12
1417.5999755859375 7.1919584e-12
1418.800048828125 7.1390597e-12
1420.0 6.8944147e-12
1421.199951171875 7.1778148e-12
1422.4000244140625 7.485143e-12
1423.5999755859375 7.694039e-12
1424.800048828125 7.665644e-12
1426.0 7.761238e-12
1427.199951171875 7.540972e-12
1428.199951171875 7.1857884e-12
1429.4000244140625 7.275804e-12
1430.5999755859375 7.0305393e-12
1431.800048828125 7.090885e-12
1433.0 7.712942e-12
1434.199951171875 7.499739e-12
1435.4000244140625 7.4864195e-12
1436.5999755859375 7.3954e-12
1437.800048828125 7.276534e-12
1439.0 7.2059307e-12
1440.0 7.0560805e-12
1441.199951171875 6.9377898e-12
1442.4000244140625 7.161852e-12
1443.5999755859375 6.8301432e-12
1444.800048828125 6.6839134e-12
1446.0 6.7574097e-12
1447.199951171875 6.7723995e-12
1448.4000244140625 6.6037982e-12
1449.5999755859375 6.6420524e-12
1450.800048828125 6.7644766e-12
1451.800048828125 6.724281e-12
1453.0 6.4663856e-12
1454.199951171875 6.2435907e-12
1455.4000244140625 6.3459073e-12
1456.5999755859375 6.650868e-12
1457.800048828125 6.8080407e-12
1459.0 6.4773876e-12
1460.199951171875 6.5723963e-12
1461.4000244140625 6.614239e-12
1462.5999755859375 6.6501197e-12
1463.5999755859375 6.571141e-12
1464.800048828125 6.7800123e-12
1466.0 6.802332e-12
1467.199951171875 6.6131857e-12
1468.4000244140625 6.838257e-12
1469.5999755859375 6.835331e-12
1470.800048828125 6.7695662e-12
1472.0 6.7271765e-12
1473.199951171875 6.6622615e-12
1474.4000244140625 6.514835e-12
1475.4000244140625 6.4342845e-12
1476.5999755859375 6.5060305e-12
1477.800048828125 6.4438437e-12
1479.0 6.300205e-12
1480.199951171875 6.5905627e-12
1481.4000244140625 6.7678224e-12
1482.5999755859375 6.6321137e-12
1483.800048828125 6.5449673e-12
1485.0 6.486818e-12
1486.0 6.5353044e-12
1487.199951171875 6.488864e-12
1488.4000244140625 6.3391e-12
1489.5999755859375 6.3904684e-12
1490.800048828125 6.3559327e-12
1492.0 6.616914e-12
1493.199951171875 6.4908807e-12
1494.4000244140625 6.496434e-12
1495.5999755859375 6.5878015e-12
1496.800048828125 6.608156e-12
1497.800048828125 6.4286675e-12
1499.0 6.452875e-12
1500.199951171875 6.432034e-12
1501.4000244140625 6.2174697e-12
1502.5999755859375 6.1772054e-12
1503.800048828125 6.067574e-12
1505.0 6.136938e-12
1506.199951171875 6.1378784e-12
1507.4000244140625 6.086461e-12
1508.5999755859375 5.902738e-12
1509.5999755859375 5.9558205e-12
1510.800048828125 5.820017e-12
1512.0 5.8103054e-12
1513.199951171875 5.743119e-12
1514.4000244140625 5.597245e-12
1515.5999755859375 5.4776305e-12
1516.800048828125 5.5693722e-12
1518.0 5.875495e-12
1519.199951171875 6.018528e-12
1520.4000244140625 5.996752e-12
1521.4000244140625 5.993292e-12
1522.5999755859375 6.0432193e-12
1523.800048828125 5.8949495e-12
1525.0 5.857683e-12
1526.199951171875 5.782006e-12
1527.4000244140625 5.699507e-12
1528.5999755859375 5.814106e-12
1529.800048828125 6.0417e-12
1531.0 5.9624562e-12
1532.199951171875 5.9590306e-12
1533.199951171875 5.9536534e-12
1534.4000244140625 6.0949097e-12
1535.5999755859375 6.1342368e-12
1536.800048828125 6.0608684e-12
1538.0 6.134742e-12
1539.199951171875 6.1203e-12
1540.4000244140625 6.0673814e-12
1541.5999755859375 6.0174097e-12
1542.800048828125 5.9533966e-12
1544.0 5.9529777e-12
1545.0 5.6766688e-12
1546.199951171875 5.8046354e-12
1547.4000244140625 6.0517147e-12
1548.5999755859375 5.973087e-12
1549.800048828125 5.7601927e-12
1551.0 5.905943e-12
1552.199951171875 5.944111e-12
1553.4000244140625 5.9257807e-12
1554.5999755859375 5.8477455e-12
1555.800048828125 5.6950846e-12
1556.800048828125 5.6701e-12
1558.0 5.9041435e-12
1559.199951171875 5.9208506e-12
1560.4000244140625 5.8651044e-12
1561.5999755859375 5.958606e-12
1562.800048828125 5.964758e-12
1564.0 5.8547503e-12
1565.199951171875 5.8119633e-12
1566.4000244140625 6.0476294e-12
1567.5999755859375 5.97411e-12
1568.5999755859375 5.5654244e-12
1569.800048828125 5.7097044e-12
1571.0 5.9054276e-12
1572.199951171875 5.607015e-12
1573.4000244140625 5.7454493e-12
1574.5999755859375 5.7324223e-12
1575.800048828125 5.7954652e-12
1577.0 5.8897696e-12
1578.199951171875 5.878466e-12
1579.4000244140625 5.6415536e-12
1580.4000244140625 5.559412e-12
1581.5999755859375 5.5528928e-12
1582.800048828125 5.5541288e-12
1584.0 5.4998558e-12
1585.199951171875 5.4296884e-12
1586.4000244140625 5.444579e-12
1587.5999755859375 5.3802345e-12
1588.800048828125 5.317171e-12
1590.0 5.349105e-12
1591.199951171875 5.348014e-12
1592.199951171875 5.3063626e-12
1593.4000244140625 5.42256e-12
1594.5999755859375 5.4031137e-12
1595.800048828125 5.3558516e-12
1597.0 5.303444e-12
1598.199951171875 5.2686787e-12
1599.4000244140625 5.2679545e-12
1600.5999755859375 5.294898e-12
1601.800048828125 5.0997522e-12
1603.0 5.188624e-12
1604.0 5.3094577e-12
1605.199951171875 5.182678e-12
1606.4000244140625 5.1525993e-12
1607.5999755859375 5.195486e-12
1608.800048828125 5.0599915e-12
1610.0 4.991594e-12
1611.199951171875 5.118186e-12
1612.4000244140625 5.1597815e-12
1613.5999755859375 5.2828167e-12
1614.800048828125 5.2476877e-12
1615.800048828125 5.1207827e-12
1617.0 5.073401e-12
1618.199951171875 5.007427e-12
1619.4000244140625 5.2377985e-12
1620.5999755859375 5.392874e-12
1621.800048828125 5.2190925e-12
1623.0 5.0552405e-12
1624.199951171875 5.0984507e-12
1625.4000244140625 5.152131e-12
1626.5999755859375 5.1651665e-12
1627.5999755859375 5.2890843e-12
1628.800048828125 5.2732037e-12
1630.0 5.1358718e-12
1631.199951171875 5.0863654e-12
1632.4000244140625 5.06455e-12
1633.5999755859375 5.251438e-12
1634.800048828125 5.228336e-12
1636.0 5.080676e-12
1637.199951171875 4.8711807e-12
1638.4000244140625 4.883111e-12
1639.4000244140625 4.8007184e-12
1640.5999755859375 4.7212017e-12
1641.800048828125 4.7073847e-12
1643.0 4.677522e-12
1644.199951171875 4.779132e-12
1645.4000244140625 4.968967e-12
1646.5999755859375 5.0758564e-12
1647.800048828125 4.944858e-12
1649.0 4.96447e-12
1650.0 4.9517547e-12
1651.199951171875 4.9034964e-12
1652.4000244140625 4.9637005e-12
1653.5999755859375 4.8296775e-12
1654.800048828125 4.7781484e-12
1656.0 4.8461604e-12
1657.199951171875 4.917453e-12
1658.4000244140625 4.931224e-12
1659.5999755859375 4.919088e-12
1660.800048828125 4.8484866e-12
1661.800048828125 4.9077153e-12
1663.0 4.8596513e-12
1664.199951171875 4.840823e-12
1665.4000244140625 4.8994077e-12
1666.5999755859375 4.9153177e-12
1667.800048828125 4.799017e-12
1669.0 4.67055e-12
1670.199951171875 4.510921e-12
1671.4000244140625 4.5013173e-12
1672.5999755859375 4.6582118e-12
1673.5999755859375 4.6601932e-12
1674.800048828125 4.6270813e-12
1676.0 4.62413e-12
1677.199951171875 4.6668875e-12
1678.4000244140625 4.679521e-12
1679.5999755859375 4.6298083e-12
1680.800048828125 4.63023e-12
1682.0 4.5661756e-12
1683.199951171875 4.592213e-12
1684.4000244140625 4.7015113e-12
1685.30835 4.8013e-12
1686.679443 4.7978e-12
1688.050659 4.8243e-12
1689.421753 4.7796e-12
1690.792969 4.7981e-12
1692.164185 4.7668e-12
1693.5354 4.7128e-12
1694.906738 4.682e-12
1696.277954 4.6785e-12
1697.64917 4.656e-12
1699.020508 4.6592e-12
1700.391846 4.6552e-12
1701.763062 4.682e-12
1703.134399 4.6494e-12
1704.505737 4.6039e-12
1705.877075 4.5997e-12
1707.248535 4.5397e-12
1708.619873 4.5141e-12
1709.991333 4.4899e-12
1711.362671 4.4643e-12
1712.734131 4.5399e-12
1714.105591 4.5333e-12
1715.477051 4.4341e-12
1716.848511 4.3501e-12
1718.219971 4.3329e-12
1719.591431 4.4229e-12
1720.963013 4.4532e-12
1722.334473 4.3985e-12
1723.706055 4.3876e-12
1725.077637 4.388e-12
1726.449219 4.416e-12
1727.820801 4.3959e-12
1729.192383 4.3799e-12
1730.563965 4.3491e-12
1731.935547 4.3141e-12
1733.307251 4.3671e-12
1734.678833 4.3811e-12
1736.050537 4.3333e-12
1737.422241 4.2985e-12
1738.793945 4.2819e-12
1740.165649 4.2857e-12
1741.537354 4.2632e-12
1742.909058 4.2458e-12
1744.280762 4.1507e-12
1745.652588 4.1142e-12
1747.024292 4.199e-12
1748.396118 4.2204e-12
1749.767944 4.2173e-12
1751.139771 4.1816e-12
1752.511597 4.207e-12
1753.883423 4.2099e-12
1755.255249 4.1681e-12
1756.627075 4.1475e-12
1757.999023 4.1087e-12
1759.37085 4.1002e-12
1760.742798 4.0776e-12
1762.114746 4.0811e-12
1763.486694 4.0686e-12
1764.858643 4.06e-12
1766.230591 4.0787e-12
1767.602539 4.0578e-12
1768.974487 4.07e-12
1770.346436 4.0304e-12
1771.718506 4.0136e-12
1773.090576 4.0357e-12
1774.462524 4.0042e-12
1775.834595 3.9846e-12
1777.206665 3.9672e-12
1778.578735 3.9738e-12
1779.950806 3.9703e-12
1781.322876 3.9491e-12
1782.695068 3.9363e-12
1784.067139 3.9253e-12
1785.439209 3.9169e-12
1786.811401 3.9009e-12
1788.183594 3.9188e-12
1789.555786 3.8891e-12
1790.927979 3.87e-12
1792.300171 3.8613e-12
1793.672363 3.8457e-12
1795.044556 3.8368e-12
1796.416748 3.8165e-12
1797.789062 3.8041e-12
1799.161255 3.8174e-12
1800.533569 3.8033e-12
1801.905884 3.8246e-12
1803.278076 3.7909e-12
1804.650391 3.7472e-12
1806.022705 3.6795e-12
1807.39502 3.6464e-12
1808.767456 3.7062e-12
1810.139771 3.7126e-12
1811.512085 3.7048e-12
1812.884521 3.7144e-12
1814.256958 3.7163e-12
1815.629272 3.6826e-12
1817.001709 3.6759e-12
1818.374146 3.6589e-12
1819.746582 3.6707e-12
1821.119019 3.6558e-12
1822.491455 3.6453e-12
1823.863892 3.6455e-12
1825.23645 3.6334e-12
1826.608887 3.6005e-12
1827.981445 3.5817e-12
1829.354004 3.5821e-12
1830.72644 3.5792e-12
1832.098999 3.5738e-12
1833.471558 3.556e-12
1834.844116 3.5385e-12
1836.216675 3.498e-12
1837.589233 3.5083e-12
1838.961914 3.5244e-12
1840.334473 3.5224e-12
1841.707153 3.5286e-12
1843.079712 3.5047e-12
1844.452393 3.4679e-12
1845.825073 3.437e-12
1847.197632 3.425e-12
1848.570312 3.3959e-12
1849.942993 3.3553e-12
1851.315796 3.3394e-12
1852.688477 3.3288e-12
1854.061157 3.3247e-12
1855.433838 3.3468e-12
1856.806641 3.3392e-12
1858.179443 3.343e-12
1859.552124 3.3439e-12
1860.924927 3.3195e-12
1862.297729 3.3158e-12
1863.670532 3.3066e-12
1865.043335 3.3015e-12
1866.416138 3.2987e-12
1867.78894 3.292e-12
1869.161743 3.2942e-12
1870.534668 3.2895e-12
1871.907471 3.2799e-12
1873.280396 3.2811e-12
1874.653198 3.2834e-12
1876.026123 3.2444e-12
1877.399048 3.2412e-12
1878.771973 3.2374e-12
1880.144775 3.2312e-12
1881.5177 3.2341e-12
1882.890747 3.2275e-12
1884.263672 3.2214e-12
1885.636597 3.2157e-12
1887.009521 3.2104e-12
1888.382568 3.2e-12
1889.755493 3.1847e-12
1891.12854 3.1714e-12
1892.501587 3.1646e-12
1893.874634 3.1546e-12
1895.247559 3.1471e-12
1896.620605 3.1374e-12
1897.993652 3.1219e-12
1899.366699 3.1107e-12
1900.739868 3.0965e-12
1902.112915 3.0997e-12
1903.485962 3.0906e-12
1904.859131 3.0948e-12
1906.232178 3.0869e-12
1907.605347 3.065e-12
1908.978394 3.0531e-12
1910.351562 3.0512e-12
1911.724731 3.0593e-12
1913.0979 3.0738e-12
1914.471069 3.0477e-12
1915.844238 3.0353e-12
1917.217407 3.0318e-12
1918.590576 3.0333e-12
1919.963867 3.0126e-12
1921.337036 3.0017e-12
1922.710205 2.9822e-12
1924.083496 2.9851e-12
1925.456665 2.9799e-12
1926.829956 2.9597e-12
1928.203247 2.9264e-12
1929.576538 2.9248e-12
1930.949707 2.9455e-12
1932.322998 2.9441e-12
1933.696289 2.9327e-12
1935.069702 2.9258e-12
1936.442993 2.9101e-12
1937.816284 2.8993e-12
1939.189575 2.8913e-12
1940.562988 2.8827e-12
1941.936279 2.883e-12
1943.309692 2.8773e-12
1944.682983 2.8686e-12
1946.056396 2.8561e-12
1947.42981 2.8616e-12
1948.803223 2.8357e-12
1950.176636 2.8159e-12
1951.550049 2.8322e-12
1952.923462 2.8243e-12
1954.296875 2.8255e-12
1955.670288 2.8121e-12
1957.043701 2.8123e-12
1958.417236 2.8047e-12
1959.790649 2.7993e-12
1961.164062 2.7914e-12
1962.537598 2.7779e-12
1963.911011 2.7744e-12
1965.284546 2.757e-12
1966.658081 2.7495e-12
1968.031616 2.7445e-12
1969.405151 2.7375e-12
1970.778687 2.7299e-12
1972.152222 2.724e-12
1973.525757 2.7059e-12
1974.899292 2.6942e-12
1976.272827 2.7096e-12
1977.646362 2.6949e-12
1979.02002 2.6816e-12
1980.393555 2.6732e-12
1981.76709 2.6779e-12
1983.140747 2.671e-12
1984.514404 2.6712e-12
1985.887939 2.6611e-12
1987.261597 2.6411e-12
1988.635254 2.6331e-12
1990.008911 2.6275e-12
1991.382446 2.6057e-12
1992.756104 2.5822e-12
1994.129761 2.6058e-12
1995.50354 2.6148e-12
1996.877197 2.6025e-12
1998.250854 2.5993e-12
1999.624512 2.595e-12
2000.998291 2.5881e-12
2002.371948 2.5871e-12
2003.745605 2.5755e-12
2005.119385 2.5476e-12
2006.493164 2.5458e-12
2007.866821 2.548e-12
2009.240601 2.5529e-12
2010.61438 2.5448e-12
2011.988159 2.5378e-12
2013.361816 2.5332e-12
2014.735596 2.5274e-12
2016.109375 2.5226e-12
2017.483154 2.5109e-12
2018.857056 2.5036e-12
2020.230835 2.5078e-12
2021.604614 2.4935e-12
2022.978394 2.4894e-12
2024.352295 2.468e-12
2025.726074 2.4337e-12
2027.099854 2.4503e-12
2028.473755 2.4671e-12
2029.847656 2.4603e-12
2031.221436 2.4557e-12
2032.595337 2.4541e-12
2033.969238 2.4445e-12
2035.343018 2.424e-12
2036.716919 2.3983e-12
2038.09082 2.3923e-12
2039.464722 2.403e-12
2040.838623 2.3938e-12
2042.212524 2.3807e-12
2043.586426 2.3621e-12
2044.960449 2.3471e-12
2046.334351 2.3375e-12
2047.708252 2.3202e-12
2049.082275 2.3208e-12
2050.456055 2.3133e-12
2051.830078 2.3042e-12
2053.204102 2.2946e-12
2054.578125 2.288e-12
2055.951904 2.2931e-12
2057.325928 2.2948e-12
2058.699951 2.2959e-12
2060.073975 2.2921e-12
2061.447998 2.2942e-12
2062.822021 2.2846e-12
2064.196045 2.2937e-12
2065.570068 2.2868e-12
2066.944092 2.2701e-12
2068.318115 2.2547e-12
2069.692139 2.2564e-12
2071.066162 2.2631e-12
2072.440186 2.2668e-12
2073.814209 2.2538e-12
2075.188232 2.239e-12
2076.562256 2.2454e-12
2077.936279 2.2334e-12
2079.310547 2.2126e-12
2080.68457 2.2045e-12
2082.058594 2.1996e-12
2083.432617 2.2092e-12
2084.806885 2.2072e-12
2086.180908 2.2064e-12
2087.554932 2.208e-12
2088.929199 2.2027e-12
2090.303223 2.198e-12
2091.677246 2.1917e-12
2093.051514 2.1783e-12
2094.425537 2.1848e-12
2095.799805 2.1825e-12
2097.173828 2.1712e-12
2098.548096 2.1541e-12
2099.922119 2.148e-12
2101.296387 2.1329e-12
2102.67041 2.129e-12
2104.044678 2.1336e-12
2105.418945 2.1371e-12
2106.792969 2.1372e-12
2108.167236 2.1366e-12
2109.541504 2.1358e-12
2110.915527 2.1275e-12
2112.289795 2.1225e-12
2113.664062 2.1177e-12
2115.03833 2.1034e-12
2116.412354 2.0923e-12
2117.786621 2.0952e-12
2119.160889 2.0877e-12
2120.535156 2.0815e-12
2121.909424 2.081e-12
2123.283691 2.0772e-12
2124.657715 2.066e-12
2126.031982 2.0665e-12
2127.40625 2.0618e-12
2128.780518 2.0598e-12
2130.154785 2.0556e-12
2131.529053 2.0477e-12
2132.90332 2.0495e-12
2134.277588 2.0449e-12
2135.651855 2.0331e-12
2137.026123 2.0294e-12
2138.400391 2.0295e-12
2139.774902 2.0216e-12
2141.14917 2.0145e-12
2142.523438 2.0127e-12
2143.897705 2.0066e-12
2145.271973 1.9958e-12
2146.64624 1.9849e-12
2148.020508 1.9838e-12
2149.39502 1.9814e-12
2150.769287 1.9806e-12
2152.143555 1.9831e-12
2153.517822 1.98e-12
2154.892334 1.9699e-12
2156.266602 1.9656e-12
2157.640869 1.9587e-12
2159.015381 1.9523e-12
2160.389648 1.9465e-12
2161.763916 1.9463e-12
2163.138428 1.9453e-12
2164.512695 1.9449e-12
2165.886963 1.9411e-12
2167.261475 1.9319e-12
2168.635742 1.9277e-12
2170.010254 1.9232e-12
2171.384521 1.9128e-12
2172.759033 1.9095e-12
2174.133301 1.9078e-12
2175.507812 1.9e-12
2176.88208 1.8952e-12
2178.256592 1.8923e-12
2179.630859 1.8904e-12
2181.005371 1.8836e-12
2182.379639 1.8849e-12
2183.75415 1.8801e-12
2185.128418 1.8785e-12
2186.50293 1.8737e-12
2187.877441 1.8667e-12
2189.251709 1.8578e-12
2190.626221 1.8529e-12
2192.000732 1.851e-12
2193.375 1.8453e-12
2194.749512 1.8395e-12
2196.124023 1.8351e-12
2197.498291 1.8198e-12
2198.872803 1.8171e-12
2200.247314 1.8144e-12
2201.621826 1.8156e-12
2202.996094 1.8146e-12
2204.370605 1.8084e-12
2205.745117 1.8014e-12
2207.119629 1.7956e-12
2208.493896 1.7919e-12
2209.868408 1.7886e-12
2211.24292 1.7797e-12
2212.617432 1.7648e-12
2213.991943 1.7509e-12
2215.366455 1.7427e-12
2216.740723 1.7463e-12
2218.115234 1.7499e-12
2219.489746 1.7552e-12
2220.864258 1.752e-12
2222.23877 1.7439e-12
2223.613281 1.7389e-12
2224.987793 1.7352e-12
2226.362305 1.7272e-12
2227.736816 1.7216e-12
2229.111328 1.7145e-12
2230.485596 1.7145e-12
2231.860107 1.7172e-12
2233.234619 1.711e-12
2234.609131 1.7049e-12
2235.983643 1.7088e-12
2237.358154 1.7073e-12
2238.732666 1.7048e-12
2240.107178 1.7032e-12
2241.481689 1.7045e-12
2242.856201 1.7012e-12
2244.230713 1.6931e-12
2245.605225 1.6882e-12
2246.979736 1.6807e-12
2248.354492 1.6632e-12
2249.729004 1.6483e-12
2251.103516 1.6468e-12
2252.478027 1.6364e-12
2253.852539 1.6355e-12
2255.227051 1.642e-12
2256.601562 1.6477e-12
2257.976074 1.6452e-12
2259.350586 1.6349e-12
2260.725098 1.6332e-12
2262.099609 1.6358e-12
2263.474121 1.6385e-12
2264.848877 1.6379e-12
2266.223389 1.6305e-12
2267.5979 1.633e-12
2268.972412 1.6316e-12
2270.346924 1.6223e-12
2271.721436 1.6212e-12
2273.095947 1.6186e-12
2274.470703 1.6144e-12
2275.845215 1.6057e-12
2277.219727 1.604e-12
2278.594238 1.6036e-12
2279.96875 1.5917e-12
2281.343262 1.5918e-12
2282.718018 1.5954e-12
2284.092529 1.5922e-12
2285.467041 1.5882e-12
2286.841553 1.5818e-12
2288.216064 1.5808e-12
2289.59082 1.5806e-12
2290.965332 1.575e-12
2292.339844 1.5726e-12
2293.714355 1.5695e-12
2295.088867 1.5664e-12
2296.463623 1.5671e-12
2297.838135 1.5637e-12
2299.212646 1.5621e-12
2300.587158 1.5608e-12
2301.96167 1.5582e-12
2303.336426 1.5529e-12
2304.710938 1.5474e-12
2306.085449 1.5415e-12
2307.459961 1.5399e-12
2308.834717 1.5377e-12
2310.209229 1.5378e-12
2311.58374 1.5377e-12
2312.958252 1.5335e-12
2314.332764 1.5325e-12
2315.70752 1.5291e-12
2317.082031 1.5221e-12
2318.456543 1.5196e-12
2319.831055 1.5153e-12
2321.205811 1.5096e-12
2322.580322 1.5058e-12
2323.954834 1.5072e-12
2325.329346 1.5032e-12
2326.703857 1.4965e-12
2328.078613 1.4888e-12
2329.453125 1.4857e-12
2330.827637 1.4864e-12
2332.202148 1.4875e-12
2333.576904 1.4799e-12
2334.951416 1.4747e-12
2336.325928 1.4723e-12
2337.700439 1.4716e-12
2339.074951 1.4692e-12
2340.449707 1.4574e-12
2341.824219 1.4255e-12
2343.19873 1.3602e-12
2344.573242 1.3708e-12
2345.947998 1.4191e-12
2347.32251 1.4359e-12
2348.697021 1.439e-12
2350.071533 1.4382e-12
2351.446045 1.433e-12
2352.820801 1.4318e-12
2354.195312 1.4354e-12
2355.569824 1.4317e-12
2356.944336 1.4237e-12
2358.318848 1.4244e-12
2359.693359 1.4201e-12
2361.068115 1.4173e-12
2362.442627 1.4166e-12
2363.817139 1.4122e-12
2365.19165 1.4143e-12
2366.566162 1.4142e-12
2367.940674 1.4089e-12
2369.31543 1.4011e-12
2370.689941 1.3938e-12
2372.064453 1.3738e-12
2373.438965 1.3394e-12
2374.813477 1.3398e-12
2376.187988 1.3698e-12
2377.5625 1.3707e-12
2378.937012 1.3599e-12
2380.311523 1.3312e-12
2381.686279 1.2657e-12
2383.060791 1.272e-12
2384.435303 1.332e-12
2385.809814 1.3475e-12
2387.184326 1.3519e-12
2388.558838 1.3546e-12
2389.93335 1.3551e-12
2391.307861 1.3489e-12
2392.682373 1.3386e-12
2394.056885 1.3356e-12
2395.431396 1.3356e-12
2396.805908 1.3356e-12
2398.18042 1.3306e-12
2399.554932 1.3315e-12
2400.929443 1.3318e-12
2402.303955 1.3275e-12
2403.678467 1.32e-12
2405.052979 1.3209e-12
2406.42749 1.3174e-12
2407.802002 1.3119e-12
2409.176514 1.3091e-12
2410.551025 1.3058e-12
2411.925537 1.3062e-12
2413.300049 1.3049e-12
2414.674561 1.2972e-12
2416.049072 1.2952e-12
2417.423584 1.2973e-12
2418.797852 1.292e-12
2420.172363 1.2853e-12
2421.546875 1.2825e-12
2422.921387 1.2781e-12
2424.295898 1.2738e-12
2425.67041 1.2748e-12
2427.044922 1.2761e-12
2428.419189 1.2752e-12
2429.793701 1.2691e-12
2431.168213 1.2592e-12
2432.542725 1.2577e-12
2433.917236 1.2586e-12
2435.291504 1.2608e-12
2436.666016 1.2625e-12
2438.040527 1.2626e-12
2439.415039 1.2582e-12
2440.789307 1.2465e-12
2442.163818 1.2414e-12
2443.53833 1.241e-12
2444.912598 1.2426e-12
2446.287109 1.2426e-12
2447.661621 1.2418e-12
2449.035889 1.2406e-12
2450.4104 1.2335e-12
2451.784912 1.2285e-12
2453.15918 1.2254e-12
2454.533691 1.2226e-12
2455.907959 1.2161e-12
2457.282471 1.216e-12
2458.656738 1.2164e-12
2460.03125 1.2152e-12
2461.405762 1.2177e-12
2462.780029 1.2175e-12
2464.154541 1.2153e-12
2465.528809 1.2062e-12
2466.90332 1.1984e-12
2468.277588 1.1978e-12
2469.651855 1.1954e-12
2471.026367 1.1994e-12
2472.400635 1.1971e-12
2473.775146 1.198e-12
2475.149414 1.1972e-12
2476.523682 1.1952e-12
2477.898193 1.194e-12
2479.272461 1.1941e-12
2480.646729 1.1878e-12
2482.02124 1.1849e-12
2483.395508 1.1802e-12
2484.769775 1.1799e-12
2486.144287 1.1769e-12
2487.518555 1.1735e-12
2488.892822 1.1717e-12
2490.26709 1.1667e-12
2491.641602 1.168e-12
2493.015869 1.165e-12
2494.390137 1.162e-12
2495.764404 1.1584e-12
2497.138672 1.158e-12
2498.512939 1.1587e-12
2499.887207 1.1534e-12
2501.261475 1.1538e-12
2502.635986 1.1531e-12
2504.010254 1.1483e-12
2505.384521 1.1483e-12
2506.758789 1.1446e-12
2508.133057 1.1395e-12
2509.507324 1.1305e-12
2510.881592 1.125e-12
2512.255615 1.1247e-12
2513.629883 1.1255e-12
2515.00415 1.125e-12
2516.378418 1.1255e-12
2517.752686 1.1217e-12
2519.126953 1.1223e-12
2520.501221 1.1232e-12
2521.875488 1.1201e-12
2523.249512 1.1133e-12
2524.623779 1.114e-12
2525.998047 1.1151e-12
2527.372314 1.1115e-12
2528.746338 1.1115e-12
2530.120605 1.1104e-12
2531.494873 1.104e-12
2532.868896 1.1031e-12
2534.243164 1.1038e-12
2535.617188 1.1024e-12
2536.991455 1.1001e-12
2538.365723 1.0975e-12
2539.739746 1.0945e-12
2541.114014 1.0881e-12
2542.488037 1.0854e-12
2543.862305 1.0854e-12
2545.236328 1.0799e-12
2546.610596 1.08e-12
2547.984619 1.0737e-12
2549.358643 1.0716e-12
2550.73291 1.0763e-12
2552.106934 1.0719e-12
2553.480957 1.069e-12
2554.855225 1.0684e-12
2556.229248 1.0668e-12
2557.603271 1.0646e-12
2558.977295 1.0619e-12
2560.351562 1.0583e-12
2561.725586 1.0544e-12
2563.099609 1.0524e-12
2564.473633 1.0503e-12
2565.847656 1.0494e-12
2567.22168 1.0429e-12
2568.595703 1.0425e-12
2569.969727 1.0415e-12
2571.343994 1.0396e-12
2572.718018 1.0378e-12
2574.091797 1.0342e-12
2575.46582 1.0235e-12
2576.839844 1.0169e-12
2578.213867 1.0261e-12
2579.587891 1.027e-12
2580.961914 1.0225e-12
2582.335938 1.0189e-12
2583.709961 1.0093e-12
2585.08374 9.7227e-13
2586.457764 9.3407e-13
2587.831787 9.6746e-13
2589.205811 1.0012e-12
2590.57959 1.0083e-12
2591.953613 1.0055e-12
2593.327393 9.9832e-13
2594.701416 9.9936e-13
2596.075439 9.9831e-13
2597.449219 9.8547e-13
2598.823242 9.3675e-13
2600.197021 9.2216e-13
2601.571045 9.7152e-13
2602.944824 9.8857e-13
2604.318604 9.8888e-13
2605.692627 9.849e-13
2607.066406 9.8757e-13
2608.44043 9.9006e-13
2609.814209 9.91e-13
2611.187988 9.9025e-13
2612.561768 9.8851e-13
2613.935791 9.8212e-13
2615.30957 9.8029e-13
2616.68335 9.77e-13
2618.057129 9.635e-13
2619.430908 9.5771e-13
2620.804688 9.679e-13
2622.178467 9.6614e-13
2623.552246 9.6538e-13
2624.926025 9.6728e-13
2626.299805 9.6683e-13
2627.673584 9.6272e-13
2629.047363 9.5908e-13
2630.421143 9.5837e-13
2631.794922 9.5835e-13
2633.168457 9.5384e-13
2634.542236 9.5053e-13
2635.916016 9.4592e-13
2637.289795 9.3928e-13
2638.66333 9.3266e-13
2640.037109 9.3546e-13
2641.410889 9.3936e-13
2642.784424 9.3561e-13
2644.158203 9.4021e-13
2645.531738 9.4169e-13
2646.905518 9.3905e-13
2648.279053 9.36e-13
2649.652832 9.3448e-13
2651.026367 9.3182e-13
2652.400146 9.2869e-13
2653.773682 9.2753e-13
2655.147217 9.2544e-13
2656.520752 9.2294e-13
2657.894531 9.2235e-13
2659.268066 9.2095e-13
2660.641602 9.1306e-13
2662.015137 9.1038e-13
2663.388672 9.0941e-13
2664.762207 9.0862e-13
2666.135742 9.0986e-13
2667.509277 9.0882e-13
2668.882812 9.0666e-13
2670.256348 9.0662e-13
2671.629883 9.0462e-13
2673.003418 9.0047e-13
2674.376953 8.9724e-13
2675.750488 8.983e-13
2677.124023 8.95e-13
2678.497314 8.9326e-13
2679.87085 8.9465e-13
2681.244385 8.9314e-13
2682.617676 8.914e-13
2683.991211 8.9126e-13
2685.364746 8.8724e-13
2686.738037 8.864e-13
2688.111572 8.8713e-13
2689.484863 8.8599e-13
2690.858154 8.8204e-13
2692.231689 8.7986e-13
2693.60498 8.7998e-13
2694.978516 8.7613e-13
2696.351807 8.7373e-13
2697.725098 8.7023e-13
2699.098389 8.6632e-13
2700.47168 8.6783e-13
2701.845215 8.703e-13
2703.218506 8.6669e-13
2704.591797 8.6606e-13
2705.965088 8.6156e-13
2707.338379 8.6263e-13
2708.71167 8.5792e-13
2710.084961 8.5688e-13
2711.458252 8.5566e-13
2712.831299 8.5271e-13
2714.20459 8.5293e-13
2715.577881 8.5085e-13
2716.951172 8.4735e-13
2718.324219 8.4555e-13
2719.69751 8.4298e-13
2721.070801 8.4368e-13
2722.443848 8.4313e-13
2723.817139 8.418e-13
2725.190186 8.4009e-13
2726.563477 8.3812e-13
2727.936523 8.345e-13
2729.30957 8.333e-13
2730.682861 8.2895e-13
2732.055908 8.1978e-13
2733.428955 8.1382e-13
2734.802246 8.1452e-13
2736.175293 8.201e-13
2737.54834 8.2035e-13
2738.921387 8.162e-13
2740.294434 8.1975e-13
2741.66748 8.2136e-13
2743.040527 8.1536e-13
2744.413574 8.1271e-13
2745.786621 8.1108e-13
2747.159668 8.0883e-13
2748.532715 8.0505e-13
2749.905518 8.0505e-13
2751.278564 8.0809e-13
2752.651611 8.0809e-13
2754.024414 8.0509e-13
2755.397461 8.0559e-13
2756.770508 8.0257e-13
2758.143311 7.9753e-13
2759.516357 7.9606e-13
2760.88916 7.9484e-13
2762.262207 7.9499e-13
2763.63501 7.9686e-13
2765.007812 7.9202e-13
2766.380615 7.9052e-13
2767.753662 7.8787e-13
2769.126465 7.8546e-13
2770.499268 7.8276e-13
2771.87207 7.8426e-13
2773.244873 7.8503e-13
2774.617676 7.832e-13
2775.990479 7.8058e-13
2777.363281 7.7884e-13
2778.736084 7.7825e-13
2780.108887 7.777e-13
2781.481689 7.7816e-13
2782.854248 7.7589e-13
2784.227051 7.7316e-13
2785.599854 7.7066e-13
2786.972412 7.6945e-13
2788.345215 7.6706e-13
2789.718018 7.641e-13
2791.090576 7.6091e-13
2792.463135 7.5386e-13
2793.835938 7.3264e-13
2795.208496 6.844e-13
2796.581055 6.884e-13
2797.953857 7.3379e-13
2799.326416 7.4296e-13
2800.698975 7.3082e-13
2802.071533 6.872e-13
2803.444092 6.7414e-13
2804.81665 7.2689e-13
2806.189209 7.465e-13
2807.561768 7.4921e-13
2808.934326 7.457e-13
2810.306885 7.4457e-13
2811.679443 7.452e-13
2813.052002 7.4351e-13
2814.424316 7.4264e-13
2815.796875 7.42e-13
2817.169189 7.4141e-13
2818.541748 7.3852e-13
2819.914307 7.3715e-13
2821.286621 7.3819e-13
2822.658936 7.3734e-13
2824.031494 7.375e-13
2825.403809 7.3687e-13
2826.776123 7.3031e-13
2828.148682 7.2839e-13
2829.520996 7.2947e-13
2830.893311 7.2841e-13
2832.265625 7.2568e-13
2833.637939 7.2445e-13
2835.010254 7.2427e-13
2836.382568 7.2394e-13
2837.754883 7.2045e-13
2839.127197 7.2171e-13
2840.499268 7.1915e-13
2841.871582 7.1425e-13
2843.243896 7.138e-13
2844.615967 7.1279e-13
2845.988281 7.1334e-13
2847.360596 7.1329e-13
2848.732666 7.1274e-13
2850.104736 7.0579e-13
2851.477051 6.8461e-13
2852.849121 6.7836e-13
2854.221191 6.9643e-13
2855.593506 7.0311e-13
2856.965576 7.0341e-13
2858.337646 7.0366e-13
2859.709717 7.0149e-13
2861.081787 7.0156e-13
2862.453857 7.0217e-13
2863.825928 7.0083e-13
2865.197998 6.9774e-13
2866.570068 6.9725e-13
2867.941895 6.9646e-13
2869.313965 6.9547e-13
2870.686035 6.9198e-13
2872.057861 6.925e-13
2873.429932 6.9183e-13
2874.801758 6.8778e-13
2876.173828 6.8694e-13
2877.545654 6.8789e-13
2878.91748 6.8664e-13
2880.289551 6.8516e-13
2881.661377 6.8298e-13
2883.033203 6.7968e-13
2884.405029 6.786e-13
2885.776855 6.8062e-13
2887.148682 6.7849e-13
2888.520508 6.7689e-13
2889.892334 6.7258e-13
2891.26416 6.6966e-13
2892.635986 6.6964e-13
2894.007812 6.7011e-13
2895.379395 6.6998e-13
2896.751221 6.6752e-13
2898.122803 6.6712e-13
2899.494629 6.6825e-13
2900.866211 6.667e-13
2902.238037 6.6575e-13
2903.609619 6.6151e-13
2904.981445 6.6278e-13
2906.353027 6.6334e-13
2907.724609 6.6266e-13
2909.096191 6.6019e-13
2910.467773 6.5954e-13
2911.839355 6.5749e-13
2913.210938 6.5635e-13
2914.58252 6.5446e-13
2915.954102 6.5238e-13
2917.325684 6.5086e-13
2918.697021 6.4974e-13
2920.068604 6.5033e-13
2921.440186 6.4805e-13
2922.811523 6.4693e-13
2924.183105 6.4666e-13
2925.554443 6.4711e-13
2926.926025 6.4642e-13
2928.297363 6.4391e-13
2929.668701 6.4155e-13
2931.040039 6.417e-13
2932.411621 6.4225e-13
2933.782959 6.3971e-13
2935.154297 6.3917e-13
2936.525635 6.3609e-13
2937.896973 6.3347e-13
2939.268066 6.3217e-13
2940.639404 6.3207e-13
2942.010742 6.304e-13
2943.38208 6.2707e-13
2944.753174 6.2815e-13
2946.124512 6.2563e-13
2947.495605 6.2315e-13
2948.866943 6.201e-13
2950.238037 6.1717e-13
2951.609375 6.1682e-13
2952.980469 6.1427e-13
2954.351562 6.115e-13
2955.722656 6.1132e-13
2957.09375 6.1062e-13
2958.464844 6.0883e-13
2959.835938 6.0636e-13
2961.207031 6.0537e-13
2962.578125 6.0771e-13
2963.949219 6.079e-13
2965.320068 6.0733e-13
2966.691162 6.0963e-13
2968.062256 6.0819e-13
2969.433105 6.082e-13
2970.804199 6.081e-13
2972.175049 6.0625e-13
2973.545898 6.0412e-13
2974.916992 6.0445e-13
2976.287842 6.0325e-13
2977.658691 5.9872e-13
2979.029541 6.0105e-13
2980.400391 6.0014e-13
2981.77124 5.9841e-13
2983.14209 5.9521e-13
2984.512939 5.9636e-13
2985.883789 5.9751e-13
2987.254395 5.9617e-13
2988.625244 5.9526e-13
2989.996094 5.9359e-13
2991.366699 5.9188e-13
2992.737549 5.8911e-13
2994.108154 5.8794e-13
2995.47876 5.8802e-13
2996.849609 5.8796e-13
2998.220215 5.8817e-13
2999.59082 5.8638e-13
3000.961426 5.8702e-13
3002.332031 5.8686e-13
3003.702637 5.8422e-13
3005.073242 5.844e-13
3006.443848 5.8349e-13
3007.814209 5.8298e-13
3009.184814 5.8059e-13
3010.55542 5.8048e-13
3011.925781 5.7928e-13
3013.296387 5.7884e-13
3014.666748 5.7881e-13
3016.037354 5.7826e-13
3017.407715 5.7484e-13
3018.778076 5.7369e-13
3020.148438 5.7246e-13
3021.518799 5.7064e-13
3022.88916 5.6903e-13
3024.259521 5.6933e-13
3025.629883 5.6864e-13
3027.000244 5.6784e-13
3028.370605 5.6948e-13
3029.740723 5.6743e-13
3031.111084 5.6613e-13
3032.481445 5.635e-13
3033.851562 5.6209e-13
3035.22168 5.615e-13
3036.592041 5.6125e-13
3037.962158 5.6106e-13
3039.332275 5.6133e-13
3040.702393 5.5982e-13
3042.07251 5.592e-13
3043.442627 5.5561e-13
3044.812744 5.5537e-13
3046.182861 5.561e-13
3047.552979 5.5391e-13
3048.923096 5.5211e-13
3050.292969 5.5229e-13
3051.663086 5.516e-13
3053.033203 5.494e-13
3054.403076 5.4741e-13
3055.772949 5.4741e-13
3057.143066 5.4407e-13
3058.512939 5.4269e-13
3059.882812 5.4405e-13
3061.252686 5.4274e-13
3062.622559 5.4095e-13
3063.992432 5.4015e-13
3067.453125 5.3819e-13
3070.198975 5.3753e-13
3072.944824 5.3536e-13
3075.690918 5.3363e-13
3078.436768 5.3133e-13
3081.182861 5.2893e-13
3083.928711 5.2777e-13
3086.674805 5.2699e-13
3089.420898 5.253e-13
3092.166992 5.2433e-13
3094.913086 5.2284e-13
3097.65918 5.2071e-13
3100.405273 5.1916e-13
3103.151367 5.1693e-13
3105.897705 5.1552e-13
3108.643799 5.1484e-13
3111.390137 5.1279e-13
3114.13623 5.0972e-13
3116.882568 5.0939e-13
3119.628906 5.0858e-13
3122.375 5.0751e-13
3125.121338 5.0515e-13
3127.867676 5.0409e-13
3130.614258 5.0199e-13
3133.360596 4.9966e-13
3136.106934 4.9751e-13
3138.853271 4.9681e-13
3141.599854 4.9478e-13
3144.346191 4.9143e-13
3147.092773 4.8958e-13
3149.839355 4.8753e-13
3152.585693 4.866e-13
3155.332275 4.8709e-13
3158.078857 4.8699e-13
3160.825439 4.852e-13
3163.572021 4.8231e-13
3166.318848 4.8049e-13
3169.06543 4.7882e-13
3171.812012 4.7585e-13
3174.558838 4.7365e-13
3177.30542 4.7144e-13
3180.052246 4.7082e-13
3182.798828 4.7011e-13
3185.545654 4.6933e-13
3188.29248 4.6822e-13
3191.039307 4.6611e-13
3193.786133 4.635e-13
3196.532959 4.608e-13
3199.279785 4.5622e-13
3202.026611 4.4992e-13
3204.773438 4.4984e-13
3207.520508 4.5384e-13
3210.267334 4.5492e-13
3213.014404 4.5436e-13
3215.76123 4.5267e-13
3218.508301 4.5068e-13
3221.255371 4.4924e-13
3224.002441 4.4795e-13
3226.749512 4.4759e-13
3229.496338 4.4605e-13
3232.243652 4.4458e-13
3234.990723 4.4348e-13
3237.737793 4.4314e-13
3240.484863 4.4078e-13
3243.231934 4.3884e-13
3245.979248 4.383e-13
3248.726318 4.3598e-13
3251.473633 4.3419e-13
3254.220947 4.3313e-13
3256.968018 4.3225e-13
3259.715332 4.3084e-13
3262.462646 4.2906e-13
3265.209961 4.2667e-13
3267.957275 4.2549e-13
3270.70459 4.248e-13
3273.451904 4.2499e-13
3276.199219 4.2376e-13
3278.946777 4.2282e-13
3281.694092 4.2117e-13
3284.441406 4.1952e-13
3287.188965 4.1916e-13
3289.936279 4.17e-13
3292.683838 4.1475e-13
3295.431396 4.1402e-13
3298.178955 4.1272e-13
3300.92627 4.1067e-13
3303.673828 4.0934e-13
3306.421387 4.0809e-13
3309.168945 4.071e-13
3311.916504 4.0627e-13
3314.664307 4.0351e-13
3317.411865 4.0221e-13
3320.159424 4.0216e-13
3322.906982 4.0105e-13
3325.654785 4.0047e-13
3328.402344 3.9862e-13
3331.150146 3.9704e-13
3333.897949 3.963e-13
3336.645508 3.9523e-13
3339.393311 3.93e-13
3342.141113 3.9208e-13
3344.888916 3.9089e-13
3347.636719 3.8992e-13
3350.384521 3.8919e-13
3353.132324 3.8746e-13
3355.880127 3.8587e-13
3358.62793 3.8395e-13
3361.375977 3.8331e-13
3364.123779 3.822e-13
3366.871582 3.8099e-13
3369.619629 3.7984e-13
3372.367432 3.7996e-13
3375.115479 3.793e-13
3377.863281 3.7705e-13
3380.611328 3.7527e-13
3383.359375 3.7377e-13
3386.107422 3.7374e-13
3388.855469 3.7324e-13
3391.603516 3.715e-13
3394.351562 3.7003e-13
3397.099609 3.6856e-13
3399.847656 3.6811e-13
3402.595703 3.6709e-13
3405.34375 3.6541e-13
3408.091797 3.6431e-13
3410.840088 3.6391e-13
3413.588135 3.6293e-13
3416.336426 3.6168e-13
3419.084473 3.6085e-13
3421.832764 3.5992e-13
3424.580811 3.5928e-13
3427.329102 3.5832e-13
3430.077393 3.5731e-13
3432.825684 3.5593e-13
3435.573975 3.541e-13
3438.322021 3.5328e-13
3441.070312 3.5188e-13
3443.818604 3.5021e-13
3446.567139 3.4901e-13
3449.31543 3.4806e-13
3452.063721 3.4781e-13
3454.812012 3.4587e-13
3457.560303 3.4504e-13
3460.308838 3.4495e-13
3463.057129 3.4391e-13
3465.805664 3.4266e-13
3468.553955 3.4124e-13
3471.30249 3.4129e-13
3474.050781 3.4025e-13
3476.799316 3.3871e-13
3479.547852 3.382e-13
3482.296143 3.3645e-13
3485.044678 3.3383e-13
3487.793213 3.3253e-13
3490.541748 3.321e-13
3493.290283 3.319e-13
3496.038818 3.3181e-13
3498.787354 3.308e-13
3501.535889 3.2924e-13
3504.284424 3.2721e-13
3507.033203 3.2532e-13
3509.781738 3.2445e-13
3512.530273 3.2351e-13
3515.279053 3.2336e-13
3518.027588 3.2271e-13
3520.776123 3.2274e-13
3523.524902 3.2213e-13
3526.273438 3.205e-13
3529.022217 3.1917e-13
3531.770996 3.1841e-13
3534.519531 3.1683e-13
3537.268311 3.1576e-13
3540.01709 3.1555e-13
3542.765869 3.1485e-13
3545.514404 3.1489e-13
3548.263184 3.1302e-13
3551.011963 3.1214e-13
3553.760742 3.1184e-13
3556.509521 3.104e-13
3559.258301 3.0924e-13
3562.007324 3.0803e-13
3564.756104 3.0755e-13
3567.504883 3.0727e-13
3570.253662 3.0612e-13
3573.002686 3.0455e-13
3575.751465 3.0374e-13
3578.500244 3.0304e-13
3581.249268 3.0221e-13
3583.998047 3.0145e-13
3586.74707 3.0003e-13
3589.49585 2.9945e-13
3592.244873 2.9926e-13
3594.993652 2.9834e-13
3597.742676 2.9728e-13
3600.491699 2.9579e-13
3603.240723 2.9481e-13
3605.989502 2.9445e-13
3608.738525 2.9426e-13
3611.487549 2.9347e-13
3614.236572 2.9166e-13
3616.985596 2.9093e-13
3619.734619 2.9106e-13
3622.483643 2.8969e-13
3625.232666 2.8925e-13
3627.981689 2.8882e-13
3630.730713 2.8764e-13
3633.479736 2.8624e-13
3636.22876 2.8526e-13
3638.978027 2.8433e-13
3641.727051 2.8406e-13
3644.476074 2.8369e-13
3647.225342 2.8308e-13
3649.974365 2.8165e-13
3652.723389 2.8043e-13
3655.472656 2.7999e-13
3658.22168 2.7888e-13
3660.970947 2.7795e-13
3663.719971 2.7752e-13
3666.469238 2.7672e-13
3669.218506 2.7579e-13
3671.967529 2.7548e-13
3674.716797 2.7528e-13
3677.466064 2.7455e-13
3680.215088 2.7364e-13
3682.964355 2.7259e-13
3685.713623 2.716e-13
3688.462891 2.7038e-13
3691.212158 2.6996e-13
3693.961182 2.6948e-13
3696.710449 2.6829e-13
3699.459717 2.6706e-13
3702.208984 2.6619e-13
3704.958252 2.6622e-13
3707.70752 2.6603e-13
3710.457031 2.6533e-13
3713.206299 2.6374e-13
3715.955566 2.6344e-13
3718.704834 2.6276e-13
3721.454102 2.6166e-13
3724.203369 2.6028e-13
3726.952881 2.5965e-13
3729.702148 2.5969e-13
3732.451416 2.5972e-13
3735.200684 2.5866e-13
3737.950195 2.5774e-13
3740.699463 2.5677e-13
3743.448975 2.5638e-13
3746.198242 2.554e-13
3748.94751 2.5379e-13
3751.697021 2.5328e-13
3754.446289 2.5334e-13
3757.195801 2.531e-13
3759.945312 2.5233e-13
3762.69458 2.5145e-13
3765.444092 2.5e-13
3768.193359 2.4877e-13
3770.942871 2.4799e-13
3773.692383 2.4784e-13
3776.44165 2.4821e-13
3779.191162 2.4778e-13
3781.940674 2.476e-13
3784.690186 2.4681e-13
3787.439453 2.46e-13
3790.188965 2.451e-13
3792.938477 2.4281e-13
3795.687988 2.4078e-13
3798.4375 2.4013e-13
3801.187012 2.3988e-13
3803.936523 2.4011e-13
3806.685791 2.409e-13
3809.435303 2.4212e-13
3812.184814 2.4161e-13
3814.934326 2.4097e-13
3817.683838 2.4008e-13
3820.43335 2.3892e-13
3823.182861 2.3795e-13
3825.932373 2.362e-13
3828.682129 2.3435e-13
3831.431641 2.318e-13
3834.181152 2.2863e-13
3836.930664 2.2701e-13
3839.680176 2.2855e-13
3842.429688 2.302e-13
3845.179199 2.3161e-13
3847.928955 2.3345e-13
3850.678467 2.3451e-13
3853.427979 2.3426e-13
3856.17749 2.3411e-13
3858.927002 2.3376e-13
3861.676758 2.3387e-13
3864.42627 2.3307e-13
3867.175781 2.3235e-13
3869.925537 2.3097e-13
3872.675049 2.2922e-13
3875.424561 2.272e-13
3878.174316 2.2488e-13
3880.923828 2.2142e-13
3883.67334 2.1731e-13
3886.423096 2.1239e-13
3889.172607 2.091e-13
3891.922363 2.0926e-13
3894.671875 2.1251e-13
3897.421387 2.1572e-13
3900.171143 2.1881e-13
3902.920654 2.2084e-13
3905.67041 2.2167e-13
3908.419922 2.2235e-13
3911.169678 2.2319e-13
3913.919189 2.2314e-13
3916.668945 2.2313e-13
3919.418457 2.2322e-13
3922.168213 2.2281e-13
3924.917725 2.2241e-13
3927.66748 2.2219e-13
3930.416992 2.212e-13
3933.166748 2.1982e-13
3935.916504 2.1868e-13
3938.666016 2.1865e-13
3941.415771 2.1811e-13
3944.165283 2.1726e-13
3946.915039 2.1627e-13
3949.664551 2.1466e-13
3952.414307 2.1321e-13
3955.164062 2.112e-13
3957.913574 2.0819e-13
3960.66333 2.0437e-13
3963.413086 1.9959e-13
3966.162598 1.9305e-13
3968.912354 1.8604e-13
3971.661865 1.835e-13
3974.411621 1.875e-13
3977.161377 1.9319e-13
3979.910889 1.9787e-13
3982.660645 2.0105e-13
3985.4104 2.0334e-13
3988.159912 2.0458e-13
3990.909668 2.0535e-13
3993.659424 2.0612e-13
3996.408936 2.0634e-13
3999.158691 2.0631e-13
4001.908447 2.0659e-13
4004.657959 2.0622e-13
4007.407715 2.0554e-13
4010.157471 2.0561e-13
4012.906982 2.0578e-13
4015.656738 2.0503e-13
4018.406494 2.0426e-13
4021.156006 2.0395e-13
4023.905762 2.0378e-13
4026.655518 2.0347e-13
4029.405029 2.0207e-13
4032.154785 2.0131e-13
4034.904541 2.0129e-13
4037.654053 2.0054e-13
4040.403809 1.9957e-13
4043.15332 1.9902e-13
4045.903076 1.9845e-13
4048.652832 1.981e-13
4051.402344 1.9769e-13
4054.1521 1.972e-13
4056.901855 1.9655e-13
4059.651367 1.9565e-13
4062.401123 1.947e-13
4065.150879 1.9434e-13
4067.900391 1.9318e-13
4070.650146 1.9296e-13
4073.399658 1.927e-13
4076.149414 1.9167e-13
4078.89917 1.906e-13
4081.648682 1.8937e-13
4084.398438 1.8794e-13
4087.147949 1.8608e-13
4089.897705 1.8326e-13
4092.647217 1.7926e-13
4095.396973 1.734e-13
4098.146484 1.6624e-13
4100.895996 1.5892e-13
4103.645996 1.5662e-13
4106.395508 1.6151e-13
4109.14502 1.6804e-13
4111.894531 1.7326e-13
4114.644531 1.7715e-13
4117.394043 1.7973e-13
4120.143555 1.8116e-13
4122.893066 1.8205e-13
4125.643066 1.8271e-13
4128.392578 1.8289e-13
4131.14209 1.8302e-13
4133.891602 1.8337e-13
4136.641113 1.8313e-13
4139.391113 1.8268e-13
4142.140625 1.8242e-13
4144.890137 1.8183e-13
4147.639648 1.8132e-13
4150.38916 1.8075e-13
4153.138672 1.8014e-13
4155.888672 1.7982e-13
4158.638184 1.793e-13
4161.387695 1.7868e-13
4164.137207 1.7797e-13
4166.886719 1.7765e-13
4169.63623 1.7757e-13
4172.385742 1.7707e-13
4175.135254 1.7644e-13
4177.885254 1.7607e-13
4180.634766 1.7526e-13
4183.384277 1.7493e-13
4186.133789 1.7455e-13
4188.883301 1.7404e-13
4191.632812 1.7359e-13
4194.382324 1.7307e-13
4197.131836 1.7204e-13
4199.881348 1.7143e-13
4202.630859 1.7111e-13
4205.380371 1.7103e-13
4208.129883 1.7048e-13
4210.879395 1.7014e-13
4213.628906 1.6973e-13
4216.378418 1.6925e-13
4219.12793 1.6902e-13
4221.877441 1.6842e-13
4224.626953 1.6815e-13
4227.376465 1.6807e-13
4230.125977 1.6759e-13
4232.875488 1.6703e-13
4235.624512 1.6665e-13
4238.374023 1.6639e-13
4241.123535 1.6627e-13
4243.873047 1.6593e-13
4246.622559 1.6516e-13
4249.37207 1.6473e-13
4252.121582 1.6405e-13
4254.870605 1.6356e-13
4257.620117 1.6331e-13
4260.369629 1.6316e-13
4263.119141 1.6279e-13
4265.868652 1.6225e-13
4268.617676 1.6162e-13
4271.367188 1.6145e-13
4274.116699 1.6117e-13
4276.866211 1.6024e-13
4279.615234 1.5996e-13
4282.364746 1.5931e-13
4285.114258 1.5885e-13
4287.863281 1.5854e-13
4290.612793 1.5788e-13
4293.362305 1.5758e-13
4296.111328 1.5737e-13
4298.86084 1.5678e-13
4301.609863 1.5607e-13
4304.359375 1.5582e-13
4307.108887 1.5509e-13
4309.85791 1.5458e-13
4312.607422 1.538e-13
4315.356445 1.5312e-13
4318.105957 1.5253e-13
4320.85498 1.5147e-13
4323.604492 1.4979e-13
4326.353516 1.4766e-13
4329.103027 1.4527e-13
4331.852051 1.4165e-13
4334.601074 1.3694e-13
4337.350586 1.2982e-13
4340.099609 1.2255e-13
4342.849121 1.2086e-13
4345.598145 1.2701e-13
4348.347168 1.3398e-13
4351.09668 1.3893e-13
4353.845703 1.4181e-13
4356.594727 1.4401e-13
4359.344238 1.4518e-13
4362.093262 1.4582e-13
4364.842285 1.4616e-13
4367.591309 1.4644e-13
4370.340332 1.4624e-13
4373.089844 1.4609e-13
4375.838867 1.4611e-13
4378.587891 1.4631e-13
4381.336914 1.4623e-13
4384.085938 1.458e-13
4386.834961 1.4548e-13
4389.583984 1.4526e-13
4392.333496 1.4492e-13
4395.08252 1.4449e-13
4397.831543 1.4406e-13
4400.580566 1.4366e-13
4403.32959 1.434e-13
4406.078613 1.4299e-13
4408.827637 1.4319e-13
4411.576172 1.4275e-13
4414.325195 1.4242e-13
4417.074219 1.4196e-13
4419.823242 1.416e-13
4422.572266 1.4119e-13
4425.321289 1.4074e-13
4428.070312 1.4048e-13
4430.819336 1.4024e-13
4433.567871 1.3986e-13
4436.316895 1.3953e-13
4439.065918 1.3936e-13
4441.814453 1.3928e-13
4444.563477 1.3874e-13
4447.3125 1.3804e-13
4450.061523 1.3735e-13
4452.810059 1.3718e-13
4455.559082 1.3704e-13
4458.307617 1.3653e-13
4461.056641 1.3616e-13
4463.805176 1.3583e-13
4466.554199 1.3585e-13
4469.303223 1.3559e-13
4472.051758 1.3502e-13
4474.800293 1.3454e-13
4477.549316 1.3446e-13
4480.297852 1.342e-13
4483.046875 1.3371e-13
4485.79541 1.3319e-13
4488.543945 1.3301e-13
4491.292969 1.3271e-13
4494.041504 1.3201e-13
4496.790039 1.3157e-13
4499.539062 1.3145e-13
4502.287598 1.3119e-13
4505.036133 1.312e-13
4507.784668 1.3087e-13
4510.533203 1.306e-13
4513.282227 1.3025e-13
4516.030762 1.2968e-13
4518.779297 1.2945e-13
4521.527832 1.2936e-13
4524.276367 1.2904e-13
4527.024902 1.2887e-13
4529.773438 1.2843e-13
4532.521973 1.2806e-13
4535.270508 1.2776e-13
4538.019043 1.2762e-13
4540.767578 1.2726e-13
4543.515625 1.2666e-13
4546.26416 1.265e-13
4549.012695 1.2616e-13
4551.76123 1.2599e-13
4554.509766 1.2571e-13
4557.257812 1.2554e-13
4560.006348 1.2539e-13
4562.754883 1.2516e-13
4565.50293 1.2476e-13
4568.251465 1.2482e-13
4571.0 1.2445e-13
4573.748047 1.243e-13
4576.496582 1.2415e-13
4579.244629 1.2378e-13
4581.993164 1.2312e-13
4584.741211 1.2278e-13
4587.489746 1.2271e-13
4590.237793 1.2226e-13
4592.98584 1.2205e-13
4595.734375 1.2175e-13
4598.482422 1.2137e-13
4601.230469 1.2098e-13
4603.979004 1.208e-13
4606.727051 1.2031e-13
4609.475098 1.1971e-13
4612.223145 1.1944e-13
4614.97168 1.1966e-13
4617.719727 1.1947e-13
4620.467773 1.1935e-13
4623.21582 1.1929e-13
4625.963867 1.1877e-13
4628.711914 1.1835e-13
4631.459961 1.1826e-13
4634.208008 1.1786e-13
4636.956055 1.1773e-13
4639.704102 1.1758e-13
4642.45166 1.1745e-13
4645.199707 1.1651e-13
4647.947754 1.1609e-13
4650.695801 1.1616e-13
4653.443848 1.1562e-13
4656.191406 1.1549e-13
4658.939453 1.1512e-13
4661.6875 1.1482e-13
4664.435059 1.1488e-13
4667.183105 1.1463e-13
4669.930664 1.1435e-13
4672.678711 1.1422e-13
4675.42627 1.1384e-13
4678.174316 1.1347e-13
4680.921875 1.1257e-13
4683.669922 1.1067e-13
4686.41748 1.0805e-13
4689.165039 1.0854e-13
4691.913086 1.1092e-13
4694.660645 1.119e-13
4697.408203 1.1202e-13
4700.155762 1.1174e-13
4702.903809 1.1155e-13
4705.651367 1.1116e-13
4708.398926 1.1091e-13
4711.146484 1.107e-13
4713.894043 1.1036e-13
4716.641602 1.0998e-13
4719.38916 1.097e-13
4722.136719 1.0961e-13
4724.884277 1.0895e-13
4727.631348 1.0873e-13
4730.378906 1.0865e-13
4733.126465 1.0854e-13
4735.874023 1.0846e-13
4738.621582 1.08e-13
4741.368652 1.0774e-13
4744.116211 1.0754e-13
4746.86377 1.0721e-13
4749.61084 1.0692e-13
4752.358398 1.067e-13
4755.105469 1.0646e-13
4757.853027 1.0627e-13
4760.600098 1.0594e-13
4763.347656 1.0554e-13
4766.094727 1.0532e-13
4768.841797 1.0502e-13
4771.589355 1.0472e-13
4774.336426 1.0453e-13
4777.083496 1.044e-13
4779.830566 1.0419e-13
4782.577637 1.0415e-13
4785.324707 1.0413e-13
4788.072266 1.0378e-13
4790.819336 1.0315e-13
4793.566406 1.0283e-13
4796.313477 1.0287e-13
4799.060059 1.0261e-13
4801.807129 1.0203e-13
4804.554199 1.0186e-13
4807.30127 1.0158e-13
4810.04834 1.0121e-13
4812.794922 1.0115e-13
4815.541992 1.0103e-13
4818.289062 1.0062e-13
4821.035645 1.004e-13
4823.782715 1.0032e-13
4826.529785 1.004e-13
4829.276367 9.995e-14
4832.023438 9.9396e-14
4834.77002 9.8829e-14
4837.516602 9.8257e-14
4840.263672 9.7776e-14
4843.010254 9.721e-14
4845.756836 9.6323e-14
4848.503418 9.4664e-14
4851.250488 9.2916e-14
4853.99707 9.0229e-14
4856.743652 8.6041e-14
4859.490234 8.0509e-14
4862.236816 7.6779e-14
4864.983398 7.866e-14
4867.72998 8.3456e-14
4870.476562 8.7537e-14
4873.223145 9.0323e-14
4875.969727 9.1874e-14
4878.71582 9.2919e-14
4881.462402 9.3784e-14
4884.208984 9.4233e-14
4886.955078 9.4413e-14
4889.70166 9.455e-14
4892.448242 9.4495e-14
4895.194336 9.4473e-14
4897.940918 9.4463e-14
4900.687012 9.4337e-14
4903.433105 9.4221e-14
4906.179688 9.3985e-14
4908.925781 9.3609e-14
4911.671875 9.3435e-14
4914.418457 9.3651e-14
4917.164551 9.3552e-14
4919.910645 9.3197e-14
4922.656738 9.322e-14
4925.402832 9.3157e-14
4928.148926 9.2894e-14
4930.89502 9.2802e-14
4933.641113 9.2697e-14
4936.387207 9.2603e-14
4939.133301 9.2315e-14
4941.878906 9.2107e-14
4944.625 9.1615e-14
4947.371094 9.1516e-14
4950.116699 9.1563e-14
4952.862793 9.1225e-14
4955.608887 9.0985e-14
4958.354492 9.087e-14
4961.100586 9.0566e-14
4963.846191 9.0447e-14
4966.591797 9.0574e-14
4969.337891 9.0368e-14
4972.083496 9.0137e-14
4974.829102 8.9971e-14
4977.575195 8.9613e-14
4980.320801 8.9219e-14
4983.066406 8.9076e-14
4985.812012 8.9174e-14
4988.557617 8.8889e-14
4991.303223 8.8749e-14
4994.048828 8.8601e-14
4996.794434 8.837e-14
4999.539551 8.8123e-14
5002.285156 8.7909e-14
5005.030762 8.7848e-14
5007.776367 8.771e-14
5010.521484 8.7387e-14
5013.26709 8.7237e-14
5016.012207 8.7106e-14
5018.757812 8.6799e-14
5021.50293 8.6717e-14
5024.248535 8.6614e-14
5026.993652 8.6178e-14
5029.73877 8.6142e-14
5032.484375 8.5879e-14
5035.229492 8.5778e-14
5037.974609 8.5645e-14
5040.719727 8.5129e-14
5043.464844 8.5111e-14
5046.209961 8.5224e-14
5048.955078 8.4794e-14
5051.700195 8.4536e-14
5054.445312 8.4427e-14
5057.19043 8.4248e-14
5059.935059 8.3895e-14
5062.680176 8.3682e-14
5065.425293 8.3861e-14
5068.169922 8.3826e-14
5070.915039 8.3614e-14
5073.659668 8.3435e-14
5076.404785 8.3305e-14
5079.149414 8.302e-14
5081.894531 8.2851e-14
5084.63916 8.2524e-14
5087.383789 8.2393e-14
5090.128418 8.2385e-14
5092.873047 8.2122e-14
5095.618164 8.1801e-14
5098.362793 8.1656e-14
5101.107422 8.1411e-14
5103.851562 8.1197e-14
5106.596191 8.1042e-14
5109.34082 8.1009e-14
5112.085449 8.096e-14
5114.830078 8.0781e-14
5117.574219 8.0351e-14
5120.318848 8.0082e-14
5123.063477 7.9971e-14
5125.807617 7.9993e-14
5128.552246 8.0065e-14
5131.296387 7.9835e-14
5134.040527 7.9642e-14
5136.785156 7.9476e-14
5139.529297 7.9212e-14
5142.273438 7.8964e-14
5145.017578 7.8714e-14
5147.761719 7.8753e-14
5150.505859 7.8635e-14
5153.25 7.8301e-14
5155.994141 7.8131e-14
5158.738281 7.7948e-14
5161.482422 7.7668e-14
5164.226562 7.7486e-14
5166.970215 7.7349e-14
5169.714355 7.733e-14
5172.458496 7.7254e-14
5175.202148 7.7084e-14
5177.946289 7.7005e-14
5180.689941 7.6669e-14
5183.433594 7.6507e-14
5186.177734 7.6503e-14
5188.921387 7.6329e-14
5191.665039 7.6044e-14
5194.408691 7.6023e-14
5197.152344 7.5827e-14
5199.895996 7.5764e-14
5202.639648 7.5542e-14
5205.383301 7.5527e-14
5208.126953 7.534e-14
5210.870605 7.526e-14
5213.614258 7.5169e-14
5216.357422 7.4649e-14
5219.101074 7.4243e-14
5221.844727 7.44e-14
5224.587891 7.4366e-14
5227.331543 7.4064e-14
5230.074707 7.4013e-14
5232.817871 7.3934e-14
5235.561523 7.3759e-14
5238.304688 7.3527e-14
5241.047852 7.357e-14
5243.791016 7.3511e-14
5246.53418 7.3148e-14
5249.277344 7.2942e-14
5252.020508 7.2775e-14
5254.763672 7.2592e-14
5257.506836 7.2573e-14
5260.249512 7.2594e-14
5262.992676 7.2449e-14
5265.73584 7.214e-14
5268.478516 7.2009e-14
5271.22168 7.185e-14
5273.964355 7.1751e-14
5276.70752 7.1491e-14
5279.450195 7.1377e-14
5282.192871 7.1373e-14
5284.935547 7.1335e-14
5287.678711 7.132e-14
5290.421387 7.1051e-14
5293.164062 7.0718e-14
5295.906738 7.0572e-14
5298.649414 7.0622e-14
5301.391602 7.0504e-14
5304.134277 7.0082e-14
5306.876953 6.9953e-14
5309.619629 6.9911e-14
5312.361816 6.9623e-14
5315.104492 6.9475e-14
5317.84668 6.9431e-14
5320.589355 6.9363e-14
5323.331543 6.9188e-14
5326.07373 6.8909e-14
5328.815918 6.8714e-14
5331.558594 6.8616e-14
5334.300781 6.8658e-14
5337.042969 6.8515e-14
5339.785156 6.8386e-14
5342.527344 6.8154e-14
5345.269043 6.7884e-14
5348.01123 6.7836e-14
5350.753418 6.7789e-14
5353.495605 6.7756e-14
5356.237305 6.7446e-14
5358.979492 6.739e-14
5361.721191 6.7422e-14
5364.463379 6.7316e-14
5367.205078 6.7289e-14
5369.946777 6.6949e-14
5372.688477 6.6667e-14
5375.430664 6.6705e-14
5378.172363 6.6673e-14
5380.914062 6.6438e-14
5383.655762 6.6275e-14
5386.396973 6.6008e-14
5389.138672 6.5971e-14
5391.880371 6.5946e-14
5394.62207 6.5829e-14
5397.363281 6.556e-14
5400.10498 6.5331e-14
5402.846191 6.5139e-14
5405.587891 6.495e-14
5408.329102 6.4639e-14
5411.070312 6.4534e-14
5413.812012 6.4451e-14
5416.553223 6.4465e-14
5419.294434 6.4451e-14
5422.035645 6.4242e-14
5424.776855 6.4268e-14
5427.518066 6.4307e-14
5430.258789 6.4124e-14
5433.0 6.4129e-14
5435.741211 6.3934e-14
5438.481934 6.3721e-14
5441.223145 6.3603e-14
5443.963867 6.3573e-14
5446.705078 6.3359e-14
5449.445801 6.3089e-14
5451.085938 6.3071e-14
5455.957031 6.2728e-14
5460.828125 6.2537e-14
5465.699219 6.2303e-14
5470.570312 6.2191e-14
5475.441895 6.2006e-14
5480.312988 6.1612e-14
5485.18457 6.1446e-14
5490.055664 6.123e-14
5494.927246 6.1146e-14
5499.798828 6.1048e-14
5504.67041 6.0606e-14
5509.541992 6.0276e-14
5514.414062 6.011e-14
5519.285645 6.0113e-14
5524.157715 6.0041e-14
5529.029297 5.9813e-14
5533.901367 5.937e-14
5538.773438 5.9023e-14
5543.645508 5.8935e-14
5548.517578 5.8848e-14
5553.389648 5.8565e-14
5558.261719 5.8324e-14
5563.134277 5.8033e-14
5568.006348 5.804e-14
5572.878906 5.7813e-14
5577.751465 5.7576e-14
5582.623535 5.746e-14
5587.496094 5.7256e-14
5592.368652 5.6946e-14
5597.241211 5.6806e-14
5602.114258 5.6638e-14
5606.986816 5.6415e-14
5611.859863 5.6295e-14
5616.732422 5.5975e-14
5621.605469 5.5934e-14
5626.478516 5.5809e-14
5631.351074 5.5449e-14
5636.224121 5.5262e-14
5641.097656 5.5047e-14
5645.970703 5.4821e-14
5650.84375 5.4676e-14
5655.717285 5.4557e-14
5660.590332 5.4395e-14
5665.463867 5.4162e-14
5670.336914 5.3936e-14
5675.210449 5.3797e-14
5680.083984 5.363e-14
5684.95752 5.338e-14
5689.831055 5.3324e-14
5694.705078 5.3104e-14
5699.578613 5.2883e-14
5704.452148 5.2648e-14
5709.326172 5.239e-14
5714.200195 5.2209e-14
5719.07373 5.2107e-14
5723.947754 5.1966e-14
5728.821777 5.1815e-14
5733.695801 5.168e-14
5738.570312 5.1645e-14
5743.444336 5.1434e-14
5748.318359 5.1185e-14
5753.192871 5.0928e-14
5758.066895 5.0587e-14
5762.941406 5.0601e-14
5767.815918 5.0541e-14
5772.69043 5.0432e-14
5777.564941 5.0369e-14
5782.439453 5.0175e-14
5787.313965 4.9916e-14
5792.188477 4.9772e-14
5797.063477 4.9556e-14
5801.937988 4.9352e-14
5806.812988 4.919e-14
5811.6875 4.9073e-14
5816.5625 4.9032e-14
5821.4375 4.8807e-14
5826.3125 4.8615e-14
5831.1875 4.8357e-14
5836.0625 4.8257e-14
5840.9375 4.8029e-14
5845.812988 4.7953e-14
5850.687988 4.7843e-14
5855.563477 4.7674e-14
5860.438477 4.7473e-14
5865.313965 4.7329e-14
5870.189453 4.7226e-14
5875.064941 4.7026e-14
5879.94043 4.6963e-14
5884.815918 4.6701e-14
5889.691406 4.6217e-14
5894.566895 4.5976e-14
5899.442871 4.5973e-14
5904.318359 4.6015e-14
5909.194336 4.5971e-14
5914.069824 4.5837e-14
5918.945801 4.5685e-14
5923.821777 4.548e-14
5928.697754 4.5346e-14
5933.57373 4.532e-14
5938.449707 4.5249e-14
5943.325684 4.497e-14
5948.202148 4.4789e-14
5953.078125 4.4753e-14
5957.95459 4.4565e-14
5962.830566 4.4367e-14
5967.707031 4.4303e-14
5972.583496 4.4184e-14
5977.459473 4.4059e-14
5982.335938 4.382e-14
5987.212402 4.3649e-14
5992.088867 4.3459e-14
5996.96582 4.3451e-14
6001.842285 4.3205e-14
6006.71875 4.3001e-14
6011.595703 4.2962e-14
6016.472168 4.2901e-14
6021.349121 4.2785e-14
6026.226074 4.2661e-14
6031.103027 4.2507e-14
6035.97998 4.2387e-14
6040.856934 4.2392e-14
6045.733887 4.2262e-14
6050.61084 4.203e-14
6055.487793 4.1805e-14
6060.364746 4.1659e-14
6065.242188 4.1595e-14
6070.119141 4.149e-14
6074.996582 4.1317e-14
6079.874023 4.1264e-14
6084.750977 4.1081e-14
6089.628418 4.0839e-14
6094.505859 4.0737e-14
6099.383301 4.063e-14
6104.260742 4.0681e-14
6109.138672 4.0545e-14
6114.016113 4.0296e-14
6118.893555 4.0129e-14
6123.771484 3.9979e-14
6128.648926 3.9967e-14
6133.526855 4.0005e-14
6138.404785 3.9862e-14
6143.282227 3.9655e-14
6148.160156 3.9493e-14
6153.038086 3.9376e-14
6157.916016 3.9226e-14
6162.793945 3.912e-14
6167.671875 3.9007e-14
6172.550293 3.8935e-14
6177.428223 3.8831e-14
6182.306152 3.8632e-14
6187.18457 3.8558e-14
6192.062988 3.8427e-14
6196.940918 3.8309e-14
6201.819336 3.8289e-14
6206.697754 3.8139e-14
6211.576172 3.7949e-14
6216.45459 3.7721e-14
6221.333008 3.7556e-14
6226.211426 3.7511e-14
6231.089844 3.7483e-14
6235.968262 3.7333e-14
6240.847168 3.7162e-14
6245.725586 3.711e-14
6250.604492 3.6956e-14
6255.48291 3.6921e-14
6260.361816 3.6841e-14
6265.240723 3.6563e-14
6270.119629 3.652e-14
6274.998047 3.6463e-14
6279.876953 3.6429e-14
6284.755859 3.6396e-14
6289.635254 3.6326e-14
6294.51416 3.6268e-14
6299.393066 3.6164e-14
6304.271973 3.5928e-14
6309.151367 3.5755e-14
6314.030273 3.5597e-14
6318.909668 3.5316e-14
6323.789062 3.5098e-14
6328.667969 3.497e-14
6333.547363 3.4817e-14
6338.426758 3.478e-14
6343.306152 3.4828e-14
6348.185547 3.4824e-14
6353.064941 3.4787e-14
6357.944336 3.4758e-14
6362.82373 3.4621e-14
6367.703613 3.4417e-14
6372.583008 3.4294e-14
6377.462891 3.423e-14
6382.342285 3.4124e-14
6387.222168 3.4082e-14
6392.101562 3.3934e-14
6396.981445 3.3876e-14
6401.861328 3.3787e-14
6406.741211 3.3589e-14
6411.621094 3.3508e-14
6416.500977 3.3422e-14
6421.380859 3.3359e-14
6426.260742 3.3249e-14
6431.140625 3.3139e-14
6436.020508 3.2996e-14
6440.900879 3.2822e-14
6445.780762 3.2689e-14
6450.661133 3.2671e-14
6455.541016 3.2629e-14
6460.421387 3.248e-14
6465.30127 3.239e-14
6470.181641 3.2311e-14
6475.062012 3.2151e-14
6479.942383 3.2001e-14
6484.822754 3.1985e-14
6489.703125 3.1958e-14
6494.583496 3.1905e-14
6499.463867 3.1865e-14
6504.344238 3.1719e-14
6509.225098 3.1571e-14
6514.105469 3.1448e-14
6518.98584 3.1285e-14
6523.866699 3.1116e-14
6528.74707 3.1025e-14
6533.62793 3.084e-14
6538.508789 3.0594e-14
6543.38916 3.016e-14
6548.27002 2.9396e-14
6553.150879 2.8225e-14
6558.031738 2.6903e-14
6562.912598 2.5982e-14
6567.793457 2.6358e-14
6572.674316 2.7583e-14
6577.555176 2.8573e-14
6582.436035 2.9252e-14
6587.317383 2.9677e-14
6592.198242 2.9776e-14
6597.079102 2.9874e-14
6601.960449 2.9903e-14
6606.841309 2.9891e-14
6611.722656 2.9731e-14
6616.604004 2.9625e-14
6621.484863 2.9634e-14
6626.366211 2.9559e-14
6631.247559 2.9431e-14
6636.128906 2.9344e-14
6641.010254 2.9268e-14
6645.891602 2.9173e-14
6650.772949 2.9094e-14
6655.654297 2.901e-14
6660.535645 2.8936e-14
6665.416992 2.8849e-14
6670.29834 2.8776e-14
6675.180176 2.8698e-14
6680.061523 2.8631e-14
6684.943359 2.8525e-14
6689.824707 2.8428e-14
6694.706543 2.8341e-14
6699.587891 2.8281e-14
6704.469727 2.8155e-14
6709.351562 2.8046e-14
6714.23291 2.801e-14
6719.114746 2.7931e-14
6723.996582 2.7783e-14
6728.878418 2.768e-14
6733.760254 2.7639e-14
6738.64209 2.7626e-14
6743.523926 2.7566e-14
6748.40625 2.7472e-14
6753.288086 2.7409e-14
6758.169922 2.734e-14
6763.051758 2.7223e-14
6767.934082 2.7144e-14
6772.815918 2.7137e-14
6777.698242 2.7038e-14
6782.580078 2.6909e-14
6787.462402 2.687e-14
6792.344238 2.6805e-14
6797.226562 2.6741e-14
6802.108887 2.6625e-14
6806.991211 2.6541e-14
6811.873047 2.6525e-14
6816.755371 2.6446e-14
6821.637695 2.6353e-14
6826.52002 2.6285e-14
6831.402344 2.6194e-14
6836.284668 2.6065e-14
6841.166992 2.6029e-14
6846.049805 2.5985e-14
6850.932129 2.59e-14
6855.814453 2.5798e-14
6860.696777 2.5688e-14
6865.57959 2.5624e-14
6870.461914 2.5541e-14
6875.344727 2.5533e-14
6880.227051 2.5483e-14
6885.109863 2.5413e-14
6889.992188 2.5365e-14
6894.875 2.5293e-14
6899.757812 2.5203e-14
6904.640137 2.5129e-14
6909.522949 2.5087e-14
6914.405762 2.5028e-14
6919.288574 2.4909e-14
6924.171387 2.484e-14
6929.054199 2.4802e-14
6933.937012 2.4766e-14
6938.819824 2.4653e-14
6943.702637 2.4587e-14
6948.585449 2.4482e-14
6953.468262 2.4404e-14
6958.351562 2.4303e-14
6963.234375 2.4258e-14
6968.117188 2.423e-14
6973.000488 2.4173e-14
6977.883301 2.4115e-14
6982.766113 2.4087e-14
6987.649414 2.4024e-14
6992.532227 2.3939e-14
6997.415527 2.3893e-14
7002.298828 2.3784e-14
7007.181641 2.3667e-14
7012.064941 2.3618e-14
7016.948242 2.3586e-14
7021.831543 2.3543e-14
7026.714355 2.3477e-14
7031.597656 2.3413e-14
7036.480957 2.3358e-14
7041.364258 2.3319e-14
7046.247559 2.3261e-14
7051.130859 2.3154e-14
7056.01416 2.3096e-14
7060.897461 2.3056e-14
7065.780762 2.3005e-14
7070.664062 2.2892e-14
7075.547852 2.2805e-14
7080.431152 2.2775e-14
7085.314453 2.2678e-14
7090.197754 2.265e-14
7095.081543 2.2595e-14
7099.964844 2.2551e-14
7104.848633 2.2505e-14
7109.731934 2.2392e-14
7114.615723 2.2375e-14
7119.499023 2.2294e-14
7124.382812 2.2246e-14
7129.266113 2.2204e-14
7134.149902 2.2098e-14
7139.033691 2.2079e-14
7143.916992 2.2032e-14
7148.800781 2.1932e-14
7153.68457 2.1883e-14
7158.568359 2.1824e-14
7163.45166 2.1742e-14
7168.335449 2.1696e-14
7173.219238 2.1665e-14
7178.103027 2.1601e-14
7182.986816 2.1555e-14
7187.870605 2.1507e-14
7192.754395 2.142e-14
7197.638184 2.1382e-14
7202.521973 2.1338e-14
7207.40625 2.1306e-14
7212.290039 2.1295e-14
7217.173828 2.1191e-14
7222.057617 2.1123e-14
7226.941406 2.1081e-14
7231.825684 2.103e-14
7236.709473 2.0983e-14
7241.593262 2.0933e-14
7246.477539 2.0827e-14
7251.361328 2.0752e-14
7256.245605 2.0721e-14
7261.129395 2.0655e-14
7266.013672 2.0616e-14
7270.897461 2.0571e-14
7275.781738 2.0503e-14
7280.665527 2.0484e-14
7285.549805 2.0419e-14
7290.433594 2.032e-14
7295.317871 2.0257e-14
7300.202148 2.0188e-14
7305.085938 2.0158e-14
7309.970215 2.0092e-14
7314.854492 2.007e-14
7319.73877 2.0046e-14
7324.623047 2.0001e-14
7329.506836 1.9885e-14
7334.391113 1.984e-14
7339.275391 1.978e-14
7344.159668 1.9723e-14
7349.043945 1.9717e-14
7353.928223 1.9635e-14
7358.8125 1.96e-14
7363.696777 1.955e-14
7368.581055 1.9499e-14
7373.465332 1.9483e-14
7378.349609 1.9458e-14
7383.233887 1.9368e-14
7388.118164 1.9247e-14
7393.00293 1.9233e-14
7397.887207 1.9228e-14
7402.771484 1.9124e-14
7407.655762 1.9055e-14
7412.540039 1.9003e-14
7417.424805 1.8996e-14
7422.309082 1.8971e-14
7427.193359 1.8946e-14
7432.078125 1.8916e-14
7436.962402 1.8828e-14
7441.84668 1.8732e-14
7446.731445 1.8697e-14
7451.615723 1.8673e-14
7456.500488 1.8599e-14
7461.384766 1.8561e-14
7466.269043 1.8492e-14
7471.153809 1.8464e-14
7476.038086 1.8413e-14
7480.922852 1.8358e-14
7485.807129 1.8281e-14
7490.691895 1.8218e-14
7495.57666 1.8185e-14
7500.460938 1.813e-14
7505.345703 1.8116e-14
7510.22998 1.8084e-14
7515.114746 1.8088e-14
7519.999512 1.8048e-14
7524.883789 1.7996e-14
7529.768555 1.7919e-14
7534.65332 1.7868e-14
7539.537598 1.7838e-14
7544.422363 1.7811e-14
7549.307129 1.772e-14
7554.191895 1.7684e-14
7559.07666 1.7651e-14
7563.960938 1.7624e-14
7568.845703 1.7553e-14
7573.730469 1.7509e-14
7578.615234 1.7511e-14
7583.5 1.7424e-14
7588.384277 1.7363e-14
7593.269043 1.7331e-14
7598.153809 1.7322e-14
7603.038574 1.7289e-14
7607.92334 1.7302e-14
7612.808105 1.7278e-14
7617.692871 1.7213e-14
7622.577637 1.7118e-14
7627.462402 1.7029e-14
7632.347168 1.6944e-14
7637.231934 1.6906e-14
7642.116699 1.689e-14
7647.001465 1.6906e-14
7651.88623 1.6844e-14
7656.770996 1.6767e-14
7661.655762 1.6726e-14
7666.540527 1.6702e-14
7671.425293 1.6697e-14
7676.310059 1.6662e-14
7681.194824 1.6591e-14
7686.07959 1.6527e-14
7690.964355 1.6474e-14
7695.849121 1.6412e-14
7700.733887 1.6394e-14
7705.618652 1.6375e-14
7710.503906 1.6313e-14
7715.388672 1.631e-14
7720.273438 1.6316e-14
7725.158203 1.6239e-14
7730.042969 1.6227e-14
7734.927734 1.6174e-14
7739.8125 1.6091e-14
7744.697754 1.6032e-14
7749.58252 1.5993e-14
7754.467285 1.5986e-14
7759.352051 1.5997e-14
7764.236816 1.5918e-14
7769.121582 1.5883e-14
7774.006836 1.582e-14
7778.891602 1.5775e-14
7783.776367 1.5741e-14
7788.661133 1.5685e-14
7793.545898 1.5596e-14
7798.431152 1.5593e-14
7803.315918 1.5594e-14
7808.200684 1.5545e-14
7813.085449 1.549e-14
7817.970215 1.5491e-14
7822.855469 1.5474e-14
7827.740234 1.5456e-14
7832.625 1.5364e-14
7837.509766 1.5298e-14
7842.39502 1.5264e-14
7847.279785 1.5156e-14
7852.164551 1.5191e-14
7857.049316 1.5176e-14
7861.934082 1.5153e-14
7866.819336 1.5148e-14
7871.704102 1.5048e-14
7876.588867 1.4976e-14
7881.473633 1.4946e-14
7886.358887 1.4905e-14
7891.243652 1.491e-14
7896.128418 1.4932e-14
7901.013184 1.4912e-14
7905.897949 1.4882e-14
7910.783203 1.4801e-14
7915.667969 1.4725e-14
7920.552734 1.4672e-14
7925.4375 1.4659e-14
7930.322266 1.464e-14
7935.20752 1.4597e-14
7940.092285 1.455e-14
7944.977051 1.453e-14
7949.861816 1.4509e-14
7954.746582 1.448e-14
7959.631836 1.44e-14
7964.516602 1.4349e-14
7969.401367 1.4331e-14
7974.286133 1.4359e-14
7979.170898 1.4367e-14
7984.055664 1.4298e-14
7988.94043 1.4211e-14
7993.825684 1.4168e-14
7998.710449 1.416e-14
8003.595215 1.4107e-14
8008.47998 1.4095e-14
8013.364746 1.4083e-14
8018.249512 1.4092e-14
8023.134277 1.4038e-14
8028.019043 1.4048e-14
8032.903809 1.3961e-14
8037.788574 1.3829e-14
8042.673828 1.3784e-14
8047.558594 1.3814e-14
8052.443359 1.3785e-14
8057.328125 1.3724e-14
8062.212891 1.3708e-14
8067.097656 1.3781e-14
8071.982422 1.3733e-14
8076.867188 1.3684e-14
8081.751953 1.3573e-14
8086.636719 1.3487e-14
8091.521484 1.3487e-14
8096.40625 1.3457e-14
8101.290527 1.3388e-14
8106.175293 1.3351e-14
8111.060059 1.336e-14
8115.944824 1.3332e-14
8120.82959 1.3326e-14
8125.714355 1.3319e-14
8130.599121 1.332e-14
8135.483887 1.3279e-14
8140.368164 1.3194e-14
8145.25293 1.3193e-14
8150.137695 1.3187e-14
8155.022461 1.317e-14
8159.907227 1.3108e-14
8164.791504 1.3093e-14
8169.67627 1.3024e-14
8174.561035 1.2947e-14
8179.445801 1.2929e-14
8184.330078 1.2831e-14
8189.214844 1.2869e-14
8194.099609 1.2837e-14
8198.984375 1.2851e-14
8203.869141 1.2868e-14
8208.75293 1.2826e-14
8213.637695 1.2783e-14
8218.522461 1.2779e-14
8223.407227 1.2736e-14
8228.291016 1.27e-14
8233.175781 1.2609e-14
8238.060547 1.2585e-14
8242.945312 1.2585e-14
8247.829102 1.2568e-14
8252.713867 1.2516e-14
8257.598633 1.2468e-14
8262.483398 1.2417e-14
8267.367188 1.2389e-14
8272.251953 1.2388e-14
8277.136719 1.2434e-14
8282.020508 1.2399e-14
8286.905273 1.2337e-14
8291.790039 1.2318e-14
8296.673828 1.2247e-14
8301.558594 1.2153e-14
8306.443359 1.2152e-14
8311.327148 1.2193e-14
8316.211914 1.2165e-14
8321.095703 1.2145e-14
8325.980469 1.2135e-14
8330.865234 1.2042e-14
8335.749023 1.2041e-14
8340.633789 1.1976e-14
8345.517578 1.1938e-14
8350.402344 1.1963e-14
8355.286133 1.1918e-14
8360.170898 1.1862e-14
8365.054688 1.1838e-14
8369.939453 1.1793e-14
8374.823242 1.1831e-14
8379.708008 1.1823e-14
8384.591797 1.1836e-14
8389.475586 1.1805e-14
8394.360352 1.1762e-14
8399.244141 1.1758e-14
8404.128906 1.1661e-14
8409.012695 1.1661e-14
8413.896484 1.1653e-14
8418.78125 1.1597e-14
8423.665039 1.1621e-14
8428.548828 1.1566e-14
8433.433594 1.1514e-14
8438.317383 1.1472e-14
8443.201172 1.1387e-14
8448.084961 1.1347e-14
8452.969727 1.1337e-14
8457.853516 1.1386e-14
8462.737305 1.1346e-14
8467.621094 1.1357e-14
8472.505859 1.1318e-14
8477.389648 1.1294e-14
8482.273438 1.1296e-14
8487.157227 1.1258e-14
8492.041016 1.1202e-14
8496.924805 1.1247e-14
8501.808594 1.116e-14
8506.692383 1.1108e-14
8511.577148 1.1073e-14
8516.460938 1.1023e-14
8521.344727 1.0963e-14
8526.228516 1.0959e-14
8531.112305 1.0974e-14
8535.996094 1.0986e-14
8540.879883 1.0967e-14
8545.763672 1.0918e-14
8550.646484 1.0899e-14
8555.530273 1.0914e-14
8560.414062 1.0858e-14
8565.297852 1.0884e-14
8570.181641 1.0894e-14
8575.06543 1.0878e-14
8579.949219 1.0788e-14
8584.833008 1.0685e-14
8589.71582 1.0629e-14
8594.599609 1.0649e-14
8599.483398 1.0648e-14
8604.367188 1.0588e-14
8609.25 1.0607e-14
8614.133789 1.0552e-14
8619.017578 1.0653e-14
8623.900391 1.0586e-14
8628.78418 1.0521e-14
8633.667969 1.0528e-14
8638.550781 1.043e-14
8643.43457 1.0401e-14
8648.318359 1.0407e-14
8653.201172 1.0349e-14
8658.084961 1.0377e-14
8662.967773 1.0384e-14
8667.851562 1.0339e-14
8672.734375 1.0333e-14
8677.618164 1.0265e-14
8682.500977 1.0272e-14
8687.384766 1.0295e-14
8692.267578 1.0251e-14
8697.150391 1.0271e-14
8702.03418 1.025e-14
8706.916992 1.0196e-14
8711.799805 1.0143e-14
8716.683594 1.0084e-14
8721.566406 1.0078e-14
8726.449219 1.0046e-14
8731.332031 1.0079e-14
8736.21582 1.0074e-14
8741.098633 1.0022e-14
8745.981445 9.958e-15
8750.864258 9.9728e-15
8755.74707 9.971e-15
8760.630859 9.9785e-15
8765.513672 9.9734e-15
8770.396484 9.9085e-15
8775.279297 9.8652e-15
8780.162109 9.8585e-15
8785.044922 9.7693e-15
8789.927734 9.7255e-15
8794.810547 9.7757e-15
8799.693359 9.7475e-15
8804.576172 9.7407e-15
8809.458008 9.7373e-15
8814.34082 9.7275e-15
8819.223633 9.6538e-15
8824.106445 9.6235e-15
8828.989258 9.5904e-15
8833.87207 9.5782e-15
8838.753906 9.5975e-15
8843.636719 9.6092e-15
8848.519531 9.5477e-15
8853.401367 9.4947e-15
8858.28418 9.456e-15
8863.166992 9.4247e-15
8868.048828 9.401e-15
8872.931641 9.431e-15
8877.814453 9.4708e-15
8882.696289 9.4394e-15
8887.579102 9.3916e-15
8892.460938 9.3666e-15
8897.34375 9.3226e-15
8902.225586 9.2898e-15
8907.107422 9.2778e-15
8911.990234 9.2797e-15
8916.87207 9.303e-15
8921.754883 9.2912e-15
8926.636719 9.2705e-15
8931.518555 9.2619e-15
8936.400391 9.1704e-15
8941.283203 9.1071e-15
8946.165039 9.1095e-15
8951.046875 9.0922e-15
8955.928711 9.1866e-15
8960.810547 9.1616e-15
8965.692383 9.1199e-15
8970.575195 9.0721e-15
8975.457031 8.9683e-15
8980.338867 8.9595e-15
8985.220703 8.9839e-15
8990.102539 8.9755e-15
8994.984375 8.9846e-15
8999.865234 8.9358e-15
9004.74707 8.8754e-15
9009.628906 8.7814e-15
9014.510742 8.7859e-15
9019.392578 8.8809e-15
9024.274414 8.8767e-15
9029.155273 8.8369e-15
9034.037109 8.7931e-15
9038.918945 8.7838e-15
9043.799805 8.7256e-15
9048.681641 8.7079e-15
9053.563477 8.6813e-15
9058.444336 8.668e-15
9063.326172 8.6983e-15
9068.207031 8.6483e-15
9073.088867 8.7128e-15
9077.969727 8.8138e-15
9082.851562 8.7425e-15
9087.732422 8.6531e-15
9092.614258 8.5777e-15
9097.495117 8.5548e-15
9102.375977 8.5882e-15
9107.257812 8.5928e-15
9112.138672 8.5888e-15
9117.019531 8.5544e-15
9121.900391 8.4734e-15
9126.78125 8.4602e-15
9131.663086 8.4231e-15
9136.543945 8.405e-15
9141.424805 8.4197e-15
9146.305664 8.4103e-15
9151.186523 8.428e-15
9156.067383 8.4349e-15
9160.948242 8.378e-15
9165.829102 8.3257e-15
9170.709961 8.2437e-15
9175.589844 8.211e-15
9180.470703 8.1973e-15
9185.351562 8.2188e-15
9190.232422 8.257e-15
9195.112305 8.2452e-15
9199.993164 8.1865e-15
9204.874023 8.0929e-15
9209.754883 8.0641e-15
9214.634766 8.0097e-15
9219.515625 7.9928e-15
9224.395508 7.9946e-15
9229.276367 7.9999e-15
9234.15625 8.0188e-15
9239.037109 7.9946e-15
9243.916992 7.9538e-15
9248.796875 7.9215e-15
9253.677734 7.9074e-15
9258.557617 7.9867e-15
9263.4375 7.9585e-15
9268.318359 7.9548e-15
9273.198242 7.9133e-15
9278.078125 7.8313e-15
9282.958008 7.8168e-15
9287.837891 7.8768e-15
9292.717773 7.9163e-15
9297.597656 7.9203e-15
9302.477539 7.978e-15
9307.357422 7.9296e-15
9312.237305 7.8866e-15
9317.117188 7.768e-15
9321.99707 7.7264e-15
9326.876953 7.752e-15
9331.756836 7.7648e-15
9336.635742 7.7252e-15
9341.515625 7.6936e-15
9346.395508 7.6942e-15
9351.274414 7.6083e-15
9356.154297 7.6124e-15
9361.03418 7.6544e-15
9365.913086 7.6182e-15
9370.792969 7.6196e-15
9375.671875 7.6476e-15
9380.551758 7.6074e-15
9385.430664 7.6175e-15
9390.30957 7.6535e-15
9395.189453 7.5677e-15
9400.068359 7.5115e-15
9404.947266 7.511e-15
9409.826172 7.5335e-15
9414.706055 7.4985e-15
9419.584961 7.3936e-15
9424.463867 7.3975e-15
9429.342773 7.4471e-15
9434.22168 7.4657e-15
9439.100586 7.47e-15
9443.979492 7.4405e-15
9448.858398 7.3843e-15
9453.737305 7.3738e-15
9458.615234 7.3525e-15
9463.494141 7.3255e-15
9468.373047 7.3233e-15
9473.251953 7.3167e-15
9478.129883 7.2973e-15
9483.008789 7.2833e-15
9487.887695 7.224e-15
9492.765625 7.1815e-15
9497.644531 7.2281e-15
9502.522461 7.2283e-15
9507.401367 7.1703e-15
9512.279297 7.1531e-15
9517.157227 7.0834e-15
9522.036133 7.0679e-15
9526.914062 7.0178e-15
9531.791992 6.9911e-15
9536.670898 6.9186e-15
9541.548828 6.9096e-15
9546.426758 6.9393e-15
9551.304688 6.8873e-15
9556.182617 6.9309e-15
9561.060547 6.9299e-15
9565.938477 6.9498e-15
9570.816406 6.9484e-15
9575.694336 6.9342e-15
9580.572266 6.9001e-15
9585.449219 6.8125e-15
9590.327148 6.8873e-15
9595.205078 6.9549e-15
9600.083008 6.9559e-15
9604.959961 6.943e-15
9609.837891 6.8744e-15
9614.714844 6.8712e-15
9619.592773 6.879e-15
9624.469727 6.8871e-15
9629.347656 6.8143e-15
9634.224609 6.8339e-15
9639.102539 6.8671e-15
9643.979492 6.7779e-15
9648.856445 6.7821e-15
9653.733398 6.7297e-15
9658.610352 6.7362e-15
9663.488281 6.8061e-15
9668.365234 6.7834e-15
9673.242188 6.719e-15
9678.119141 6.7131e-15
9682.996094 6.7236e-15
9687.873047 6.6938e-15
9692.749023 6.7383e-15
9697.625977 6.7697e-15
9702.50293 6.7286e-15
9707.379883 6.7293e-15
9712.255859 6.6306e-15
9717.132812 6.5948e-15
9722.009766 6.5642e-15
9726.885742 6.602e-15
9731.762695 6.617e-15
9736.638672 6.6388e-15
9741.515625 6.5762e-15
9746.391602 6.5741e-15
9751.267578 6.5444e-15
9756.144531 6.5141e-15
9761.020508 6.5245e-15
9765.896484 6.5617e-15
9770.772461 6.5328e-15
9775.648438 6.4929e-15
9780.524414 6.4875e-15
9785.400391 6.4438e-15
9790.276367 6.3818e-15
9795.152344 6.36e-15
9800.02832 6.414e-15
9804.904297 6.4076e-15
9809.780273 6.3794e-15
9814.65625 6.3711e-15
9819.53125 6.3635e-15
9824.407227 6.2712e-15
9829.283203 6.2627e-15
9834.158203 6.2617e-15
9839.03418 6.274e-15
9843.90918 6.2888e-15
9848.78418 6.2541e-15
9853.660156 6.2501e-15
9858.535156 6.291e-15
9863.410156 6.3071e-15
9868.286133 6.2989e-15
9873.161133 6.2546e-15
9878.036133 6.2646e-15
9882.911133 6.2547e-15
9887.786133 6.2565e-15
9892.661133 6.2444e-15
9897.536133 6.1922e-15
9902.411133 6.1609e-15
9907.286133 6.0985e-15
9912.160156 6.076e-15
9917.035156 6.0074e-15
9921.910156 6.0616e-15
9926.78418 6.1123e-15
9931.65918 6.048e-15
9936.53418 5.9835e-15
9941.408203 6.024e-15
9946.282227 6.0694e-15
9951.157227 6.0775e-15
9956.03125 6.0243e-15
9960.905273 6.0021e-15
9965.780273 5.9812e-15
9970.654297 5.9377e-15
9975.52832 5.9552e-15
9980.402344 5.9431e-15
9985.276367 5.9306e-15
9990.150391 5.8688e-15
9995.024414 5.8457e-15
9999.898438 5.8772e-15
10004.772461 5.9006e-15
10009.646484 5.8148e-15
10014.519531 5.767e-15
10019.393555 5.8172e-15
10024.267578 5.8082e-15
10029.140625 5.7308e-15
10034.014648 5.7416e-15
10038.887695 5.6606e-15
10043.761719 5.5997e-15
10048.634766 5.7393e-15
10053.507812 5.5966e-15
10058.381836 5.5147e-15
10063.254883 5.5243e-15
10068.12793 5.6487e-15
10073.000977 5.7308e-15
10077.874023 5.6653e-15
10082.74707 5.6278e-15
10087.620117 5.5914e-15
10092.493164 5.6522e-15
10097.366211 5.6526e-15
10102.238281 5.5526e-15
10107.111328 5.5702e-15
10111.984375 5.6037e-15
10116.857422 5.5469e-15
10121.729492 5.5021e-15
10126.602539 5.538e-15
10131.474609 5.5818e-15
10136.34668 5.5998e-15
10141.219727 5.573e-15
10146.091797 5.5774e-15
10150.963867 5.6437e-15
10155.836914 5.5619e-15
10160.708984 5.494e-15
10165.581055 5.4202e-15
10170.453125 5.5644e-15
10175.325195 5.5608e-15
10180.197266 5.4822e-15
10185.069336 5.5121e-15
10197.518000000002 5.486e-15
10225.658 5.4142e-15
10253.798999999999 5.3596e-15
10281.94 5.3173e-15
10310.08 5.2116e-15
10338.219 5.1242e-15
10366.359999999999 5.0937e-15
10394.5 5.0632e-15
10422.641 5.0117e-15
10450.782000000001 4.9329e-15
10478.921999999999 4.8768e-15
10507.063 4.8592e-15
10535.202 4.8332e-15
10563.343 4.8081e-15
10591.483 4.7536e-15
10619.624000000002 4.7402e-15
10647.764 4.6736e-15
10675.905 4.5603e-15
10704.045 4.5405e-15
10732.186 4.5029e-15
10760.326000000001 4.4782e-15
10788.466999999999 4.4393e-15
10816.607 4.3873e-15
10844.747 4.3548e-15
10872.887 4.2407e-15
10901.027999999998 4.1402e-15
10929.168 4.0961e-15
10957.309 4.0535e-15
10985.45 4.0465e-15
11013.59 4.0199e-15
11041.729 4.0105e-15
11069.869999999999 4.0418e-15
11098.011 3.9735e-15
11126.151 3.916e-15
11154.292 3.8843e-15
11182.432 3.8574e-15
11210.572999999999 3.8609e-15
11238.713 3.7964e-15
11266.854 3.7121e-15
11294.994 3.6452e-15
11323.135 3.614e-15
11351.274 3.6054e-15
11379.414999999999 3.5564e-15
11407.555 3.5008e-15
11435.696 3.4479e-15
11463.836000000001 3.4139e-15
11491.977 3.3709e-15
11520.117999999999 3.3389e-15
11548.257 3.3293e-15
11576.397 3.3198e-15
11604.538 3.2758e-15
11632.678999999998 3.2072e-15
11660.819 3.1913e-15
11688.96 3.1661e-15
11690.296 3.219e-15
11730.288 3.1534e-15
11770.281 3.1096e-15
11810.273 3.0745e-15
11850.265 3.029e-15
11890.259 2.9762e-15
11930.251 2.9323e-15
11970.243 2.8902e-15
12010.236 2.8418e-15
12050.228000000001 2.8004e-15
12090.220000000001 2.7623e-15
12130.213000000002 2.7591e-15
12170.205999999998 2.76e-15
12210.198999999999 2.7125e-15
12250.190999999999 2.6501e-15
12290.182999999999 2.5909e-15
12330.176 2.5545e-15
12370.169 2.5387e-15
12410.161 2.5118e-15
12450.154 2.4742e-15
12490.146 2.4331e-15
12530.137999999999 2.4139e-15
12570.131 2.3929e-15
12610.123 2.347e-15
12650.117 2.2961e-15
12690.109 2.2631e-15
12730.101 2.2562e-15
12770.094000000001 2.2007e-15
12810.086000000001 2.1539e-15
12850.08 2.116e-15
12890.071999999998 2.0953e-15
12930.063999999998 2.1084e-15
12970.056999999999 2.1312e-15
13010.048999999999 2.0592e-15
13050.041 2.0388e-15
13090.034 2.037e-15
13130.026 2.0274e-15
13170.017999999998 1.9768e-15
13210.012 1.9391e-15
13250.003999999999 1.9256e-15
13289.996 1.9252e-15
13329.989 1.9049e-15
13369.981 1.8795e-15
13409.975 1.8606e-15
13449.967 1.8378e-15
13489.959 1.8185e-15
13529.952000000001 1.7928e-15
13569.944000000001 1.7703e-15
13609.936 1.7527e-15
13649.929 1.7321e-15
13689.922 1.7126e-15
13729.914 1.6883e-15
13769.907 1.6641e-15
13809.899000000001 1.6525e-15
13849.891000000001 1.6411e-15
13889.885 1.6258e-15
13929.876999999999 1.6056e-15
13969.869999999999 1.5762e-15
14009.862 1.555e-15
14049.854 1.5432e-15
14089.847 1.5292e-15
14129.839 1.5035e-15
14169.832 1.4777e-15
14209.825 1.4691e-15
14249.817000000001 1.4603e-15
14289.809 1.441e-15
14329.802 1.4253e-15
14369.795 1.4099e-15
14409.787999999999 1.3949e-15
14449.78 1.3797e-15
14489.772 1.3594e-15
14529.765 1.3543e-15
14569.757000000001 1.3491e-15
14609.749000000002 1.3302e-15
14649.743 1.313e-15
14689.734999999999 1.3029e-15
14729.728 1.2925e-15
14769.72 1.2822e-15
14809.712 1.2756e-15
14849.705 1.2556e-15
14889.697 1.2373e-15
14929.69 1.2246e-15
14969.683 1.2115e-15
15009.675 1.1977e-15
15049.667 1.1836e-15
15089.66 1.1702e-15
15129.652 1.1537e-15
15169.644 1.1401e-15
15209.638 1.1256e-15
15249.630000000001 1.117e-15
15289.623000000001 1.1088e-15
15329.615000000002 1.0991e-15
15369.607 1.0944e-15
15409.600999999999 1.0809e-15
15449.592999999999 1.0697e-15
15489.585 1.0572e-15
15529.578 1.0443e-15
15569.57 1.0345e-15
15609.562 1.0252e-15
15649.555 1.0153e-15
15689.548 1.0046e-15
15729.541000000001 9.9363e-16
15769.533 9.8105e-16
15809.525 9.7009e-16
15849.518 9.5721e-16
15889.511 9.5347e-16
15929.503 9.4997e-16
15969.496000000001 9.411e-16
16009.488000000001 9.3121e-16
16049.48 9.1983e-16
16089.473 9.0945e-16
16129.465 8.998e-16
16169.458999999999 8.9104e-16
16209.451 8.781e-16
16249.443 8.6595e-16
16289.436 8.591e-16
16329.428 8.5483e-16
16369.421 8.4448e-16
16409.414 8.3375e-16
16449.406 8.2832e-16
16489.398 8.2427e-16
16529.391 8.1604e-16
16569.382999999998 8.0615e-16
16609.375 7.9673e-16
16649.369 7.8663e-16
16689.361 7.8141e-16
16729.354 7.7859e-16
16769.346 7.6955e-16
16809.338 7.5604e-16
16849.331000000002 7.4898e-16
16889.323 7.4359e-16
16929.317 7.3865e-16
16969.308999999997 7.3482e-16
17009.301 7.2876e-16
17049.293999999998 7.2108e-16
17089.286 7.1165e-16
17129.278 7.0284e-16
17169.271 6.9582e-16
17209.264 6.9006e-16
17249.256 6.8363e-16
17289.249 6.7679e-16
17329.240999999998 6.6878e-16
17369.233 6.6332e-16
17409.227 6.5942e-16
17449.219 6.5533e-16
17489.212 6.5071e-16
17529.204 6.4421e-16
17569.196 6.3754e-16
17609.189000000002 6.3185e-16
17649.181 6.2705e-16
17689.174 6.2088e-16
17729.166999999998 6.1643e-16
17769.159 6.115e-16
17809.151 6.0627e-16
17849.144 6.0041e-16
17889.137 5.952e-16
17929.13 5.8944e-16
17969.122 5.8544e-16
18009.113999999998 5.8287e-16
18049.107 5.7504e-16
18089.099 5.682e-16
18129.091 5.614e-16
18169.085 5.5811e-16
18209.077 5.5269e-16
18249.069 5.4823e-16
18289.062 5.4402e-16
18329.054 5.4072e-16
18369.048 5.3623e-16
18409.04 5.3013e-16
18449.032 5.273e-16
18489.024999999998 5.2176e-16
18529.017 5.1966e-16
18569.009000000002 5.1307e-16
18609.002 5.0913e-16
18648.994000000002 5.0048e-16
18688.986 4.9413e-16
18728.98 4.8593e-16
18768.971999999998 4.8236e-16
18808.964 4.8179e-16
18848.957 4.7683e-16
18888.949 4.7779e-16
18929.107 4.7328e-16
18986.497 4.7251e-16
19043.888 4.6272e-16
19101.278 4.583e-16
19158.667 4.5498e-16
19216.058 4.5274e-16
19273.448 4.4381e-16
19330.838 4.3594e-16
19388.227 4.3161e-16
19445.617 4.234e-16
19503.007999999998 4.1865e-16
19560.398 4.1422e-16
19617.788 4.0895e-16
19675.179 4.0414e-16
19732.568 3.9988e-16
19789.958000000002 3.9749e-16
19847.348 3.9285e-16
19904.736999999997 3.9022e-16
19962.128 3.8405e-16
20019.519 3.7655e-16
20076.909 3.7188e-16
20134.299000000003 3.6975e-16
20191.689 3.6612e-16
20249.077999999998 3.6151e-16
20306.468 3.5866e-16
20363.858 3.5354e-16
20421.247 3.4889e-16
20478.637000000002 3.4879e-16
20536.029 3.445e-16
20593.419 3.3879e-16
20650.808999999997 3.3765e-16
20708.199 3.3379e-16
20765.588 3.2799e-16
20822.978 3.2367e-16
20880.368 3.2164e-16
20937.760000000002 3.1918e-16
20995.149999999998 3.1591e-16
21052.539 3.1239e-16
21109.929 3.1041e-16
21167.319 3.0683e-16
21224.709000000003 3.0236e-16
21282.098 2.9812e-16
21339.488 2.9349e-16
21396.878 2.9359e-16
21454.27 2.8986e-16
21511.66 2.845e-16
21569.049 2.7985e-16
21626.439 2.7743e-16
21683.829 2.7525e-16
21741.218999999997 2.7278e-16
21798.608 2.7105e-16
21856.0 2.6854e-16
21913.390000000003 2.6633e-16
21970.78 2.6417e-16
22028.170000000002 2.6178e-16
22085.558999999997 2.5871e-16
22142.949 2.5585e-16
22200.338999999996 2.5364e-16
22257.729 2.5138e-16
22315.118 2.4936e-16
22372.510000000002 2.4601e-16
22429.899999999998 2.438e-16
22487.29 2.4264e-16
22544.68 2.4094e-16
22602.069 2.3797e-16
22659.459000000003 2.3401e-16
22716.849 2.3145e-16
22774.241 2.2942e-16
22831.630999999998 2.2784e-16
22889.02 2.2506e-16
22946.41 2.2234e-16
23003.8 2.2014e-16
23061.19 2.1761e-16
23118.579 2.1366e-16
23175.968999999997 2.1003e-16
23233.359 2.1025e-16
23290.749000000003 2.0967e-16
23348.138 2.0644e-16
23405.53 2.0233e-16
23462.920000000002 2.0079e-16
23520.31 1.9989e-16
23577.7 1.9847e-16
23635.088999999996 1.9759e-16
23692.479 1.9545e-16
23749.869000000002 1.9372e-16
23807.261 1.9134e-16
23864.651 1.8967e-16
23922.04 1.8881e-16
23979.43 1.8798e-16
24036.82 1.8588e-16
24094.21 1.8304e-16
24151.599 1.8106e-16
24208.989 1.7952e-16
24266.378999999997 1.7693e-16
24323.771 1.7409e-16
24381.160999999996 1.7322e-16
24438.550000000003 1.7215e-16
24495.94 1.6876e-16
24553.329999999998 1.6564e-16
24610.72 1.6563e-16
24668.109 1.6558e-16
24725.502 1.6526e-16
24782.891 1.641e-16
24840.281000000003 1.6103e-16
24897.671 1.5956e-16
24955.059999999998 1.5873e-16
