wave flux
2914.097412109375 5.4934e-15
2916.841797 3.3338e-15
2919.585938 1.0938e-14
2922.330322 1.1359e-14
2925.074707 6.3596e-15
2927.819092 0.0
2930.563477 0.0
2933.307861 0.0
2936.052246 0.0
2938.796631 4.7897e-15
2941.541016 7.2224e-15
2944.285645 0.0
2947.030273 2.7766e-15
2949.774658 2.3183e-15
2952.519287 0.0
2955.263916 0.0
2958.008545 0.0
2960.753174 2.9213e-15
2963.497803 0.0
2966.242676 0.0
2968.987305 4.0651e-16
2971.731934 1.0395e-15
2974.476807 5.909e-16
2977.22168 1.5361e-15
2979.966553 3.0951e-15
2982.711182 0.0
2985.456055 0.0
2988.200928 2.1855e-15
2990.946045 1.4122e-15
2993.690918 0.0
2996.435791 2.001e-15
2999.180908 2.978e-16
3001.925781 6.5163e-16
3004.670898 1.4616e-15
3007.416016 6.926e-16
3010.161133 1.7726e-15
3012.90625 1.2089e-15
3015.651367 2.1713e-17
3018.396484 0.0
3021.141602 8.1893e-16
3023.886719 1.615e-15
3026.63208 7.2962e-16
3029.377197 1.1439e-15
3032.122559 0.0
3034.86792 0.0
3037.613281 1.9655e-16
3040.358398 1.0706e-15
3043.10376 1.4037e-16
3045.849365 1.7094e-16
3048.594727 1.493e-15
3051.340088 1.239e-15
3054.085449 1.5595e-15
3056.831055 1.3401e-15
3059.576416 3.3699e-16
3062.322021 0.0
3065.067627 6.0701e-16
3067.813232 1.6534e-16
3070.558594 1.5179e-18
3073.304199 0.0
3076.049805 1.8197e-16
3078.795654 3.825e-16
3081.54126 0.0
3084.286865 8.6649e-16
3087.032715 0.0
3089.77832 7.2249e-16
3092.52417 5.9837e-16
3095.27002 1.5158e-15
3098.015625 4.696e-16
3100.761475 2.1829e-16
3103.507324 0.0
3106.253174 1.0726e-15
3108.999023 7.7558e-16
3111.745117 4.1576e-16
3114.490967 0.0
3117.236816 6.013e-16
3119.98291 8.963e-16
3122.72876 5.9659e-16
3125.474854 2.7633e-16
3128.220947 1.0704e-15
3130.967041 6.8018e-16
3133.713135 9.095e-16
3136.459229 0.0
3139.205322 0.0
3141.951416 1.708e-15
3144.69751 2.3446e-16
3147.443604 5.2005e-17
3150.189941 4.4022e-16
3152.936035 0.0
3155.682373 1.2932e-15
3158.428467 2.0128e-16
3161.174805 1.7487e-15
3163.921143 7.2202e-16
3166.66748 1.0097e-15
3169.413818 1.7429e-15
3172.160156 1.6998e-15
3174.906494 1.8671e-15
3177.652832 1.43e-15
3180.399414 0.0
3183.145752 0.0
3185.89209 9.8148e-16
3188.638672 1.6144e-15
3191.385254 1.9063e-15
3194.131592 1.3394e-15
3196.878174 1.5407e-15
3199.624756 9.9308e-16
3202.371338 1.5178e-15
3205.11792 1.4581e-15
3207.864502 2.1447e-15
3210.611084 1.8364e-15
3213.357666 1.5127e-15
3216.104492 1.3745e-15
3218.851074 1.5703e-15
3221.5979 1.6043e-15
3224.344482 1.2478e-15
3227.091309 1.8248e-15
3229.837891 2.0273e-15
3232.584717 1.7555e-15
3235.331543 1.5398e-15
3238.078369 1.3026e-15
3240.825195 2.2442e-15
3243.572021 2.0124e-15
3246.318848 1.3025e-15
3249.065674 2.135e-15
3251.812744 1.5243e-15
3254.55957 1.0095e-15
3257.306396 1.4551e-15
3260.053467 6.3212e-16
3262.800293 2.6922e-15
3265.547363 1.4246e-15
3268.294434 2.5341e-15
3271.041504 2.4117e-15
3273.78833 1.6117e-15
3276.5354 2.2847e-15
3279.282471 2.1958e-15
3282.029541 1.9056e-15
3284.776855 2.6655e-15
3287.523926 2.2048e-15
3290.270996 2.0141e-15
3293.018066 3.2825e-15
3295.765381 3.2928e-15
3298.512451 2.4559e-15
3301.259766 2.3496e-15
3304.006836 2.6933e-15
3306.75415 2.5561e-15
3309.501465 3.8531e-15
3312.248779 3.5441e-15
3314.996094 3.5055e-15
3317.743408 4.1873e-15
3320.490723 4.6129e-15
3323.238037 3.5814e-15
3325.985352 3.88e-15
3328.732666 4.342e-15
3331.47998 4.6895e-15
3334.227539 4.0876e-15
3336.974854 3.7971e-15
3339.722412 4.3387e-15
3342.469727 4.5699e-15
3345.217285 4.9476e-15
3347.9646 4.8226e-15
3350.712158 4.5265e-15
3353.459717 4.8495e-15
3356.207275 5.1755e-15
3358.954834 4.5938e-15
3361.702393 5.1023e-15
3364.449951 5.0153e-15
3367.19751 3.5778e-15
3369.945068 4.2667e-15
3372.692627 4.7928e-15
3375.440186 5.652e-15
3378.187988 4.7479e-15
3380.935547 4.5164e-15
3383.68335 6.5574e-15
3386.430908 6.1304e-15
3389.178711 5.6151e-15
3391.92627 4.7983e-15
3394.674072 6.0476e-15
3397.421875 5.453e-15
3400.169678 6.4616e-15
3402.91748 6.0813e-15
3405.665283 6.035e-15
3408.413086 5.4611e-15
3411.160889 4.7717e-15
3413.908691 4.6377e-15
3416.656494 5.4142e-15
3419.404297 7.7776e-15
3422.152344 6.9142e-15
3424.900146 6.7734e-15
3427.647949 7.9633e-15
3430.395996 8.5424e-15
3433.143799 7.0339e-15
3435.891846 6.2563e-15
3438.639648 5.6679e-15
3441.387695 4.2316e-15
3444.135742 4.8469e-15
3446.883789 6.7789e-15
3449.631836 7.3481e-15
3452.379639 7.6784e-15
3455.127686 8.1853e-15
3457.875732 7.808e-15
3460.623779 7.5845e-15
3463.37207 7.1392e-15
3466.120117 6.8459e-15
3468.868164 7.4462e-15
3471.616211 7.8568e-15
3474.364258 6.117e-15
3477.112549 6.7705e-15
3479.860596 9.4255e-15
3482.608887 1.0291e-14
3485.356934 9.0234e-15
3488.105225 9.0753e-15
3490.853271 7.9713e-15
3493.601562 7.4849e-15
3496.349854 7.9704e-15
3499.098145 9.0932e-15
3501.846191 9.69e-15
3504.594482 1.1216e-14
3507.342773 1.1156e-14
3510.091064 9.2632e-15
3512.839355 8.222e-15
3515.587646 7.7878e-15
3518.335938 9.7079e-15
3521.084473 9.388e-15
3523.832764 6.78e-15
3526.581055 7.7067e-15
3529.329346 9.6209e-15
3532.077881 9.2825e-15
3534.826172 1.1369e-14
3537.574463 1.3354e-14
3540.322998 1.3709e-14
3543.071289 1.4422e-14
3545.819824 1.4375e-14
3548.568359 1.2691e-14
3551.31665 1.3001e-14
3554.065186 1.1774e-14
3556.813721 1.2411e-14
3559.562256 1.2263e-14
3562.310547 1.2319e-14
3565.059082 1.0195e-14
3567.807617 9.7229e-15
3570.556152 7.8121e-15
3573.304688 9.3056e-15
3576.053223 8.8519e-15
3578.801758 5.57e-15
3581.550293 6.071e-15
3584.299072 7.4565e-15
3587.047607 7.922e-15
3589.796143 8.4728e-15
3592.544678 8.7115e-15
3595.293457 8.4569e-15
3598.041992 1.0726e-14
3600.790527 1.0942e-14
3603.539307 9.9962e-15
3606.287842 8.1569e-15
3609.036621 7.8378e-15
3611.785156 1.015e-14
3614.533936 1.0882e-14
3617.282715 1.1551e-14
3620.03125 8.9898e-15
3622.780029 1.0114e-14
3625.528809 1.1745e-14
3628.277588 1.2467e-14
3631.026123 1.0014e-14
3633.774902 1.0103e-14
3636.523682 1.1204e-14
3639.272461 1.132e-14
3642.02124 1.1505e-14
3644.77002 1.035e-14
3647.518799 9.5309e-15
3650.267578 1.111e-14
3653.016357 1.2459e-14
3655.765381 1.1791e-14
3658.51416 1.1755e-14
3661.262939 1.271e-14
3664.011719 1.4272e-14
3666.760498 1.3136e-14
3669.509521 1.2903e-14
3672.258301 1.1937e-14
3675.00708 1.1119e-14
3677.756104 1.1348e-14
3680.504883 1.0478e-14
3683.253906 1.2096e-14
3686.002686 1.1937e-14
3688.751709 1.117e-14
3691.500488 1.3338e-14
3694.249512 1.39e-14
3696.998535 1.3692e-14
3699.747314 1.4192e-14
3702.496338 1.2681e-14
3705.245361 1.0969e-14
3707.994141 9.9973e-15
3710.743164 1.1518e-14
3713.492188 1.2982e-14
3716.241211 1.3829e-14
3718.990234 9.1027e-15
3721.739258 6.8327e-15
3724.488281 1.0468e-14
3727.237061 1.0929e-14
3729.986084 1.1034e-14
3732.735107 7.7966e-15
3735.484131 7.1533e-15
3738.233398 7.2724e-15
3740.982422 1.0071e-14
3743.731445 9.8793e-15
3746.480469 6.5606e-15
3749.229492 7.6044e-15
3751.978516 1.0712e-14
3754.727539 1.3592e-14
3757.476807 1.3445e-14
3760.22583 1.3452e-14
3762.974854 1.335e-14
3765.723877 1.3494e-14
3768.473145 1.452e-14
3771.222168 1.626e-14
3773.971191 1.675e-14
3776.720459 1.602e-14
3779.469482 1.6468e-14
3782.21875 1.6703e-14
3784.967773 1.6074e-14
3787.717041 1.5227e-14
3790.466064 1.5302e-14
3793.215332 1.5739e-14
3795.964355 1.5831e-14
3798.713623 1.6009e-14
3801.462646 1.4419e-14
3804.211914 1.6933e-14
3806.961182 1.6315e-14
3809.710205 1.6186e-14
3812.459473 1.5731e-14
3815.20874 1.4499e-14
3817.957764 1.3335e-14
3820.707031 1.1533e-14
3823.456299 1.0702e-14
3826.205566 1.0338e-14
3828.95459 1.2071e-14
3831.703857 1.3451e-14
3834.453125 1.4416e-14
3837.202393 1.5514e-14
3839.95166 1.4625e-14
3842.700684 1.5013e-14
3845.449951 1.6515e-14
3848.199219 1.6412e-14
3850.948486 1.4913e-14
3853.697754 1.516e-14
3856.447021 1.2392e-14
3859.196289 1.0034e-14
3861.945557 1.0749e-14
3864.694824 1.4632e-14
3867.444092 1.566e-14
3870.193359 1.6862e-14
3872.942627 1.6325e-14
3875.691895 1.3676e-14
3878.441162 1.3716e-14
3881.19043 1.4635e-14
3883.939697 1.5632e-14
3886.688965 1.3292e-14
3889.438232 1.4996e-14
3892.1875 1.6099e-14
3894.937012 1.5771e-14
3897.686279 1.4949e-14
3900.435547 1.5557e-14
3903.184814 1.6769e-14
3905.934082 1.7632e-14
3908.68335 1.7244e-14
3911.432617 1.9561e-14
3914.182129 1.9567e-14
3916.931396 1.9853e-14
3919.680664 1.6886e-14
3922.429932 1.5103e-14
3925.179443 1.6312e-14
3927.928711 1.5359e-14
3930.677979 1.4787e-14
3933.427246 1.596e-14
3936.176758 1.6503e-14
3938.926025 1.838e-14
3941.675293 1.6936e-14
3944.424561 1.451e-14
3947.174072 1.5193e-14
3949.92334 1.8086e-14
3952.672607 2.1198e-14
3955.421875 1.9899e-14
3958.171387 1.6032e-14
3960.920654 1.2343e-14
3963.669922 1.2408e-14
3966.419434 1.6819e-14
3969.168701 1.8941e-14
3971.917969 2.1097e-14
3974.66748 2.3193e-14
3977.416748 2.6105e-14
3980.166016 2.6103e-14
3982.915527 2.6949e-14
3985.664795 2.8846e-14
3988.414062 2.7588e-14
3991.163574 2.7845e-14
3993.912842 2.8546e-14
3996.662354 2.8797e-14
3999.411621 2.8619e-14
4002.160889 2.9831e-14
4004.9104 2.9394e-14
4007.659668 2.9449e-14
4010.408936 3.009e-14
4013.158447 3.1576e-14
4015.907715 3.1835e-14
4018.656982 3.1185e-14
4021.406494 2.991e-14
4024.155762 2.9535e-14
4026.905029 2.9777e-14
4029.654541 2.7498e-14
4032.403809 2.4397e-14
4035.153076 2.3609e-14
4037.902588 2.9858e-14
4040.651855 3.0979e-14
4043.401123 3.2431e-14
4046.150635 2.735e-14
4048.899902 2.8927e-14
4051.64917 3.1819e-14
4054.398682 3.1048e-14
4057.147949 3.1818e-14
4059.897217 3.0442e-14
4062.646729 2.9834e-14
4065.395996 2.7449e-14
4068.145264 2.7916e-14
4070.894775 2.7453e-14
4073.644043 2.7561e-14
4076.393311 2.7544e-14
4079.142822 2.8194e-14
4081.89209 2.858e-14
4084.641357 2.8817e-14
4087.390625 2.9099e-14
4090.140137 2.9617e-14
4092.889404 2.839e-14
4095.638672 2.8197e-14
4098.388184 2.701e-14
4101.137207 2.7604e-14
4103.886719 2.7954e-14
4106.635742 2.8773e-14
4109.385254 2.7774e-14
4112.134766 2.7858e-14
4114.883789 2.7369e-14
4117.633301 2.7474e-14
4120.382324 2.7968e-14
4123.131836 2.9545e-14
4125.880859 3.0032e-14
4128.630371 2.9326e-14
4131.379883 2.8069e-14
4134.128906 2.8663e-14
4136.878418 2.9032e-14
4139.627441 3.0535e-14
4142.376953 2.9039e-14
4145.125977 2.7324e-14
4147.875488 3.0127e-14
4150.624512 3.0559e-14
4153.374023 3.1396e-14
4156.123047 3.1468e-14
4158.872559 3.1386e-14
4161.621582 3.1777e-14
4164.371094 3.1894e-14
4167.120117 3.0877e-14
4169.869629 3.1063e-14
4172.618652 3.0353e-14
4175.368164 3.043e-14
4178.117188 3.0862e-14
4180.866211 3.0367e-14
4183.615723 3.1569e-14
4186.364746 3.0963e-14
4189.114258 3.0516e-14
4191.863281 2.9328e-14
4194.612305 3.0018e-14
4197.361816 2.9914e-14
4200.11084 2.8309e-14
4202.860352 2.7458e-14
4205.609375 2.9234e-14
4208.358398 2.7863e-14
4211.10791 2.6879e-14
4213.856934 2.5303e-14
4216.605957 2.1745e-14
4219.35498 1.9829e-14
4222.104492 1.5895e-14
4224.853516 9.8512e-15
4227.602539 7.5555e-15
4230.352051 1.0797e-14
4233.101074 1.4695e-14
4235.850098 1.8817e-14
4238.599121 2.0938e-14
4241.348633 2.1203e-14
4244.097656 2.3029e-14
4246.84668 2.3909e-14
4249.595703 2.3697e-14
4252.344727 2.191e-14
4255.09375 2.0504e-14
4257.843262 2.2476e-14
4260.592285 2.3301e-14
4263.341309 2.3716e-14
4266.090332 2.5761e-14
4268.839355 2.6102e-14
4271.588379 2.5082e-14
4274.337402 2.2969e-14
4277.086426 2.3818e-14
4279.835449 2.8117e-14
4282.584473 2.7991e-14
4285.333496 2.816e-14
4288.08252 2.7187e-14
4290.831543 2.336e-14
4293.580566 2.6672e-14
4296.32959 2.8597e-14
4299.078613 2.7205e-14
4301.827637 2.7623e-14
4304.57666 2.7323e-14
4307.325684 2.7458e-14
4310.074707 2.6269e-14
4312.82373 3.0636e-14
4315.572754 3.0147e-14
4318.321777 2.9942e-14
4321.070312 3.0892e-14
4323.819336 3.1674e-14
4326.568359 3.1864e-14
4329.317383 3.2688e-14
4332.066406 3.4355e-14
4334.814941 3.5699e-14
4337.563965 3.4621e-14
4340.312988 3.4272e-14
4343.062012 3.5377e-14
4345.810547 3.4512e-14
4348.55957 3.6162e-14
4351.308594 3.524e-14
4354.057129 3.0712e-14
4356.806152 3.1599e-14
4359.555176 3.1607e-14
4362.303711 3.1445e-14
4365.052734 3.374e-14
4367.80127 3.5139e-14
4370.550293 3.6143e-14
4373.298828 3.5208e-14
4376.047852 3.4888e-14
4378.796387 3.4465e-14
4381.54541 3.4907e-14
4384.293945 3.2088e-14
4387.042969 3.5232e-14
4389.791504 3.6001e-14
4392.540527 3.7233e-14
4395.289062 3.744e-14
4398.037598 3.7647e-14
4400.786621 3.8158e-14
4403.535156 3.7608e-14
4406.283691 3.5805e-14
4409.032715 3.8705e-14
4411.78125 4.0653e-14
4414.529785 4.2012e-14
4417.278809 4.467e-14
4420.027344 4.4259e-14
4422.775879 4.2752e-14
4425.524414 4.049e-14
4428.272949 3.9691e-14
4431.021484 4.2938e-14
4433.770508 4.3126e-14
4436.519043 4.1134e-14
4439.267578 4.2111e-14
4442.016113 4.5457e-14
4444.764648 4.7757e-14
4447.513184 5.0274e-14
4450.261719 5.0451e-14
4453.010254 4.7818e-14
4455.758789 4.5876e-14
4458.507324 4.4271e-14
4461.255859 4.6109e-14
4464.004395 4.7511e-14
4466.752441 4.8896e-14
4469.500977 4.9666e-14
4472.249512 5.0313e-14
4474.998047 5.1461e-14
4477.746582 5.3213e-14
4480.494629 5.3804e-14
4483.243164 5.2626e-14
4485.991699 5.3986e-14
4488.740234 5.579e-14
4491.488281 5.5575e-14
4494.236816 5.7236e-14
4496.984863 5.5558e-14
4499.733398 5.7608e-14
4502.481934 5.7747e-14
4505.22998 5.6519e-14
4507.978516 5.4818e-14
4510.726562 5.3998e-14
4513.475098 5.4448e-14
4516.223145 5.4084e-14
4518.97168 5.655e-14
4521.719727 5.8877e-14
4524.467773 6.0037e-14
4527.216309 5.8089e-14
4529.964355 5.7886e-14
4532.712402 5.7339e-14
4535.460938 5.5601e-14
4538.208984 5.7654e-14
4540.957031 6.3339e-14
4543.705078 6.3454e-14
4546.453125 6.2781e-14
4549.20166 5.9396e-14
4551.949707 5.8088e-14
4554.697754 5.9886e-14
4557.445801 6.3175e-14
4560.193848 6.7356e-14
4562.941895 6.7878e-14
4565.689941 7.0591e-14
4568.437988 7.3438e-14
4571.186035 7.2649e-14
4573.934082 7.303e-14
4576.682129 7.4119e-14
4579.430176 7.1904e-14
4582.177734 6.7694e-14
4584.925781 6.5745e-14
4587.673828 5.9515e-14
4590.421875 5.86e-14
4593.169434 5.9624e-14
4595.91748 6.0298e-14
4598.665527 6.1858e-14
4601.413086 6.2894e-14
4604.161133 6.3508e-14
4606.90918 6.4475e-14
4609.656738 6.5515e-14
4612.404785 7.2524e-14
4615.152344 7.4304e-14
4617.900391 7.5143e-14
4620.647949 7.6408e-14
4623.395996 7.5984e-14
4626.143555 6.8715e-14
4628.891113 6.213e-14
4631.63916 6.0159e-14
4634.386719 5.9975e-14
4637.134277 5.9972e-14
4639.881836 6.1018e-14
4642.629883 6.2926e-14
4645.377441 6.4077e-14
4648.125 6.1982e-14
4650.872559 6.1838e-14
4653.620117 6.3566e-14
4656.367676 6.4761e-14
4659.115234 6.9234e-14
4661.862793 7.1181e-14
4664.610352 7.2385e-14
4667.35791 6.7082e-14
4670.105469 5.9446e-14
4672.853027 5.5156e-14
4675.600586 5.4307e-14
4678.347656 5.6565e-14
4681.095215 5.7146e-14
4683.842773 5.7445e-14
4686.590332 6.0603e-14
4689.337402 6.2358e-14
4692.084961 6.517e-14
4694.832031 6.576e-14
4697.57959 6.8249e-14
4700.327148 6.824e-14
4703.074219 7.1559e-14
4705.821777 7.1151e-14
4708.568848 6.9539e-14
4711.315918 6.8707e-14
4714.063477 6.876e-14
4716.810547 6.4539e-14
4719.557617 6.5619e-14
4722.305176 6.6418e-14
4725.052246 6.7119e-14
4727.799316 6.8258e-14
4730.546387 7.0627e-14
4733.293457 7.1761e-14
4736.040527 7.1391e-14
4738.788086 7.0753e-14
4741.535156 7.2742e-14
4744.282227 7.4183e-14
4747.029297 7.6645e-14
4749.775879 7.8401e-14
4752.522949 7.9531e-14
4755.27002 8.0096e-14
4758.01709 7.6717e-14
4760.76416 6.5709e-14
4763.510742 5.3067e-14
4766.257812 4.94e-14
4769.004883 4.7945e-14
4771.751465 4.9781e-14
4774.498535 5.1097e-14
4777.245605 5.3069e-14
4779.992188 5.3042e-14
4782.739258 5.4106e-14
4785.48584 5.6281e-14
4788.23291 5.9474e-14
4790.979492 6.2341e-14
4793.726074 6.4844e-14
4796.473145 6.729e-14
4799.219727 6.825e-14
4801.966309 6.7362e-14
4804.712891 6.2236e-14
4807.459473 5.3461e-14
4810.206055 5.1219e-14
4812.953125 5.1491e-14
4815.699707 5.4802e-14
4818.446289 5.8048e-14
4821.192871 5.9153e-14
4823.938965 6.0899e-14
4826.685547 6.2946e-14
4829.432129 6.2082e-14
4832.178711 6.3632e-14
4834.925293 6.5817e-14
4837.671387 6.7765e-14
4840.417969 6.8363e-14
4843.164551 6.1513e-14
4845.910645 5.9423e-14
4848.657227 5.8899e-14
4851.40332 5.6039e-14
4854.149902 5.5779e-14
4856.895996 5.7611e-14
4859.642578 5.702e-14
4862.388672 5.8387e-14
4865.134766 5.9852e-14
4867.881348 6.0187e-14
4870.627441 6.1997e-14
4873.373535 6.4968e-14
4876.119629 6.4371e-14
4878.865723 6.6547e-14
4881.611816 6.6921e-14
4884.35791 6.9311e-14
4887.104004 7.1788e-14
4889.850098 7.2013e-14
4892.596191 7.1965e-14
4895.342285 7.386e-14
4898.088379 7.5665e-14
4900.834473 7.4802e-14
4903.580566 7.9533e-14
4906.326172 8.3086e-14
4909.072266 8.6592e-14
4911.817871 8.8127e-14
4914.563965 8.8723e-14
4917.310059 8.8779e-14
4920.055664 8.9075e-14
4922.80127 9.2201e-14
4925.547363 9.7138e-14
4928.292969 1.0008e-13
4931.038574 1.0098e-13
4933.784668 1.002e-13
4936.530273 1.0097e-13
4939.275879 1.0257e-13
4942.021484 1.0525e-13
4944.76709 1.0747e-13
4947.512695 1.1049e-13
4950.258301 1.1239e-13
4953.003906 1.0233e-13
4955.749512 7.3419e-14
4958.495117 5.6402e-14
4961.240723 5.3788e-14
4963.986328 5.5842e-14
4966.731445 5.9184e-14
4969.477051 6.4217e-14
4972.222656 7.0191e-14
4974.967773 7.1908e-14
4977.713379 7.0206e-14
4980.458496 6.9369e-14
4983.204102 7.0592e-14
4985.949219 7.5282e-14
4988.694336 7.616e-14
4991.439941 7.8335e-14
4994.185059 7.986e-14
4996.930176 7.6612e-14
4999.675293 6.951e-14
5002.42041 6.3849e-14
5005.165527 6.3078e-14
5007.910645 6.3118e-14
5010.655762 6.3871e-14
5013.400879 6.3101e-14
5016.145996 6.2717e-14
5018.891113 6.7507e-14
5021.63623 7.0126e-14
5024.381348 7.1365e-14
5027.125977 7.2067e-14
5029.871094 7.3544e-14
5032.615723 7.6894e-14
5035.36084 7.7495e-14
5038.105469 7.918e-14
5040.850586 8.1038e-14
5043.595215 8.3587e-14
5046.340332 8.6694e-14
5049.084961 8.3967e-14
5051.82959 8.1693e-14
5054.574219 8.1926e-14
5057.318848 8.2026e-14
5060.063965 8.3699e-14
5062.808594 8.6635e-14
5065.553223 8.5256e-14
5068.297852 8.6206e-14
5071.041992 8.8481e-14
5073.786621 8.8979e-14
5076.53125 9.0453e-14
5079.275879 8.8139e-14
5082.02002 8.6352e-14
5084.764648 8.6554e-14
5087.509277 8.7851e-14
5090.253418 8.8681e-14
5092.998047 9.0335e-14
5095.742188 8.9978e-14
5098.486328 9.0419e-14
5101.230957 8.6549e-14
5103.975098 8.4152e-14
5106.719238 8.3558e-14
5109.463379 8.8234e-14
5112.208008 9.2185e-14
5114.952148 9.4648e-14
5117.696289 9.5277e-14
5120.44043 9.3422e-14
5123.184082 9.2064e-14
5125.928223 8.9119e-14
5128.672363 9.0068e-14
5131.416504 9.3028e-14
5134.160645 9.7242e-14
5136.904297 1.0013e-13
5139.648438 1.0008e-13
5142.39209 9.7872e-14
5145.13623 9.6821e-14
5147.879883 9.594e-14
5150.623535 9.3964e-14
5153.367676 9.0647e-14
5156.111328 9.5031e-14
5158.85498 1.0454e-13
5161.598633 1.0974e-13
5164.342285 1.0173e-13
5167.086426 8.0135e-14
5169.82959 5.4812e-14
5172.573242 5.0148e-14
5175.316895 5.1477e-14
5178.060547 5.3828e-14
5180.804199 5.5555e-14
5183.547852 5.939e-14
5186.291016 6.6617e-14
5189.034668 7.1932e-14
5191.777832 7.4062e-14
5194.521484 7.7806e-14
5197.264648 8.1006e-14
5200.008301 8.1141e-14
5202.751465 7.6912e-14
5205.494629 6.9848e-14
5208.237793 6.6729e-14
5210.980957 7.4763e-14
5213.724609 9.1493e-14
5216.467773 1.0022e-13
5219.210938 1.0567e-13
5221.953613 1.0816e-13
5224.696777 1.0429e-13
5227.439941 1.0457e-13
5230.183105 1.1223e-13
5232.925781 1.1322e-13
5235.668945 1.1273e-13
5238.412109 1.121e-13
5241.154785 1.0524e-13
5243.897949 9.9057e-14
5246.640625 9.9266e-14
5249.383301 1.0067e-13
5252.126465 1.0478e-13
5254.869141 1.0895e-13
5257.611816 1.102e-13
5260.354492 1.0843e-13
5263.097168 1.0172e-13
5265.839844 9.6773e-14
5268.58252 9.6259e-14
5271.325195 1.0095e-13
5274.067383 1.0921e-13
5276.810059 1.1255e-13
5279.552734 1.1389e-13
5282.294922 1.1255e-13
5285.037598 1.1751e-13
5287.779785 1.2037e-13
5290.522461 1.2124e-13
5293.264648 1.2346e-13
5296.007324 1.2442e-13
5298.749512 1.1817e-13
5301.491699 1.2125e-13
5304.233887 1.268e-13
5306.976074 1.2563e-13
5309.718262 1.21e-13
5312.460449 1.1799e-13
5315.202637 1.2004e-13
5317.944824 1.2385e-13
5320.686523 1.2147e-13
5323.428711 1.2123e-13
5326.170898 1.1841e-13
5328.912598 1.1339e-13
5331.654785 1.1836e-13
5334.396484 1.2054e-13
5337.138672 1.235e-13
5339.880371 1.2186e-13
5342.62207 1.2378e-13
5345.36377 1.256e-13
5348.105469 1.2699e-13
5350.847168 1.3156e-13
5353.588867 1.377e-13
5356.330566 1.3599e-13
5359.072266 1.3103e-13
5361.813965 1.2792e-13
5364.555664 1.2783e-13
5367.296875 1.2622e-13
5370.038574 1.2642e-13
5372.779785 1.251e-13
5375.521484 1.3363e-13
5378.262695 1.3755e-13
5381.004395 1.4168e-13
5383.745605 1.4317e-13
5386.486816 1.4374e-13
5389.228027 1.4429e-13
5391.969238 1.4036e-13
5394.710449 1.3813e-13
5397.45166 1.3464e-13
5400.192871 1.4343e-13
5402.934082 1.4555e-13
5405.675293 1.4093e-13
5408.416016 1.3803e-13
5411.157227 1.3605e-13
5413.898438 1.4095e-13
5416.63916 1.4768e-13
5419.379883 1.4873e-13
5422.121094 1.4872e-13
5424.861816 1.4584e-13
5427.602539 1.4733e-13
5430.343262 1.3958e-13
5433.084473 1.403e-13
5435.825195 1.428e-13
5438.56543 1.5097e-13
5441.306152 1.5427e-13
5444.046875 1.5409e-13
5446.787598 1.3535e-13
5449.52832 1.1168e-13
5452.268555 9.2873e-14
5455.009277 8.9052e-14
5457.749512 9.0753e-14
5460.489746 9.3704e-14
5463.230469 9.7258e-14
5465.970703 1.0333e-13
5468.710938 1.0733e-13
5471.451172 1.0237e-13
5474.191406 1.0742e-13
5476.931641 1.0719e-13
5479.671875 1.097e-13
5482.412109 1.1069e-13
5485.152344 1.1453e-13
5487.892578 1.151e-13
5490.632324 1.1751e-13
5493.372559 1.1737e-13
5496.112305 1.1303e-13
5498.852539 9.9605e-14
5501.592285 9.3808e-14
5504.332031 9.2618e-14
5507.071777 9.3813e-14
5509.812012 9.6483e-14
5512.551758 9.2891e-14
5515.291504 9.5494e-14
5518.03125 9.7293e-14
5520.770508 1.0039e-13
5523.510254 9.966e-14
5526.25 9.5194e-14
5528.989258 9.8009e-14
5531.729004 9.623e-14
5534.46875 9.4216e-14
5537.208008 9.3698e-14
5539.947266 9.4e-14
5542.687012 9.3997e-14
5545.42627 9.5103e-14
5548.165527 9.6026e-14
5550.904785 9.7375e-14
5553.644043 1.0099e-13
5556.383301 1.0353e-13
5559.122559 1.0601e-13
5561.861328 1.0827e-13
5564.600586 1.0956e-13
5567.339844 1.1033e-13
5570.078613 1.1298e-13
5572.817871 1.1429e-13
5575.556641 1.1677e-13
5578.29541 1.1838e-13
5581.034668 1.1937e-13
5583.773438 1.2052e-13
5586.512207 1.2264e-13
5589.250977 1.2057e-13
5591.989746 1.2064e-13
5594.728516 1.1777e-13
5597.466797 1.0802e-13
5600.205566 1.001e-13
5602.944336 1.0277e-13
5605.682617 1.0263e-13
5608.421387 1.0474e-13
5611.159668 1.0552e-13
5613.897949 1.0588e-13
5616.636719 1.025e-13
5619.375 1.0155e-13
5622.113281 1.0207e-13
5624.851562 1.0385e-13
5628.191895 1.0014e-13
5633.064453 1.029e-13
5637.937012 1.0477e-13
5642.80957 1.0827e-13
5647.682129 1.1464e-13
5652.554688 1.1508e-13
5657.427734 1.1332e-13
5662.300293 1.0971e-13
5667.17334 1.0885e-13
5672.045898 1.1393e-13
5676.918945 1.1631e-13
5681.791992 1.1835e-13
5686.665039 1.1925e-13
5691.538086 1.2268e-13
5696.411133 1.2627e-13
5701.28418 1.2876e-13
5706.157715 1.3072e-13
5711.030762 1.2978e-13
5715.904297 1.3051e-13
5720.777344 1.2768e-13
5725.650879 1.3304e-13
5730.524414 1.3573e-13
5735.397949 1.379e-13
5740.271484 1.4025e-13
5745.14502 1.4323e-13
5750.018555 1.4493e-13
5754.892578 1.3721e-13
5759.766113 1.2582e-13
5764.640137 1.2486e-13
5769.513672 1.2757e-13
5774.387695 1.3152e-13
5779.261719 1.347e-13
5784.135742 1.4072e-13
5789.009766 1.4438e-13
5793.883789 1.5126e-13
5798.758301 1.5109e-13
5803.632324 1.4705e-13
5808.506348 1.3523e-13
5813.380859 1.2422e-13
5818.255371 1.2292e-13
5823.129395 1.2691e-13
5828.003906 1.2938e-13
5832.878418 1.3051e-13
5837.75293 1.2459e-13
5842.627441 1.1863e-13
5847.502441 1.0846e-13
5852.376953 1.0506e-13
5857.251465 1.016e-13
5862.126465 9.6831e-14
5867.001465 9.3554e-14
5871.875977 8.4853e-14
5876.750977 7.8539e-14
5881.625977 6.588e-14
5886.500977 5.2471e-14
5891.375977 5.2943e-14
5896.250977 6.2698e-14
5901.126465 7.2042e-14
5906.001465 7.6882e-14
5910.876465 8.0786e-14
5915.751953 8.3438e-14
5920.627441 8.3221e-14
5925.502441 8.6956e-14
5930.37793 9.1416e-14
5935.253418 9.4422e-14
5940.128906 9.7616e-14
5945.004395 9.4643e-14
5949.879883 9.2868e-14
5954.755859 9.1454e-14
5959.631348 9.3757e-14
5964.507324 9.6297e-14
5969.382812 9.6906e-14
5974.258789 1.0091e-13
5979.134277 1.0385e-13
5984.010254 1.0768e-13
5988.88623 1.106e-13
5993.762207 1.1136e-13
5998.638184 1.1258e-13
6003.514648 1.1032e-13
6008.390625 1.1542e-13
6013.266602 1.1788e-13
6018.143066 1.2037e-13
6023.019043 1.2414e-13
6027.895508 1.2475e-13
6032.771973 1.224e-13
6037.647949 1.2564e-13
6042.524414 1.3189e-13
6047.400879 1.3435e-13
6052.277344 1.3215e-13
6057.153809 1.3228e-13
6062.030762 1.3091e-13
6066.907227 1.3503e-13
6071.783691 1.3713e-13
6076.660645 1.3565e-13
6081.537109 1.3525e-13
6086.414062 1.3856e-13
6091.291016 1.4168e-13
6096.167969 1.4055e-13
6101.044922 1.3991e-13
6105.921875 1.4161e-13
6110.798828 1.4101e-13
6115.675781 1.3939e-13
6120.552734 1.4112e-13
6125.429688 1.4568e-13
6130.307129 1.4699e-13
6135.184082 1.479e-13
6140.061523 1.4642e-13
6144.938965 1.3693e-13
6149.815918 1.248e-13
6154.693359 1.0912e-13
6159.570801 9.5957e-14
6164.448242 9.247e-14
6169.325684 9.2656e-14
6174.203125 9.263e-14
6179.080566 8.9773e-14
6183.958496 8.6116e-14
6188.835938 8.0835e-14
6193.713867 8.1893e-14
6198.591309 8.4065e-14
6203.469238 8.5041e-14
6208.34668 8.2643e-14
6213.224609 7.6219e-14
6218.102539 7.4009e-14
6222.980469 7.4685e-14
6227.858398 7.4728e-14
6232.736328 7.707e-14
6237.614258 7.7917e-14
6242.492676 8.1495e-14
6247.370605 8.5442e-14
6252.248535 8.9529e-14
6257.126953 9.4173e-14
6262.004883 9.7905e-14
6266.883301 9.9902e-14
6271.761719 1.0124e-13
6276.640137 1.0364e-13
6281.518066 1.1098e-13
6286.396484 1.1512e-13
6291.274902 1.1817e-13
6296.15332 1.2308e-13
6301.032227 1.3051e-13
6305.910645 1.3844e-13
6310.789062 1.4617e-13
6315.66748 1.454e-13
6320.546387 1.5073e-13
6325.424805 1.5317e-13
6330.303711 1.5788e-13
6335.182617 1.6258e-13
6340.061523 1.7027e-13
6344.939941 1.6934e-13
6349.818848 1.6746e-13
6354.697754 1.6338e-13
6359.57666 1.658e-13
6364.455566 1.6776e-13
6369.334961 1.6926e-13
6374.213867 1.6665e-13
6379.092773 1.6089e-13
6383.97168 1.6476e-13
6388.851074 1.7132e-13
6393.72998 1.815e-13
6398.609375 1.9034e-13
6403.48877 1.9715e-13
6408.368164 1.9472e-13
6413.24707 1.929e-13
6418.126465 1.9086e-13
6423.005859 1.9264e-13
6427.885254 1.9808e-13
6432.764648 1.9998e-13
6437.644043 2.0324e-13
6442.523926 2.0963e-13
6447.40332 2.0826e-13
6452.282715 2.1513e-13
6457.162598 2.1587e-13
6462.041992 2.2126e-13
6466.921875 2.2965e-13
6471.80127 2.2875e-13
6476.681152 2.2384e-13
6481.561035 2.1555e-13
6486.440918 2.1742e-13
6491.320801 2.2022e-13
6496.200684 2.2707e-13
6501.080566 2.3635e-13
6505.960449 2.4058e-13
6510.840332 2.4266e-13
6515.720215 2.485e-13
6520.600098 2.5498e-13
6525.480469 2.619e-13
6530.360352 2.6724e-13
6535.240234 2.6889e-13
6540.120605 2.6351e-13
6545.000977 2.4763e-13
6549.880859 2.3943e-13
6554.76123 2.3828e-13
6559.641602 2.3089e-13
6564.521973 2.2736e-13
6569.401855 2.2087e-13
6574.282227 2.1864e-13
6579.162598 2.2107e-13
6584.043457 2.2695e-13
6588.923828 2.2139e-13
6593.804199 2.1785e-13
6598.68457 2.1933e-13
6603.56543 2.1358e-13
6608.445801 2.1264e-13
6613.326172 2.0757e-13
6618.207031 1.989e-13
6623.087402 1.8955e-13
6627.968262 1.9152e-13
6632.849121 1.8782e-13
6637.72998 1.8272e-13
6642.610352 1.8025e-13
6647.491211 1.6741e-13
6652.37207 1.6329e-13
6657.25293 1.6461e-13
6662.133789 1.701e-13
6667.014648 1.702e-13
6671.895508 1.6809e-13
6676.776855 1.5817e-13
6681.657715 1.4926e-13
6686.538574 1.5183e-13
6691.419922 1.5328e-13
6696.300781 1.5725e-13
6701.181641 1.5869e-13
6706.062988 1.5708e-13
6710.944336 1.4747e-13
6715.825195 1.372e-13
6720.706543 1.3801e-13
6725.587891 1.4204e-13
6730.469238 1.4643e-13
6735.350098 1.4944e-13
6740.231445 1.492e-13
6745.112793 1.4594e-13
6749.994141 1.4483e-13
6754.875488 1.4973e-13
6759.757324 1.5293e-13
6764.638672 1.5845e-13
6769.52002 1.611e-13
6774.401367 1.6055e-13
6779.283203 1.5003e-13
6784.164551 1.4771e-13
6789.045898 1.4815e-13
6793.927734 1.5379e-13
6798.80957 1.555e-13
6803.690918 1.5629e-13
6808.572754 1.5953e-13
6813.454102 1.5706e-13
6818.335938 1.5953e-13
6823.217773 1.6495e-13
6828.099609 1.6636e-13
6832.981445 1.6972e-13
6837.863281 1.7255e-13
6842.745117 1.7165e-13
6847.626953 1.6588e-13
6852.508789 1.6531e-13
6857.390625 1.6397e-13
6862.272461 1.6815e-13
6867.154297 1.7166e-13
6872.036621 1.7982e-13
6876.918457 1.8306e-13
6881.800293 1.8102e-13
6886.682617 1.8538e-13
6891.564453 1.9079e-13
6896.446777 1.9497e-13
6901.328613 1.9788e-13
6906.210938 2.0651e-13
6911.093262 2.1028e-13
6915.975098 2.1034e-13
6920.857422 2.1884e-13
6925.739746 2.2875e-13
6930.62207 2.3719e-13
6935.504395 2.4292e-13
6940.386719 2.5073e-13
6945.268555 2.5871e-13
6950.150879 2.5923e-13
6955.033691 2.6198e-13
6959.916016 2.6753e-13
6964.79834 2.7251e-13
6969.680664 2.7777e-13
6974.562988 2.8777e-13
6979.445312 2.8923e-13
6984.328125 2.9161e-13
6989.210449 2.921e-13
6994.092773 2.9737e-13
6998.975586 2.9927e-13
7003.85791 3.0504e-13
7008.740723 3.1078e-13
7013.623047 3.1734e-13
7018.505859 3.2128e-13
7023.388672 3.2886e-13
7028.270996 3.4453e-13
7033.153809 3.5571e-13
7038.036621 3.602e-13
7042.919434 3.5673e-13
7047.801758 3.3111e-13
7052.68457 2.7469e-13
7057.567383 2.4811e-13
7062.450195 2.4552e-13
7067.333008 2.5135e-13
7072.21582 2.5248e-13
7077.098633 2.4845e-13
7081.981445 2.2745e-13
7086.864746 2.0009e-13
7091.747559 1.9328e-13
7096.630371 1.9668e-13
7101.513184 2.0137e-13
7106.395996 2.149e-13
7111.279297 2.1634e-13
7116.162109 2.1355e-13
7121.04541 1.9259e-13
7125.928223 1.6261e-13
7130.811035 1.5945e-13
7135.694336 1.612e-13
7140.577148 1.6918e-13
7145.460449 1.7333e-13
7150.34375 1.8183e-13
7155.226562 1.8235e-13
7160.109863 1.8366e-13
7164.993164 1.879e-13
7169.875977 1.9628e-13
7174.759277 2.0422e-13
7179.642578 2.1157e-13
7184.525879 2.1947e-13
7189.40918 2.1961e-13
7194.291992 2.1073e-13
7199.175293 2.0452e-13
7204.058594 2.0949e-13
7208.941895 2.1815e-13
7213.825195 2.2695e-13
7218.708496 2.3783e-13
7223.591797 2.4536e-13
7228.475586 2.4995e-13
7233.358887 2.5765e-13
7238.242188 2.6555e-13
7243.125488 2.7729e-13
7248.008789 2.8641e-13
7252.892578 2.9107e-13
7257.775879 2.9765e-13
7262.65918 3.0379e-13
7267.542969 3.0508e-13
7272.42627 3.1142e-13
7277.30957 3.1952e-13
7282.193359 3.314e-13
7287.07666 3.3851e-13
7291.960449 3.4761e-13
7296.84375 3.5311e-13
7301.727539 3.6085e-13
7306.61084 3.7211e-13
7311.494629 3.7745e-13
7316.378418 3.8795e-13
7321.261719 3.8889e-13
7326.145508 4.0068e-13
7331.029297 4.1175e-13
7335.912598 4.1485e-13
7340.796387 4.1699e-13
7345.680176 4.195e-13
7350.563965 4.2506e-13
7355.447266 4.2895e-13
7360.331055 4.3909e-13
7365.214844 4.4673e-13
7370.098633 4.548e-13
7374.982422 4.61e-13
7379.866211 4.6608e-13
7384.75 4.6843e-13
7389.633789 4.6885e-13
7394.517578 4.7049e-13
7399.401367 4.6584e-13
7404.285156 4.7529e-13
7409.168945 4.7619e-13
7414.052734 4.772e-13
7418.936523 4.8441e-13
7423.820312 4.8757e-13
7428.704102 4.9147e-13
7433.588379 4.9233e-13
7438.472168 4.9127e-13
7443.355957 4.9219e-13
7448.239746 4.9732e-13
7453.123535 4.9671e-13
7458.007812 4.964e-13
7462.891602 5.0197e-13
7467.775391 5.0346e-13
7472.659668 5.0922e-13
7477.543457 5.1028e-13
7482.427246 5.0809e-13
7487.311523 5.1074e-13
7492.195312 5.13e-13
7497.07959 5.1905e-13
7501.963379 5.2437e-13
7506.847168 5.2765e-13
7511.731445 5.2954e-13
7516.615234 5.2832e-13
7521.499512 5.2931e-13
7526.383301 5.3772e-13
7531.267578 5.3905e-13
7536.151855 5.418e-13
7541.035645 5.476e-13
7545.919922 5.4803e-13
7550.803711 5.5074e-13
7555.687988 5.5314e-13
7560.571777 5.4381e-13
7565.456055 5.4762e-13
7570.340332 5.4633e-13
7575.224121 5.4028e-13
7580.108398 5.2671e-13
7584.992676 4.8947e-13
7589.876953 4.6434e-13
7594.760742 4.6399e-13
7599.64502 4.5981e-13
7604.529297 4.6321e-13
7609.413086 4.7635e-13
7614.297363 4.7658e-13
7619.181641 4.6977e-13
7624.065918 4.3355e-13
7628.950195 4.1808e-13
7633.833984 4.0874e-13
7638.718262 4.0816e-13
7643.602539 4.1433e-13
7648.486816 4.071e-13
7653.371094 3.9642e-13
7658.255371 3.5866e-13
7663.139648 3.1703e-13
7668.023438 3.2869e-13
7672.907715 3.3234e-13
7677.791992 3.4317e-13
7682.67627 3.4189e-13
7687.560547 3.4491e-13
7692.444824 3.2884e-13
7697.329102 3.1973e-13
7702.213379 3.3627e-13
7707.097656 3.4531e-13
7711.981934 3.5419e-13
7716.866211 3.6758e-13
7721.750488 3.7927e-13
7726.634766 3.8602e-13
7731.519043 3.8906e-13
7736.40332 3.8585e-13
7741.287598 3.6933e-13
7746.171875 3.4925e-13
7751.056152 3.5099e-13
7755.94043 3.5359e-13
7760.824707 3.5825e-13
7765.708984 3.6606e-13
7770.593262 3.739e-13
7775.477539 3.7032e-13
7780.361816 3.6644e-13
7785.246094 3.6349e-13
7790.130371 3.7223e-13
7795.014648 3.7805e-13
7799.898926 3.8959e-13
7804.783203 4.0372e-13
7809.66748 4.1012e-13
7814.551758 4.0871e-13
7819.436035 4.002e-13
7824.320312 3.8699e-13
7829.20459 3.8586e-13
7834.088867 3.8485e-13
7838.973145 3.9408e-13
7843.857422 4.0272e-13
7848.741699 4.0112e-13
7853.625977 4.1016e-13
7858.510254 4.0615e-13
7863.39502 4.1256e-13
7868.279297 4.1448e-13
7873.163574 4.2686e-13
7878.047852 4.3527e-13
7882.932129 4.3771e-13
7887.816406 4.4343e-13
7892.700684 4.4811e-13
7897.584961 4.422e-13
7902.469238 4.3765e-13
7907.353516 4.2532e-13
7912.237793 4.2724e-13
7917.12207 4.2549e-13
7922.006348 4.349e-13
7926.890625 4.4289e-13
7931.774902 4.483e-13
7936.65918 4.4957e-13
7941.543457 4.4968e-13
7946.427734 4.581e-13
7951.312012 4.66e-13
7956.196289 4.6893e-13
7961.080566 4.7839e-13
7965.964844 4.8195e-13
7970.849121 4.8645e-13
7975.733398 4.8253e-13
7980.617676 4.8404e-13
7985.501953 4.8477e-13
7990.38623 4.881e-13
7995.270508 4.9104e-13
8000.154785 4.9779e-13
8005.039062 5.0211e-13
8009.92334 5.0946e-13
8014.807617 5.1565e-13
8019.691895 5.191e-13
8024.576172 5.245e-13
8029.460449 5.3386e-13
8034.344727 5.345e-13
8039.229004 5.4406e-13
8044.113281 5.4567e-13
8048.99707 5.4931e-13
8053.881348 5.6183e-13
8058.765625 5.5995e-13
8063.649902 5.6571e-13
8068.53418 5.7108e-13
8073.418457 5.7225e-13
8078.302246 5.7094e-13
8083.186523 5.775e-13
8088.070801 5.826e-13
8092.955078 5.8721e-13
8097.839355 5.9021e-13
8102.723145 5.9297e-13
8107.607422 5.981e-13
8112.491699 6.0201e-13
8117.375977 6.0724e-13
8122.259766 6.153e-13
8127.144043 6.1558e-13
8132.02832 6.2184e-13
8136.912109 6.2398e-13
8141.796387 6.1836e-13
8146.680664 6.1341e-13
8151.564453 6.126e-13
8156.44873 6.174e-13
8161.333008 6.0923e-13
8166.216797 6.0965e-13
8171.101074 5.9937e-13
8175.984863 5.7193e-13
8180.869141 5.2123e-13
8185.75293 5.2578e-13
8190.637207 5.1079e-13
8195.521484 5.0699e-13
8200.405273 5.5481e-13
8205.289062 5.7325e-13
8210.172852 5.9228e-13
8215.057617 5.9854e-13
8219.941406 6.0108e-13
8224.825195 6.0434e-13
8229.708984 6.1134e-13
8234.592773 6.102e-13
8239.477539 6.149e-13
8244.361328 6.1367e-13
8249.245117 6.1226e-13
8254.128906 6.1556e-13
8259.012695 6.2103e-13
8263.896484 6.147e-13
8268.780273 6.0638e-13
8273.665039 6.0558e-13
8278.548828 6.0114e-13
8283.432617 5.922e-13
8288.316406 5.8521e-13
8293.200195 5.7481e-13
8298.083984 5.796e-13
8302.967773 5.7965e-13
8307.851562 5.8407e-13
8312.735352 5.9011e-13
8317.619141 5.8875e-13
8322.50293 5.8871e-13
8327.386719 5.8314e-13
8332.270508 5.8392e-13
8337.154297 5.7891e-13
8342.038086 5.7834e-13
8346.921875 5.7661e-13
8351.805664 5.7597e-13
8356.689453 5.711e-13
8361.573242 5.8124e-13
8366.457031 5.8143e-13
8371.339844 5.7376e-13
8376.223633 5.6555e-13
8381.107422 5.6397e-13
8385.991211 5.5936e-13
8390.875 5.6959e-13
8395.758789 5.7094e-13
8400.641602 5.7338e-13
8405.525391 5.783e-13
8410.40918 5.7923e-13
8415.292969 5.6995e-13
8420.176758 5.6247e-13
8425.05957 5.5429e-13
8429.943359 5.3553e-13
8434.827148 5.1893e-13
8439.709961 5.2097e-13
8444.59375 5.0811e-13
8449.477539 5.0331e-13
8454.360352 4.9511e-13
8459.244141 4.9644e-13
8464.12793 4.9353e-13
8469.010742 4.9373e-13
8473.894531 4.9894e-13
8478.777344 5.0431e-13
8483.661133 5.0973e-13
8488.544922 5.0523e-13
8493.427734 4.984e-13
8498.311523 4.9601e-13
8503.194336 4.9196e-13
8508.078125 4.8915e-13
8512.960938 4.8372e-13
8517.844727 4.8669e-13
8522.727539 4.9456e-13
8527.610352 5.0334e-13
8532.494141 5.0302e-13
8537.376953 4.9303e-13
8542.260742 5.0061e-13
8547.143555 5.18e-13
8552.026367 5.2796e-13
8556.910156 5.2746e-13
8561.792969 5.3651e-13
8566.675781 5.3895e-13
8571.55957 5.3502e-13
8576.442383 5.3627e-13
8581.325195 5.4013e-13
8586.208008 5.409e-13
8591.091797 5.4329e-13
8595.974609 5.3869e-13
8600.857422 5.5067e-13
8605.740234 5.5089e-13
8610.623047 5.657e-13
8615.505859 5.6612e-13
8620.388672 5.6696e-13
8625.272461 5.6194e-13
8630.155273 5.6469e-13
8635.038086 5.6576e-13
8639.920898 5.6163e-13
8644.803711 5.583e-13
8649.686523 5.578e-13
8654.569336 5.5349e-13
8659.452148 5.3878e-13
8664.334961 5.5242e-13
8669.216797 5.6668e-13
8674.099609 5.6305e-13
8678.982422 5.6441e-13
8683.865234 5.5717e-13
8688.748047 5.5374e-13
8693.630859 5.671e-13
8698.513672 5.7282e-13
8703.395508 5.7944e-13
8708.27832 5.7213e-13
8713.161133 5.7678e-13
8718.043945 5.8065e-13
8722.925781 5.8218e-13
8727.808594 5.8998e-13
8732.691406 5.8552e-13
8737.573242 5.9145e-13
8742.456055 5.9753e-13
8747.337891 5.9476e-13
8752.220703 6.0642e-13
8757.102539 6.09e-13
8761.985352 6.0986e-13
8766.868164 6.0631e-13
8771.75 6.1009e-13
8776.631836 6.123e-13
8781.514648 6.1616e-13
8786.396484 6.1771e-13
8791.279297 6.1829e-13
8796.161133 6.186e-13
8801.042969 6.1212e-13
8805.925781 6.1758e-13
8810.807617 6.2295e-13
8815.689453 6.2957e-13
8820.572266 6.163e-13
8825.454102 6.2392e-13
8830.335938 6.3329e-13
8835.217773 6.367e-13
8840.099609 6.426e-13
8844.981445 6.3793e-13
8849.864258 6.3052e-13
8854.746094 6.1024e-13
8859.62793 5.8423e-13
8864.509766 5.8676e-13
8869.391602 5.746e-13
8874.273438 5.7329e-13
8879.155273 5.7941e-13
8884.037109 5.8183e-13
8888.918945 5.8539e-13
8893.800781 5.8663e-13
8898.681641 5.9823e-13
8903.563477 5.9708e-13
8908.445312 6.0598e-13
8913.327148 6.0908e-13
8918.208984 6.0607e-13
8923.089844 6.1457e-13
8927.97168 6.0762e-13
8932.853516 6.0279e-13
8937.734375 5.9622e-13
8942.616211 6.0109e-13
8947.498047 6.0045e-13
8952.378906 6.0544e-13
8957.260742 6.0619e-13
8962.141602 6.1145e-13
8967.023438 6.0752e-13
8971.904297 6.1127e-13
8976.786133 6.1714e-13
8981.666992 6.2494e-13
8986.548828 6.2881e-13
8991.429688 6.2193e-13
8996.310547 6.2613e-13
9001.192383 6.2374e-13
9006.073242 6.2475e-13
9010.954102 6.2754e-13
9015.835938 6.1908e-13
9020.716797 6.1999e-13
9025.597656 6.2321e-13
9030.478516 6.3644e-13
9035.359375 6.3198e-13
9040.240234 6.3036e-13
9045.121094 6.3814e-13
9050.001953 6.3572e-13
9054.882812 6.405e-13
9059.763672 6.3977e-13
9064.644531 6.4546e-13
9069.525391 6.5068e-13
9074.40625 6.577e-13
9079.287109 6.5202e-13
9084.167969 6.4205e-13
9089.048828 6.4702e-13
9093.929688 6.5109e-13
9098.80957 6.5424e-13
9103.69043 6.5408e-13
9108.571289 6.5664e-13
9113.451172 6.5647e-13
9118.332031 6.5491e-13
9123.212891 6.4822e-13
9128.092773 6.6485e-13
9132.973633 6.6399e-13
9137.853516 6.628e-13
9142.734375 6.6791e-13
9147.614258 6.7249e-13
9152.495117 6.7257e-13
9157.375 6.7054e-13
9162.254883 6.7017e-13
9167.135742 6.7602e-13
9172.015625 6.7148e-13
9176.895508 6.7265e-13
9181.775391 6.7919e-13
9186.65625 6.8022e-13
9191.536133 6.7681e-13
9196.416016 6.7742e-13
9201.295898 6.7136e-13
9206.175781 6.6199e-13
9211.055664 6.5958e-13
9215.935547 6.4726e-13
9220.81543 6.4486e-13
9225.695312 6.4824e-13
9230.575195 6.448e-13
9235.455078 6.4511e-13
9240.334961 6.4486e-13
9245.214844 6.42e-13
9250.09375 6.3942e-13
9254.973633 6.4454e-13
9259.853516 6.455e-13
9264.732422 6.4769e-13
9269.612305 6.4371e-13
9274.492188 6.376e-13
9279.371094 6.4286e-13
9284.250977 6.4998e-13
9289.129883 6.5584e-13
9294.009766 6.477e-13
9298.888672 6.4894e-13
9303.768555 6.3854e-13
9308.647461 6.3437e-13
9313.526367 6.3728e-13
9318.40625 6.3994e-13
9323.285156 6.4215e-13
9328.164062 6.3539e-13
9333.042969 6.3974e-13
9337.921875 6.414e-13
9342.801758 6.4303e-13
9347.680664 6.3602e-13
9352.55957 6.3782e-13
9357.438477 6.3412e-13
9362.317383 6.3693e-13
9367.196289 6.3409e-13
9372.075195 6.3383e-13
9376.953125 6.41e-13
9381.832031 6.398e-13
9386.710938 6.3794e-13
9391.589844 6.3838e-13
9396.467773 6.3931e-13
9401.34668 6.5014e-13
9406.225586 6.4413e-13
9411.103516 6.392e-13
9415.982422 6.4065e-13
9420.861328 6.454e-13
9425.739258 6.4137e-13
9430.618164 6.5034e-13
9435.496094 6.4878e-13
9440.374023 6.4383e-13
9445.25293 6.3744e-13
9450.130859 6.4609e-13
9455.008789 6.4572e-13
9459.886719 6.4648e-13
9464.765625 6.4611e-13
9469.643555 6.6281e-13
9474.521484 6.5924e-13
9479.399414 6.6448e-13
9484.277344 6.5331e-13
9489.155273 6.5396e-13
9494.033203 6.5898e-13
9498.911133 6.5851e-13
9503.789062 6.6391e-13
9508.666992 6.6913e-13
9513.544922 6.6464e-13
9518.421875 6.614e-13
9523.299805 6.6124e-13
9528.177734 6.5696e-13
9533.054688 6.5152e-13
9537.932617 6.534e-13
9542.810547 6.5375e-13
9547.6875 6.5593e-13
9552.56543 6.6105e-13
9557.442383 6.6604e-13
9562.319336 6.6407e-13
9567.197266 6.6314e-13
9572.074219 6.5313e-13
9576.951172 6.5978e-13
9581.829102 6.6084e-13
9586.706055 6.6071e-13
9591.583008 6.614e-13
9596.459961 6.5658e-13
9601.336914 6.5777e-13
9606.213867 6.6479e-13
9611.09082 6.5851e-13
9615.967773 6.5989e-13
9620.844727 6.658e-13
9625.72168 6.7186e-13
9630.598633 6.6632e-13
9635.475586 6.4844e-13
9640.351562 6.4982e-13
9645.228516 6.4639e-13
9650.105469 6.5333e-13
9654.981445 6.6074e-13
9659.858398 6.6411e-13
9664.734375 6.6412e-13
9669.611328 6.4794e-13
9674.487305 6.3835e-13
9679.364258 6.5381e-13
9684.240234 6.5075e-13
9689.116211 6.5877e-13
9693.993164 6.6278e-13
9698.869141 6.6022e-13
9703.745117 6.5656e-13
9708.621094 6.5656e-13
9713.49707 6.5719e-13
9718.373047 6.616e-13
9723.249023 6.5764e-13
9728.125 6.526e-13
9733.000977 6.6293e-13
9737.876953 6.6077e-13
9742.75293 6.517e-13
9747.628906 6.5896e-13
9752.503906 6.6617e-13
9757.379883 6.6281e-13
9762.255859 6.6049e-13
9767.130859 6.5227e-13
9772.006836 6.5068e-13
9776.881836 6.4476e-13
9781.757812 6.3999e-13
9786.632812 6.4804e-13
9791.507812 6.5468e-13
9796.383789 6.5805e-13
9801.258789 6.688e-13
9806.133789 6.5563e-13
9811.008789 6.5981e-13
9815.884766 6.5281e-13
9820.759766 6.5503e-13
9825.634766 6.5665e-13
9830.509766 6.5796e-13
9835.384766 6.5508e-13
9840.258789 6.5755e-13
9845.133789 6.624e-13
9850.008789 6.6691e-13
9854.883789 6.5677e-13
9859.758789 6.5905e-13
9864.632812 6.5851e-13
9869.507812 6.5298e-13
9874.381836 6.6004e-13
9879.256836 6.6093e-13
9884.130859 6.4947e-13
9889.005859 6.4615e-13
9893.879883 6.3254e-13
9898.754883 6.2413e-13
9903.628906 6.1176e-13
9908.50293 6.1433e-13
9913.376953 6.1493e-13
9918.250977 6.2249e-13
9923.125 6.1345e-13
9927.999023 6.189e-13
9932.873047 6.2719e-13
9937.74707 6.3809e-13
9942.621094 6.3869e-13
9947.495117 6.396e-13
9952.369141 6.4762e-13
9957.243164 6.4948e-13
9962.116211 6.425e-13
9966.990234 6.355e-13
9971.863281 6.3487e-13
9976.737305 6.408e-13
9981.610352 6.3602e-13
9986.484375 6.3143e-13
9991.357422 6.3284e-13
9996.231445 6.3981e-13
10001.104492 6.4522e-13
10005.977539 6.4205e-13
10010.850586 6.4499e-13
10015.723633 6.4499e-13
10020.59668 6.4458e-13
10025.469727 6.3687e-13
10030.342773 6.4124e-13
10035.21582 6.3422e-13
10040.088867 6.4561e-13
10044.961914 6.4609e-13
10049.834961 6.3743e-13
10054.707031 6.1826e-13
10059.580078 6.2516e-13
10064.453125 6.2636e-13
10069.325195 6.3994e-13
10074.198242 6.405e-13
10079.070312 6.3526e-13
10083.943359 6.368e-13
10088.81543 6.3462e-13
10093.6875 6.4571e-13
10098.55957 6.4569e-13
10103.432617 6.4553e-13
10108.304688 6.411e-13
10113.176758 6.3472e-13
10118.048828 6.3891e-13
10122.920898 6.3879e-13
10127.792969 6.4264e-13
10132.664062 6.3345e-13
10137.536133 6.2939e-13
10142.408203 6.4235e-13
10147.280273 6.3261e-13
10152.151367 6.2075e-13
10157.023438 6.3464e-13
10161.894531 6.3304e-13
10166.766602 6.1935e-13
10171.637695 6.3505e-13
10176.509766 6.4529e-13
10181.380859 6.3629e-13
10186.251953 6.3754e-13
10191.123047 6.3699e-13
10195.995117 6.3702e-13
10200.866211 6.2877e-13
10205.737305 6.2329e-13
10210.608398 6.2027e-13
10215.479492 6.1982e-13
10220.349609 6.133e-13
10225.220703 6.1261e-13
10230.091797 6.1642e-13
10234.962891 6.2824e-13
