wave flux
1148.5999755859375 2.5067967e-11
1149.800048828125 2.633519e-11
1151.0 2.5496704e-11
1152.199951171875 2.5195655e-11
1153.4000244140625 2.5517904e-11
1154.5 2.511497e-11
1155.699951171875 2.6049498e-11
1156.9000244140625 2.699564e-11
1158.0999755859375 2.5636973e-11
1159.300048828125 2.5738477e-11
1160.4000244140625 2.6414424e-11
1161.5999755859375 2.6604987e-11
1162.800048828125 2.6067678e-11
1164.0 2.5150288e-11
1165.199951171875 2.5342112e-11
1166.300048828125 2.4321748e-11
1167.5 2.4591005e-11
1168.699951171875 2.5312415e-11
1169.9000244140625 2.5613987e-11
1171.0999755859375 2.5073088e-11
1172.199951171875 2.463422e-11
1173.4000244140625 2.4709047e-11
1174.5999755859375 2.4432829e-11
1175.800048828125 2.5375816e-11
1177.0 2.539077e-11
1178.0999755859375 2.5502628e-11
1179.300048828125 2.5789914e-11
1180.5 2.5711957e-11
1181.699951171875 2.5709513e-11
1182.9000244140625 2.517209e-11
1184.0 2.5464552e-11
1185.199951171875 2.5031139e-11
1186.4000244140625 2.3241326e-11
1187.5999755859375 2.3224651e-11
1188.800048828125 2.3032715e-11
1189.9000244140625 2.307269e-11
1191.0999755859375 2.3609156e-11
1192.300048828125 2.3756556e-11
1193.5 2.3107162e-11
1194.699951171875 2.2282542e-11
1195.800048828125 2.157694e-11
1197.0 2.1336615e-11
1198.199951171875 2.1463612e-11
1199.4000244140625 2.1405867e-11
1200.5999755859375 2.1249998e-11
1201.699951171875 2.1733717e-11
1202.9000244140625 2.1557325e-11
1204.0999755859375 2.0939233e-11
1205.300048828125 2.1191198e-11
1206.5 2.1266643e-11
1207.5999755859375 2.1486375e-11
1208.800048828125 2.022125e-11
1210.0 1.9326466e-11
1211.199951171875 1.8457886e-11
1212.4000244140625 1.65859e-11
1213.5 1.503289e-11
1214.699951171875 1.2990175e-11
1215.9000244140625 1.3715874e-11
1217.0999755859375 1.6355806e-11
1218.300048828125 1.8254794e-11
1219.4000244140625 2.0196239e-11
1220.5999755859375 2.1404514e-11
1221.800048828125 2.1153126e-11
1223.0 2.0820134e-11
1224.199951171875 2.1469682e-11
1225.300048828125 2.1625248e-11
1226.5 2.133985e-11
1227.699951171875 2.0831304e-11
1228.9000244140625 2.0764772e-11
1230.0 2.018031e-11
1231.199951171875 1.9312689e-11
1232.4000244140625 1.9049816e-11
1233.5999755859375 1.9099796e-11
1234.800048828125 1.8723174e-11
1235.9000244140625 1.9308069e-11
1237.0999755859375 1.9183585e-11
1238.300048828125 1.8041162e-11
1239.5 1.7995319e-11
1240.699951171875 1.8223723e-11
1241.800048828125 1.7543375e-11
1243.0 1.787242e-11
1244.199951171875 1.8252278e-11
1245.4000244140625 1.7957755e-11
1246.5999755859375 1.8909142e-11
1247.699951171875 1.8898712e-11
1248.9000244140625 1.8571299e-11
1250.0999755859375 1.7638835e-11
1251.300048828125 1.6233667e-11
1252.5 1.6281629e-11
1253.5999755859375 1.7169027e-11
1254.800048828125 1.7318744e-11
1256.0 1.7570502e-11
1257.199951171875 1.7093304e-11
1258.4000244140625 1.6481823e-11
1259.5 1.6834083e-11
1260.699951171875 1.7340204e-11
1261.9000244140625 1.736328e-11
1263.0999755859375 1.7385754e-11
1264.300048828125 1.7808156e-11
1265.4000244140625 1.6884535e-11
1266.5999755859375 1.7244185e-11
1267.800048828125 1.7767572e-11
1269.0 1.7509822e-11
1270.199951171875 1.8052488e-11
1271.300048828125 1.7619264e-11
1272.5 1.8458582e-11
1273.699951171875 1.8989442e-11
1274.9000244140625 1.9561068e-11
1276.0999755859375 1.7834047e-11
1277.199951171875 1.7749528e-11
1278.4000244140625 1.8198595e-11
1279.5999755859375 1.8483956e-11
1280.800048828125 1.821609e-11
1282.0 1.7959344e-11
1283.0999755859375 1.7621427e-11
1284.300048828125 1.7541035e-11
1285.5 1.8580177e-11
1286.699951171875 1.853346e-11
1287.9000244140625 1.901192e-11
1289.0 1.9964207e-11
1290.199951171875 2.0591065e-11
1291.4000244140625 2.0572708e-11
1292.5999755859375 1.9774071e-11
1293.800048828125 1.8903667e-11
1294.9000244140625 1.8897389e-11
1296.0999755859375 1.8780068e-11
1297.300048828125 1.8291948e-11
1298.5 1.825841e-11
1299.699951171875 1.6973985e-11
1300.800048828125 1.5686038e-11
1302.0 1.5319804e-11
1303.199951171875 1.5970185e-11
1304.4000244140625 1.6674506e-11
1305.5999755859375 1.6330439e-11
1306.699951171875 1.6744526e-11
1307.9000244140625 1.6473635e-11
1309.0999755859375 1.552392e-11
1310.300048828125 1.6171536e-11
1311.5 1.6318844e-11
1312.5999755859375 1.6045838e-11
1313.800048828125 1.6561457e-11
1315.0 1.6143503e-11
1316.199951171875 1.6493053e-11
1317.300048828125 1.6272783e-11
1318.5 1.588531e-11
1319.699951171875 1.6659788e-11
1320.9000244140625 1.6568795e-11
1322.0999755859375 1.6795914e-11
1323.199951171875 1.6267862e-11
1324.4000244140625 1.6293638e-11
1325.5999755859375 1.6362349e-11
1326.800048828125 1.6484862e-11
1328.0 1.605225e-11
1329.0999755859375 1.6654492e-11
1330.300048828125 1.6574962e-11
1331.5 1.5808032e-11
1332.699951171875 1.5576535e-11
1333.9000244140625 1.5064224e-11
1335.0 1.5066236e-11
1336.199951171875 1.5351585e-11
1337.4000244140625 1.564884e-11
1338.5999755859375 1.6576403e-11
1339.800048828125 1.686609e-11
1340.9000244140625 1.7023718e-11
1342.0999755859375 1.7086254e-11
1343.300048828125 1.7301948e-11
1344.5 1.7419921e-11
1345.699951171875 1.6990222e-11
1346.800048828125 1.7039627e-11
1348.0 1.683869e-11
1349.199951171875 1.660393e-11
1350.4000244140625 1.6831826e-11
1351.5999755859375 1.6750837e-11
1352.699951171875 1.6866357e-11
1353.9000244140625 1.6851489e-11
1355.0999755859375 1.7047566e-11
1356.300048828125 1.650942e-11
1357.5 1.6181109e-11
1358.5999755859375 1.5927395e-11
1359.800048828125 1.5316911e-11
1361.0 1.5073975e-11
1362.199951171875 1.532395e-11
1363.4000244140625 1.5720715e-11
1364.5 1.5451843e-11
1365.699951171875 1.6605379e-11
1366.9000244140625 1.6485579e-11
1368.0999755859375 1.6229247e-11
1369.300048828125 1.6005764e-11
1370.4000244140625 1.5404544e-11
1371.5999755859375 1.4860054e-11
1372.800048828125 1.4928425e-11
1374.0 1.4722924e-11
1375.199951171875 1.474485e-11
1376.300048828125 1.5485158e-11
1377.5 1.5633444e-11
1378.699951171875 1.5437618e-11
1379.9000244140625 1.6148105e-11
1381.0999755859375 1.6388502e-11
1382.199951171875 1.6293274e-11
1383.4000244140625 1.5991555e-11
1384.5999755859375 1.632344e-11
1385.800048828125 1.5407273e-11
1387.0 1.4939633e-11
1388.0999755859375 1.5025007e-11
1389.300048828125 1.5424596e-11
1390.5 1.5708351e-11
1391.699951171875 1.5387719e-11
1392.9000244140625 1.5554403e-11
1394.0 1.54517e-11
1395.199951171875 1.5722356e-11
1396.4000244140625 1.5607843e-11
1397.5999755859375 1.5399015e-11
1398.800048828125 1.5948578e-11
1399.9000244140625 1.5912629e-11
1401.0999755859375 1.6157662e-11
1402.300048828125 1.5395374e-11
1403.5 1.540452e-11
1404.699951171875 1.5155037e-11
1405.800048828125 1.496257e-11
1407.0 1.4851925e-11
1408.199951171875 1.3930632e-11
1409.4000244140625 1.4404991e-11
1410.5 1.5125167e-11
1411.699951171875 1.5516415e-11
1412.9000244140625 1.5601544e-11
1414.0999755859375 1.559186e-11
1415.300048828125 1.5687075e-11
1416.4000244140625 1.5440668e-11
1417.5999755859375 1.5205226e-11
1418.800048828125 1.5086456e-11
1420.0 1.4449958e-11
1421.199951171875 1.4834725e-11
1422.300048828125 1.5829458e-11
1423.5 1.5859834e-11
1424.699951171875 1.556069e-11
1425.9000244140625 1.5988145e-11
1427.0999755859375 1.6015645e-11
1428.199951171875 1.5246056e-11
1429.4000244140625 1.5166748e-11
1430.5999755859375 1.5215381e-11
1431.800048828125 1.4970638e-11
1433.0 1.6022588e-11
1434.0999755859375 1.5835243e-11
1435.300048828125 1.5587845e-11
1436.5 1.5549763e-11
1437.699951171875 1.496349e-11
1438.9000244140625 1.476137e-11
1440.0 1.4780963e-11
1441.199951171875 1.4508073e-11
1442.4000244140625 1.4860896e-11
1443.5999755859375 1.4737225e-11
1444.800048828125 1.4335485e-11
1445.9000244140625 1.405111e-11
1447.0999755859375 1.4018616e-11
1448.300048828125 1.3835676e-11
1449.5 1.3560482e-11
1450.699951171875 1.39392465e-11
1451.800048828125 1.3779561e-11
1453.0 1.3457482e-11
1454.199951171875 1.30672174e-11
1455.4000244140625 1.3190128e-11
1456.5999755859375 1.36527135e-11
1457.699951171875 1.4319201e-11
1458.9000244140625 1.3904032e-11
1460.0999755859375 1.3591383e-11
1461.300048828125 1.3966817e-11
1462.5 1.3664801e-11
1463.5999755859375 1.3208807e-11
1464.800048828125 1.3277619e-11
1466.0 1.3992922e-11
1467.199951171875 1.3946406e-11
1468.4000244140625 1.3621813e-11
1469.5 1.388892e-11
1470.699951171875 1.3753627e-11
1471.9000244140625 1.33765264e-11
1473.0999755859375 1.3452662e-11
1474.300048828125 1.35508965e-11
1475.4000244140625 1.3279901e-11
1476.5999755859375 1.29865224e-11
1477.800048828125 1.3349461e-11
1479.0 1.33315685e-11
1480.199951171875 1.36191666e-11
1481.300048828125 1.3638739e-11
1482.5 1.30524315e-11
1483.699951171875 1.3301554e-11
1484.9000244140625 1.3325882e-11
1486.0999755859375 1.3331186e-11
1487.199951171875 1.3609228e-11
1488.4000244140625 1.3275818e-11
1489.5999755859375 1.31394114e-11
1490.800048828125 1.31890245e-11
1492.0 1.3123758e-11
1493.0999755859375 1.3007528e-11
1494.300048828125 1.3109018e-11
1495.5 1.3223993e-11
1496.699951171875 1.3373844e-11
1497.800048828125 1.3492778e-11
1499.0 1.3399363e-11
1500.199951171875 1.3232035e-11
1501.4000244140625 1.3184777e-11
1502.5999755859375 1.3084668e-11
1503.699951171875 1.3146309e-11
1504.9000244140625 1.32975835e-11
1506.0999755859375 1.3058691e-11
1507.300048828125 1.3102729e-11
1508.5 1.2678096e-11
1509.5999755859375 1.2643729e-11
1510.800048828125 1.2621958e-11
1512.0 1.274238e-11
1513.199951171875 1.2434321e-11
1514.4000244140625 1.2542633e-11
1515.5 1.2450448e-11
1516.699951171875 1.2380736e-11
1517.9000244140625 1.240931e-11
1519.0999755859375 1.2780031e-11
1520.300048828125 1.2452806e-11
1521.4000244140625 1.239998e-11
1522.5999755859375 1.2636156e-11
1523.800048828125 1.2305102e-11
1525.0 1.193918e-11
1526.199951171875 1.1950465e-11
1527.300048828125 1.1848729e-11
1528.5 1.2159801e-11
1529.699951171875 1.2470692e-11
1530.9000244140625 1.2267441e-11
1532.0999755859375 1.2387495e-11
1533.199951171875 1.2450533e-11
1534.4000244140625 1.2289871e-11
1535.5999755859375 1.2688425e-11
1536.800048828125 1.30308256e-11
1538.0 1.2790125e-11
1539.0999755859375 1.2761376e-11
1540.300048828125 1.2463373e-11
1541.5 1.2355507e-11
1542.699951171875 1.2460469e-11
1543.9000244140625 1.2475301e-11
1545.0 1.1972893e-11
1546.199951171875 1.1818487e-11
1547.4000244140625 1.2113218e-11
1548.5999755859375 1.2014465e-11
1549.800048828125 1.17468466e-11
1550.9000244140625 1.18160854e-11
1552.0999755859375 1.2087759e-11
1553.300048828125 1.2303151e-11
1554.5 1.2529744e-11
1555.699951171875 1.218262e-11
1556.800048828125 1.2319002e-11
1558.0 1.2421767e-11
1559.199951171875 1.2535816e-11
1560.4000244140625 1.2526131e-11
1561.5999755859375 1.2448974e-11
1562.699951171875 1.213534e-11
1563.9000244140625 1.1979497e-11
1565.0999755859375 1.19926595e-11
1566.300048828125 1.2051049e-11
1567.5 1.2165984e-11
1568.5999755859375 1.1920431e-11
1569.800048828125 1.1461102e-11
1571.0 1.1700706e-11
1572.199951171875 1.2008392e-11
1573.4000244140625 1.1955668e-11
1574.5 1.1936775e-11
1575.699951171875 1.1771849e-11
1576.9000244140625 1.1765284e-11
1578.0999755859375 1.1781743e-11
1579.300048828125 1.1561355e-11
1580.4000244140625 1.1385949e-11
1581.5999755859375 1.1369718e-11
1582.800048828125 1.1059678e-11
1584.0 1.0866457e-11
1585.0999755859375 1.0938113e-11
1586.300048828125 1.1000867e-11
1587.5 1.0961024e-11
1588.699951171875 1.095243e-11
1589.9000244140625 1.0951309e-11
1591.0 1.1036454e-11
1592.199951171875 1.1080072e-11
1593.4000244140625 1.1164466e-11
1594.5999755859375 1.1136758e-11
1595.800048828125 1.0931376e-11
1596.9000244140625 1.0877332e-11
1598.0999755859375 1.0864163e-11
1599.300048828125 1.0762245e-11
1600.5 1.0928913e-11
1601.699951171875 1.0736409e-11
1602.800048828125 1.09280545e-11
1604.0 1.1037354e-11
1605.199951171875 1.0886271e-11
1606.4000244140625 1.0771549e-11
1607.5999755859375 1.0708329e-11
1608.699951171875 1.048496e-11
1609.9000244140625 1.0251279e-11
1611.0999755859375 1.03879474e-11
1612.300048828125 1.0571056e-11
1613.5 1.0626655e-11
1614.5999755859375 1.0674317e-11
1615.800048828125 1.0724868e-11
1617.0 1.0587918e-11
1618.199951171875 1.0400884e-11
1619.4000244140625 1.0408136e-11
1620.5 1.0625711e-11
1621.699951171875 1.069879e-11
1622.9000244140625 1.056503e-11
1624.0999755859375 1.0424261e-11
1625.300048828125 1.0245211e-11
1626.4000244140625 1.0227149e-11
1627.5999755859375 1.0470745e-11
1628.800048828125 1.05795876e-11
1630.0 1.0498243e-11
1631.199951171875 1.0415197e-11
1632.300048828125 1.0326906e-11
1633.5 1.0357608e-11
1634.699951171875 1.0405085e-11
1635.9000244140625 1.0100642e-11
1637.0999755859375 9.980307e-12
1638.199951171875 9.900339e-12
1639.4000244140625 9.555427e-12
1640.5999755859375 9.273811e-12
1641.800048828125 9.378077e-12
1643.0 9.610097e-12
1644.0999755859375 9.879222e-12
1645.300048828125 1.0195309e-11
1646.5 1.0131766e-11
1647.699951171875 1.0089769e-11
1648.9000244140625 1.0070477e-11
1650.0 9.935855e-12
1651.199951171875 9.74476e-12
1652.4000244140625 9.720825e-12
1653.5999755859375 9.830374e-12
1654.800048828125 9.680092e-12
1655.9000244140625 9.776885e-12
1657.0999755859375 9.971766e-12
1658.300048828125 9.9702035e-12
1659.5 9.817722e-12
1660.699951171875 9.797217e-12
1661.800048828125 9.78436e-12
1663.0 9.762682e-12
1664.199951171875 9.7730175e-12
1665.4000244140625 9.8247825e-12
1666.5999755859375 9.7983505e-12
1667.699951171875 9.693211e-12
1668.9000244140625 9.527383e-12
1670.606689 9.2613e-12
1671.977173 9.4266e-12
1673.347778 9.5609e-12
1674.718262 9.5445e-12
1676.088867 9.537e-12
1677.459473 9.6343e-12
1678.830078 9.4772e-12
1680.200684 9.5837e-12
1681.571411 9.534e-12
1682.942017 9.6611e-12
1684.312744 9.4904e-12
1685.68335 9.4606e-12
1687.054077 9.3855e-12
1688.424805 9.3879e-12
1689.795532 9.4116e-12
1691.16626 9.451e-12
1692.536987 9.4225e-12
1693.907715 9.3359e-12
1695.278564 9.2804e-12
1696.649292 9.2377e-12
1698.020142 9.1826e-12
1699.390991 9.1262e-12
1700.761841 9.2278e-12
1702.13269 9.1858e-12
1703.50354 8.9885e-12
1704.87439 8.9614e-12
1706.245361 8.998e-12
1707.616211 8.9814e-12
1708.987183 8.8692e-12
1710.358154 8.9343e-12
1711.729126 8.9069e-12
1713.099976 8.8844e-12
1714.471069 8.9795e-12
1715.842041 8.7847e-12
1717.213013 8.4006e-12
1718.583984 8.3629e-12
1719.955078 8.742e-12
1721.326172 8.6522e-12
1722.697144 8.6713e-12
1724.068237 8.651e-12
1725.439331 8.715e-12
1726.810425 8.7714e-12
1728.181641 8.7628e-12
1729.552734 8.7063e-12
1730.923828 8.578e-12
1732.295044 8.4398e-12
1733.666138 8.5797e-12
1735.037354 8.4997e-12
1736.408569 8.5766e-12
1737.779785 8.5728e-12
1739.151001 8.5738e-12
1740.522217 8.5726e-12
1741.893555 8.4728e-12
1743.264771 8.4146e-12
1744.635986 8.2904e-12
1746.007324 8.1716e-12
1747.378662 8.335e-12
1748.75 8.428e-12
1750.121338 8.3483e-12
1751.492676 8.3696e-12
1752.864014 8.3959e-12
1754.235352 8.2525e-12
1755.606689 8.2793e-12
1756.978149 8.2403e-12
1758.349487 8.1565e-12
1759.720947 8.1226e-12
1761.092407 8.0454e-12
1762.463867 7.9835e-12
1763.835327 8.0232e-12
1765.206787 7.9438e-12
1766.578247 8.0575e-12
1767.949707 8.1007e-12
1769.321289 8.0896e-12
1770.692749 8.074e-12
1772.064331 8.0861e-12
1773.435913 8.0239e-12
1774.807373 7.9654e-12
1776.178955 7.9172e-12
1777.550537 7.8809e-12
1778.922241 7.9368e-12
1780.293823 7.9502e-12
1781.665405 7.8697e-12
1783.037109 7.8746e-12
1784.408691 7.9065e-12
1785.780396 7.7828e-12
1787.151978 7.6962e-12
1788.523682 7.7428e-12
1789.895386 7.7788e-12
1791.26709 7.699e-12
1792.638794 7.7201e-12
1794.01062 7.5343e-12
1795.382324 7.602e-12
1796.754028 7.5269e-12
1798.125854 7.4916e-12
1799.497559 7.508e-12
1800.869385 7.5654e-12
1802.241211 7.5845e-12
1803.613037 7.5088e-12
1804.984863 7.4442e-12
1806.356689 7.4476e-12
1807.728516 7.3133e-12
1809.100342 7.4013e-12
1810.47229 7.3686e-12
1811.844116 7.388e-12
1813.216064 7.3996e-12
1814.588013 7.3916e-12
1815.959839 7.3143e-12
1817.331787 7.3533e-12
1818.703735 7.258e-12
1820.075684 7.3302e-12
1821.447632 7.3562e-12
1822.819702 7.2534e-12
1824.19165 7.3174e-12
1825.563599 7.2299e-12
1826.935669 7.2012e-12
1828.307617 7.1617e-12
1829.679688 7.0848e-12
1831.051758 7.1593e-12
1832.423828 7.0973e-12
1833.795898 7.0464e-12
1835.167969 7.0637e-12
1836.540039 7.0546e-12
1837.912109 7.054e-12
1839.284302 7.0803e-12
1840.656372 6.9901e-12
1842.028564 7.0216e-12
1843.400635 6.9946e-12
1844.772827 6.9556e-12
1846.14502 6.9207e-12
1847.517212 6.8692e-12
1848.889282 6.8608e-12
1850.261597 6.8341e-12
1851.633789 6.9914e-12
1853.005981 6.8637e-12
1854.378174 6.7642e-12
1855.750488 6.7353e-12
1857.122681 6.7427e-12
1858.494995 6.6842e-12
1859.867188 6.7455e-12
1861.239502 6.7294e-12
1862.611816 6.6532e-12
1863.984131 6.6485e-12
1865.356445 6.6583e-12
1866.72876 6.6132e-12
1868.101074 6.5558e-12
1869.473389 6.5964e-12
1870.845825 6.6441e-12
1872.21814 6.5748e-12
1873.590454 6.5558e-12
1874.962891 6.5773e-12
1876.335327 6.5373e-12
1877.707642 6.5314e-12
1879.080078 6.5281e-12
1880.452515 6.4923e-12
1881.824951 6.4409e-12
1883.197388 6.425e-12
1884.569824 6.4894e-12
1885.942383 6.3932e-12
1887.314819 6.3808e-12
1888.687256 6.3871e-12
1890.059814 6.3695e-12
1891.432251 6.3474e-12
1892.80481 6.3661e-12
1894.177368 6.3275e-12
1895.549927 6.3339e-12
1896.922363 6.3176e-12
1898.294922 6.2972e-12
1899.66748 6.2403e-12
1901.040161 6.2594e-12
1902.41272 6.2723e-12
1903.785278 6.236e-12
1905.157837 6.1889e-12
1906.530518 6.1669e-12
1907.903076 6.159e-12
1909.275757 6.1088e-12
1910.648438 6.1199e-12
1912.020996 6.1381e-12
1913.393677 6.1118e-12
1914.766357 6.107e-12
1916.139038 6.1138e-12
1917.511719 6.1331e-12
1918.884399 6.1022e-12
1920.25708 6.0432e-12
1921.629883 6.0609e-12
1923.002563 6.018e-12
1924.375244 5.9943e-12
1925.748047 6.0083e-12
1927.120728 5.9897e-12
1928.49353 5.8964e-12
1929.866333 5.7808e-12
1931.239014 5.854e-12
1932.611816 5.896e-12
1933.984619 5.9247e-12
1935.357422 5.9043e-12
1936.730225 5.8745e-12
1938.103027 5.8739e-12
1939.475952 5.8634e-12
1940.848755 5.7939e-12
1942.221558 5.7373e-12
1943.594482 5.7282e-12
1944.967285 5.7389e-12
1946.34021 5.7527e-12
1947.713013 5.7619e-12
1949.085938 5.7085e-12
1950.458862 5.6626e-12
1951.831787 5.7462e-12
1953.20459 5.6952e-12
1954.577515 5.6926e-12
1955.950439 5.66e-12
1957.323486 5.6225e-12
1958.696411 5.6058e-12
1960.069336 5.5349e-12
1961.442261 5.5168e-12
1962.815308 5.5137e-12
1964.188232 5.5436e-12
1965.561279 5.4984e-12
1966.934204 5.5138e-12
1968.307251 5.4885e-12
1969.680176 5.431e-12
1971.053223 5.5035e-12
1972.42627 5.467e-12
1973.799316 5.4341e-12
1975.172363 5.4015e-12
1976.54541 5.3884e-12
1977.918457 5.3734e-12
1979.291504 5.3705e-12
1980.664551 5.3435e-12
1982.03772 5.3771e-12
1983.410767 5.3154e-12
1984.783813 5.376e-12
1986.156982 5.3281e-12
1987.530029 5.2957e-12
1988.903198 5.2958e-12
1990.276367 5.3065e-12
1991.649414 5.2732e-12
1993.022583 5.2254e-12
1994.395752 5.2672e-12
1995.768921 5.2433e-12
1997.14209 5.1632e-12
1998.515259 5.1307e-12
1999.888428 5.1725e-12
2001.261597 5.2226e-12
2002.634766 5.2008e-12
2004.007935 5.1361e-12
2005.381226 5.1017e-12
2006.754395 5.0939e-12
2008.127563 5.1045e-12
2009.500854 5.1135e-12
2010.874023 5.1191e-12
2012.247314 5.0948e-12
2013.620605 5.1051e-12
2014.993774 5.0724e-12
2016.367065 5.0554e-12
2017.740356 5.0119e-12
2019.113647 5.0338e-12
2020.486938 5.0054e-12
2021.860229 4.968e-12
2023.233521 4.9771e-12
2024.606812 4.9535e-12
2025.980103 4.982e-12
2027.353394 4.9628e-12
2028.726685 4.9779e-12
2030.100098 4.9692e-12
2031.473389 4.9549e-12
2032.84668 4.9163e-12
2034.220093 4.9367e-12
2035.593384 4.8845e-12
2036.966797 4.8535e-12
2038.34021 4.8641e-12
2039.713501 4.8607e-12
2041.086914 4.8153e-12
2042.460327 4.8205e-12
2043.83374 4.7314e-12
2045.207153 4.7119e-12
2046.580444 4.7397e-12
2047.953857 4.6388e-12
2049.327393 4.6558e-12
2050.700684 4.6797e-12
2052.074219 4.6746e-12
2053.44751 4.5988e-12
2054.821045 4.6146e-12
2056.19458 4.5985e-12
2057.567871 4.6023e-12
2058.941406 4.5925e-12
2060.314941 4.5972e-12
2061.688232 4.6371e-12
2063.061768 4.6316e-12
2064.435303 4.6448e-12
2065.808838 4.5844e-12
2067.182373 4.586e-12
2068.555664 4.5863e-12
2069.929199 4.5596e-12
2071.302734 4.5939e-12
2072.67627 4.6016e-12
2074.049805 4.5648e-12
2075.42334 4.5011e-12
2076.796875 4.5332e-12
2078.17041 4.5242e-12
2079.543945 4.5049e-12
2080.91748 4.4812e-12
2082.291016 4.4741e-12
2083.664551 4.5075e-12
2085.038086 4.4844e-12
2086.411865 4.4564e-12
2087.7854 4.4668e-12
2089.158936 4.4251e-12
2090.532471 4.4424e-12
2091.906006 4.409e-12
2093.279785 4.3557e-12
2094.65332 4.3921e-12
2096.026855 4.3771e-12
2097.400391 4.3686e-12
2098.77417 4.3596e-12
2100.147705 4.3501e-12
2101.521484 4.2859e-12
2102.89502 4.2598e-12
2104.268555 4.2326e-12
2105.642334 4.3195e-12
2107.015869 4.3129e-12
2108.389648 4.2733e-12
2109.763184 4.3132e-12
2111.136963 4.3135e-12
2112.510498 4.281e-12
2113.884277 4.2834e-12
2115.257812 4.2409e-12
2116.631592 4.2151e-12
2118.005127 4.1866e-12
2119.378906 4.116e-12
2120.752686 4.1916e-12
2122.126221 4.1645e-12
2123.5 4.1841e-12
2124.873779 4.1988e-12
2126.247314 4.17e-12
2127.621094 4.1455e-12
2128.994873 4.1337e-12
2130.368652 4.1143e-12
2131.742188 4.1156e-12
2133.115967 4.1513e-12
2134.489746 4.1754e-12
2135.863525 4.1431e-12
2137.237305 4.0888e-12
2138.611084 4.081e-12
2139.984619 4.0615e-12
2141.358398 4.0743e-12
2142.732178 4.05e-12
2144.105957 4.0654e-12
2145.479736 4.0475e-12
2146.853516 4.0391e-12
2148.227295 4.0089e-12
2149.601074 4.0316e-12
2150.974854 3.9511e-12
2152.348633 4.0028e-12
2153.722412 4.0038e-12
2155.096191 3.9735e-12
2156.469971 3.991e-12
2157.84375 4.0067e-12
2159.217529 3.9636e-12
2160.591309 3.9465e-12
2161.965088 3.9296e-12
2163.339111 3.9271e-12
2164.712891 3.905e-12
2166.08667 3.8966e-12
2167.460449 3.8935e-12
2168.834229 3.8867e-12
2170.208008 3.8686e-12
2171.582031 3.8292e-12
2172.955811 3.8553e-12
2174.32959 3.8839e-12
2175.703369 3.8917e-12
2177.077393 3.8274e-12
2178.451172 3.8215e-12
2179.824951 3.8014e-12
2181.198975 3.7635e-12
2182.572754 3.8179e-12
2183.946533 3.8177e-12
2185.320557 3.7916e-12
2186.694336 3.7803e-12
2188.068115 3.7621e-12
2189.442139 3.7312e-12
2190.815918 3.7392e-12
2192.189697 3.7589e-12
2193.563721 3.7073e-12
2194.9375 3.7228e-12
2196.311523 3.7144e-12
2197.685303 3.705e-12
2199.059326 3.7145e-12
2200.433105 3.6818e-12
2201.806885 3.6862e-12
2203.180908 3.6892e-12
2204.554688 3.6498e-12
2205.928711 3.6418e-12
2207.30249 3.6359e-12
2208.676514 3.6279e-12
2210.050537 3.6061e-12
2211.424316 3.5985e-12
2212.79834 3.5591e-12
2214.172119 3.5238e-12
2215.546143 3.5101e-12
2216.919922 3.4906e-12
2218.293945 3.5822e-12
2219.667725 3.5501e-12
2221.041748 3.5286e-12
2222.415771 3.513e-12
2223.789551 3.5566e-12
2225.163574 3.5463e-12
2226.537598 3.5214e-12
2227.911377 3.475e-12
2229.2854 3.4614e-12
2230.659424 3.4556e-12
2232.033203 3.4647e-12
2233.407227 3.4759e-12
2234.78125 3.4626e-12
2236.155029 3.4449e-12
2237.529053 3.4583e-12
2238.903076 3.4579e-12
2240.276855 3.4502e-12
2241.650879 3.4571e-12
2243.024902 3.4581e-12
2244.398926 3.4313e-12
2245.772705 3.4438e-12
2247.146729 3.3778e-12
2248.520752 3.3348e-12
2249.894531 3.2775e-12
2251.268555 3.3023e-12
2252.642578 3.2781e-12
2254.016602 3.2732e-12
2255.390625 3.2741e-12
2256.764404 3.3096e-12
2258.138428 3.3071e-12
2259.512451 3.3311e-12
2260.886475 3.2896e-12
2262.260254 3.3189e-12
2263.634277 3.3089e-12
2265.008301 3.3104e-12
2266.382324 3.3108e-12
2267.756348 3.314e-12
2269.130371 3.3079e-12
2270.50415 3.28e-12
2271.878174 3.2739e-12
2273.252197 3.2813e-12
2274.626221 3.2666e-12
2276.000244 3.2593e-12
2277.374268 3.2176e-12
2278.748047 3.2517e-12
2280.12207 3.2279e-12
2281.496094 3.2218e-12
2282.870117 3.2373e-12
2284.244141 3.1831e-12
2285.618164 3.2023e-12
2286.991943 3.2034e-12
2288.365967 3.2073e-12
2289.73999 3.1821e-12
2291.114014 3.1679e-12
2292.488037 3.1692e-12
2293.862061 3.1705e-12
2295.236084 3.1863e-12
2296.610107 3.195e-12
2297.983887 3.1622e-12
2299.35791 3.1497e-12
2300.731934 3.1532e-12
2302.105957 3.1388e-12
2303.47998 3.0889e-12
2304.854004 3.0706e-12
2306.228027 3.0234e-12
2307.602051 3.014e-12
2308.97583 3.0295e-12
2310.349854 3.0565e-12
2311.723877 3.082e-12
2313.0979 3.1098e-12
2314.471924 3.1115e-12
2315.845947 3.0739e-12
2317.219971 3.0724e-12
2318.59375 3.0632e-12
2319.967773 3.0369e-12
2321.341797 3.035e-12
2322.71582 3.0463e-12
2324.089844 3.0501e-12
2325.463867 3.0544e-12
2326.837891 3.048e-12
2328.211914 3.0177e-12
2329.585693 2.9707e-12
2330.959717 2.9959e-12
2332.33374 2.9871e-12
2333.707764 2.9862e-12
2335.081787 2.9708e-12
2336.455811 2.9569e-12
2337.829834 2.9656e-12
2339.203613 2.945e-12
2340.577637 2.9462e-12
2341.95166 2.8812e-12
2343.325684 2.7811e-12
2344.699707 2.6799e-12
2346.07373 2.8335e-12
2347.44751 2.8849e-12
2348.821533 2.9088e-12
2350.195557 2.8982e-12
2351.56958 2.8715e-12
2352.943604 2.875e-12
2354.317383 2.8602e-12
2355.691406 2.8678e-12
2357.06543 2.8654e-12
2358.439453 2.8588e-12
2359.813477 2.8363e-12
2361.187256 2.8365e-12
2362.561279 2.8457e-12
2363.935303 2.8281e-12
2365.309326 2.8201e-12
2366.683105 2.8456e-12
2368.057129 2.8497e-12
2369.431152 2.8312e-12
2370.805176 2.8164e-12
2372.178955 2.7968e-12
2373.552979 2.7569e-12
2374.927002 2.7166e-12
2376.301025 2.7587e-12
2377.674805 2.7557e-12
2379.048828 2.7319e-12
2380.422852 2.6763e-12
2381.796631 2.4748e-12
2383.170654 2.3169e-12
2384.544678 2.5373e-12
2385.918457 2.583e-12
2387.29248 2.6056e-12
2388.666504 2.6633e-12
2390.040283 2.6772e-12
2391.414307 2.6855e-12
2392.78833 2.6771e-12
2394.162109 2.6852e-12
2395.536133 2.685e-12
2396.909912 2.6745e-12
2398.283936 2.6458e-12
2399.657959 2.6538e-12
2401.031738 2.649e-12
2402.405762 2.6592e-12
2403.779541 2.6432e-12
2405.153564 2.6309e-12
2406.527344 2.6235e-12
2407.901367 2.6399e-12
2409.275391 2.6306e-12
2410.64917 2.6211e-12
2412.023193 2.6131e-12
2413.396973 2.6235e-12
2414.770996 2.609e-12
2416.144775 2.592e-12
2417.518555 2.5883e-12
2418.892578 2.5952e-12
2420.266357 2.5681e-12
2421.640381 2.5534e-12
2423.01416 2.568e-12
2424.388184 2.5453e-12
2425.761963 2.5555e-12
2427.135742 2.5743e-12
2428.509766 2.5692e-12
2429.883545 2.5539e-12
2431.257568 2.5268e-12
2432.631348 2.5087e-12
2434.005127 2.5066e-12
2435.378906 2.5232e-12
2436.75293 2.5386e-12
2438.126709 2.5209e-12
2439.500488 2.5134e-12
2440.874512 2.508e-12
2442.248291 2.4944e-12
2443.62207 2.481e-12
2444.99585 2.4606e-12
2446.369873 2.4843e-12
2447.743652 2.4898e-12
2449.117432 2.492e-12
2450.491211 2.4721e-12
2451.86499 2.4876e-12
2453.23877 2.4459e-12
2454.612793 2.4535e-12
2455.986572 2.4307e-12
2457.360352 2.4411e-12
2458.734131 2.4569e-12
2460.10791 2.428e-12
2461.481689 2.4416e-12
2462.855469 2.4278e-12
2464.229248 2.4368e-12
2465.603027 2.4448e-12
2466.976807 2.4126e-12
2468.350586 2.4072e-12
2469.724365 2.4027e-12
2471.098145 2.4162e-12
2472.471924 2.3994e-12
2473.845703 2.3765e-12
2475.219482 2.3696e-12
2476.593262 2.3778e-12
2477.967041 2.3991e-12
2479.340576 2.3999e-12
2480.714355 2.3644e-12
2482.088135 2.3746e-12
2483.461914 2.3654e-12
2484.835693 2.3633e-12
2486.209473 2.3578e-12
2487.583008 2.3715e-12
2488.956787 2.3405e-12
2490.330566 2.3485e-12
2491.704102 2.3506e-12
2493.077881 2.3395e-12
2494.45166 2.3346e-12
2495.825439 2.3328e-12
2497.198975 2.3458e-12
2498.572754 2.3244e-12
2499.946289 2.3282e-12
2501.320068 2.309e-12
2502.693848 2.2925e-12
2504.067383 2.2929e-12
2505.441162 2.2903e-12
2506.814697 2.2991e-12
2508.188477 2.2495e-12
2509.562012 2.1998e-12
2510.935791 2.1369e-12
2512.309326 2.1067e-12
2513.682861 2.1607e-12
2515.056641 2.2095e-12
2516.430176 2.2277e-12
2517.803711 2.2374e-12
2519.17749 2.2537e-12
2520.551025 2.2533e-12
2521.924561 2.239e-12
2523.29834 2.2397e-12
2524.671875 2.2086e-12
2526.04541 2.233e-12
2527.418945 2.2283e-12
2528.792725 2.2195e-12
2530.16626 2.213e-12
2531.539795 2.1921e-12
2532.91333 2.1998e-12
2534.286865 2.2126e-12
2535.6604 2.2123e-12
2537.033936 2.2028e-12
2538.407471 2.1984e-12
2539.781006 2.2021e-12
2541.154541 2.1669e-12
2542.528076 2.1633e-12
2543.901611 2.1958e-12
2545.275146 2.1572e-12
2546.648682 2.1688e-12
2548.022217 2.1551e-12
2549.395752 2.1613e-12
2550.769287 2.1589e-12
2552.142578 2.1542e-12
2553.516113 2.1434e-12
2554.889648 2.1369e-12
2556.263184 2.1425e-12
2557.636475 2.1388e-12
2559.01001 2.1326e-12
2560.383545 2.1294e-12
2561.756836 2.1095e-12
2563.130371 2.085e-12
2564.503906 2.1109e-12
2565.877197 2.0809e-12
2567.250732 2.0849e-12
2568.624023 2.0775e-12
2569.997559 2.09e-12
2571.37085 2.0888e-12
2572.744385 2.0746e-12
2574.117676 2.0776e-12
2575.491211 2.0703e-12
2576.864502 2.0642e-12
2578.237793 2.0525e-12
2579.611328 2.0808e-12
2580.984619 2.0564e-12
2582.35791 2.0495e-12
2583.731201 2.0526e-12
2585.104736 2.0008e-12
2586.478027 1.901e-12
2587.851318 1.9345e-12
2589.224609 1.9993e-12
2590.5979 2.025e-12
2591.971191 2.0325e-12
2593.344482 2.0284e-12
2594.717773 2.0111e-12
2596.091064 1.9972e-12
2597.464355 1.9959e-12
2598.837646 1.8915e-12
2600.210938 1.735e-12
2601.584229 1.8802e-12
2602.95752 1.9954e-12
2604.330811 2.0165e-12
2605.704102 1.9914e-12
2607.077148 1.9874e-12
2608.450439 1.9948e-12
2609.82373 1.9903e-12
2611.196777 1.984e-12
2612.570068 1.9792e-12
2613.943359 1.9828e-12
2615.316406 1.9593e-12
2616.689697 1.9607e-12
2618.062744 1.9588e-12
2619.436035 1.9445e-12
2620.809082 1.9512e-12
2622.182373 1.9482e-12
2623.55542 1.9441e-12
2624.928711 1.9248e-12
2626.301758 1.9205e-12
2627.674805 1.9215e-12
2629.048096 1.9235e-12
2630.421143 1.9234e-12
2631.794189 1.9255e-12
2633.167236 1.9187e-12
2634.540527 1.919e-12
2635.913574 1.9095e-12
2637.286621 1.9002e-12
2638.659668 1.8947e-12
2640.032715 1.8901e-12
2641.405762 1.8931e-12
2642.778809 1.8657e-12
2644.151855 1.8801e-12
2645.524902 1.8773e-12
2646.897949 1.8645e-12
2648.270996 1.8657e-12
2649.643799 1.8716e-12
2651.016846 1.861e-12
2652.389893 1.8635e-12
2653.762939 1.8655e-12
2655.135742 1.8676e-12
2656.508789 1.8593e-12
2657.881836 1.855e-12
2659.254639 1.8501e-12
2660.627686 1.845e-12
2662.000488 1.8211e-12
2663.373535 1.8489e-12
2664.746338 1.8331e-12
2666.119385 1.8194e-12
2667.492188 1.8335e-12
2668.86499 1.8211e-12
2670.238037 1.8165e-12
2671.61084 1.8081e-12
2672.983643 1.8082e-12
2674.356689 1.792e-12
2675.729492 1.7914e-12
2677.102295 1.8031e-12
2678.475098 1.8022e-12
2679.8479 1.7982e-12
2681.220703 1.7805e-12
2682.593506 1.7817e-12
2683.966309 1.7826e-12
2685.339111 1.7779e-12
2686.711914 1.7813e-12
2688.084717 1.7834e-12
2689.45752 1.7869e-12
2690.830078 1.7446e-12
2692.202881 1.7521e-12
2693.575684 1.7663e-12
2694.948242 1.7542e-12
2696.321045 1.758e-12
2697.693848 1.7491e-12
2699.066406 1.7356e-12
2700.439209 1.7436e-12
2701.811768 1.744e-12
2703.18457 1.7426e-12
2704.557129 1.7376e-12
2705.929932 1.732e-12
2707.30249 1.7244e-12
2708.675049 1.7311e-12
2710.047607 1.723e-12
2711.42041 1.7123e-12
2712.792969 1.7058e-12
2714.165527 1.7075e-12
2715.538086 1.7077e-12
2716.910645 1.6992e-12
2718.283203 1.6969e-12
2719.655762 1.6988e-12
2721.02832 1.6951e-12
2722.400879 1.6942e-12
2723.773438 1.6859e-12
2725.145996 1.6756e-12
2726.518555 1.678e-12
2727.890869 1.6601e-12
2729.263428 1.6437e-12
2730.635986 1.6312e-12
2732.008301 1.5733e-12
2733.380859 1.4918e-12
2734.753174 1.4654e-12
2736.125732 1.55e-12
2737.498047 1.6005e-12
2738.870605 1.6191e-12
2740.24292 1.6257e-12
2741.615479 1.6447e-12
2742.987793 1.6371e-12
2744.360107 1.6199e-12
2745.732422 1.6321e-12
2747.10498 1.6215e-12
2748.477295 1.626e-12
2749.849609 1.6278e-12
2751.221924 1.6197e-12
2752.594238 1.6182e-12
2753.966553 1.6198e-12
2755.338867 1.6163e-12
2756.711182 1.6114e-12
2758.083252 1.6095e-12
2759.455566 1.5915e-12
2760.827881 1.5923e-12
2762.200195 1.5984e-12
2763.572266 1.6002e-12
2764.94458 1.5879e-12
2766.316895 1.5688e-12
2767.688965 1.5678e-12
2769.061279 1.5703e-12
2770.43335 1.5777e-12
2771.80542 1.5783e-12
2773.177734 1.568e-12
2774.549805 1.5642e-12
2775.921875 1.5679e-12
2777.294189 1.5669e-12
2778.66626 1.5674e-12
2780.03833 1.5643e-12
2781.4104 1.5587e-12
2782.782471 1.5412e-12
2784.154541 1.5417e-12
2785.526611 1.5424e-12
2786.898682 1.536e-12
2788.270752 1.5233e-12
2789.642822 1.5206e-12
2791.014648 1.5221e-12
2792.386719 1.5119e-12
2793.758789 1.4634e-12
2795.130615 1.3533e-12
2796.502686 1.1431e-12
2797.874512 1.3509e-12
2799.246582 1.4753e-12
2800.618408 1.4743e-12
2801.990479 1.413e-12
2803.362305 1.1817e-12
2804.734131 1.3421e-12
2806.106201 1.4645e-12
2807.478027 1.5051e-12
2808.849854 1.4946e-12
2810.22168 1.4937e-12
2811.593506 1.5004e-12
2812.965332 1.4976e-12
2814.337158 1.481e-12
2815.708984 1.4775e-12
2817.080811 1.4828e-12
2818.452637 1.4884e-12
2819.824463 1.4763e-12
2821.196045 1.4766e-12
2822.567871 1.4743e-12
2823.939697 1.4798e-12
2825.311279 1.4765e-12
2826.683105 1.4733e-12
2828.054688 1.4684e-12
2829.426514 1.4595e-12
2830.798096 1.4545e-12
2832.169678 1.455e-12
2833.541504 1.4613e-12
2834.913086 1.4562e-12
2836.284668 1.443e-12
2837.65625 1.4493e-12
2839.027832 1.4494e-12
2840.399414 1.4439e-12
2841.770996 1.4311e-12
2843.142578 1.4289e-12
2844.51416 1.4308e-12
2845.885742 1.4364e-12
2847.257324 1.4314e-12
2848.628662 1.4241e-12
2850.000244 1.4134e-12
2851.371826 1.4021e-12
2852.743164 1.3673e-12
2854.114746 1.3782e-12
2855.486084 1.4177e-12
2856.857666 1.4149e-12
2858.229004 1.3996e-12
2859.600342 1.4118e-12
2860.97168 1.4007e-12
2862.343262 1.4059e-12
2863.7146 1.397e-12
2865.085938 1.3881e-12
2866.457275 1.3723e-12
2867.828613 1.3986e-12
2869.199951 1.3849e-12
2870.571289 1.3893e-12
2871.942627 1.3816e-12
2873.313721 1.3835e-12
2874.685059 1.3762e-12
2876.056396 1.3691e-12
2877.42749 1.3623e-12
2878.798828 1.3675e-12
2880.169922 1.3687e-12
2881.54126 1.3763e-12
2882.912354 1.3702e-12
2884.283691 1.3719e-12
2885.654785 1.3616e-12
2887.025879 1.3581e-12
2888.396973 1.3596e-12
2889.768066 1.3433e-12
2891.13916 1.3417e-12
2892.510254 1.3441e-12
2893.881348 1.3458e-12
2895.252441 1.355e-12
2896.623535 1.3296e-12
2897.994629 1.3377e-12
2899.365723 1.3247e-12
2900.736572 1.3238e-12
2902.107666 1.3404e-12
2903.478516 1.3407e-12
2904.849609 1.318e-12
2906.220459 1.3139e-12
2907.591553 1.3236e-12
2908.962402 1.3274e-12
2910.333252 1.3188e-12
2911.704346 1.3097e-12
2913.075195 1.31e-12
2914.446045 1.3057e-12
2915.816895 1.2917e-12
2917.187744 1.2974e-12
2918.558594 1.298e-12
2919.929443 1.2859e-12
2921.300049 1.2951e-12
2922.670898 1.288e-12
2924.041748 1.283e-12
2925.412354 1.2916e-12
2926.783203 1.2909e-12
2928.153809 1.2851e-12
2929.524658 1.279e-12
2930.895264 1.2724e-12
2932.266113 1.2737e-12
2933.636719 1.2776e-12
2935.007324 1.2692e-12
2936.37793 1.2647e-12
2937.748535 1.2685e-12
2939.119141 1.2611e-12
2940.489746 1.2625e-12
2941.860352 1.2603e-12
2943.230957 1.2593e-12
2944.601562 1.2604e-12
2945.972168 1.2619e-12
2947.342529 1.2614e-12
2948.713135 1.2525e-12
2950.08374 1.2404e-12
2951.454102 1.2413e-12
2952.824463 1.2348e-12
2954.195068 1.2216e-12
2955.56543 1.211e-12
2956.935791 1.2279e-12
2958.306396 1.2229e-12
2959.676758 1.222e-12
2961.047119 1.2226e-12
2962.41748 1.2254e-12
2963.787842 1.2193e-12
2965.158203 1.2242e-12
2966.52832 1.219e-12
2967.898682 1.2146e-12
2969.269043 1.2245e-12
2970.63916 1.2192e-12
2972.009521 1.2111e-12
2973.379639 1.2152e-12
2974.75 1.2158e-12
2976.120117 1.2144e-12
2977.490479 1.2026e-12
2978.860596 1.1963e-12
2980.230713 1.1948e-12
2981.60083 1.2056e-12
2982.970947 1.2052e-12
2984.341064 1.1957e-12
2985.711182 1.1879e-12
2987.081299 1.1805e-12
2988.451416 1.1807e-12
2989.821289 1.1849e-12
2991.191406 1.1825e-12
2992.561523 1.168e-12
2993.931396 1.1745e-12
2995.301514 1.1649e-12
2996.671387 1.1714e-12
2998.04126 1.1794e-12
2999.411377 1.175e-12
3000.78125 1.1725e-12
3002.151123 1.1779e-12
3003.520996 1.1726e-12
3004.890869 1.1706e-12
3006.260742 1.1671e-12
3007.630615 1.1697e-12
3009.000488 1.1628e-12
3010.370117 1.1622e-12
3011.73999 1.1593e-12
3013.109863 1.1557e-12
3014.479492 1.1518e-12
3015.849365 1.1517e-12
3017.218994 1.1473e-12
3018.588623 1.1445e-12
3019.958496 1.1485e-12
3021.328125 1.1485e-12
3022.697754 1.144e-12
3024.067383 1.153e-12
3025.437012 1.1461e-12
3026.806641 1.1393e-12
3028.17627 1.1361e-12
3029.545898 1.138e-12
3030.915283 1.1363e-12
3032.284912 1.1201e-12
3033.654541 1.1173e-12
3035.023926 1.1266e-12
3036.393555 1.1223e-12
3037.762939 1.1193e-12
3039.132324 1.1236e-12
3040.501709 1.1223e-12
3041.871338 1.1237e-12
3043.240723 1.1237e-12
3044.610107 1.1072e-12
3045.979492 1.1086e-12
3047.348877 1.1043e-12
3048.718018 1.1066e-12
3050.087402 1.1095e-12
3051.456787 1.1082e-12
3052.825928 1.0958e-12
3054.195312 1.0905e-12
3055.564453 1.0887e-12
3056.933838 1.0807e-12
3058.302979 1.086e-12
3059.672119 1.0776e-12
3061.041504 1.0824e-12
3067.019043 1.0887e-12
3069.765381 1.0814e-12
3072.511719 1.0702e-12
3075.258057 1.0671e-12
3078.004395 1.062e-12
3080.750732 1.0598e-12
3083.497314 1.0685e-12
3086.243652 1.046e-12
3088.98999 1.0516e-12
3091.736572 1.0575e-12
3094.48291 1.0587e-12
3097.229492 1.0573e-12
3099.976074 1.0444e-12
3102.722656 1.0413e-12
3105.468994 1.0314e-12
3108.215576 1.0324e-12
3110.962158 1.0312e-12
3113.70874 1.0048e-12
3116.455322 1.0282e-12
3119.202148 1.0274e-12
3121.94873 1.0223e-12
3124.695312 1.0054e-12
3127.442139 1.0162e-12
3130.188721 1.0121e-12
3132.935547 9.9137e-13
3135.682129 1.0019e-12
3138.428955 9.9588e-13
3141.175781 9.919e-13
3143.922607 9.9084e-13
3146.669434 9.8994e-13
3149.41626 9.9067e-13
3152.163086 9.8473e-13
3154.909912 9.6528e-13
3157.656738 9.7001e-13
3160.403564 9.779e-13
3163.150391 9.7443e-13
3165.897461 9.6116e-13
3168.644287 9.6018e-13
3171.391357 9.5153e-13
3174.138184 9.6054e-13
3176.885254 9.5052e-13
3179.632324 9.4837e-13
3182.37915 9.467e-13
3185.126221 9.4827e-13
3187.873291 9.4603e-13
3190.620361 9.3308e-13
3193.367432 9.2691e-13
3196.114502 9.1351e-13
3198.861572 8.9332e-13
3201.608887 8.3471e-13
3204.355957 8.5821e-13
3207.103027 8.9642e-13
3209.850342 9.077e-13
3212.597412 9.0618e-13
3215.344727 9.1043e-13
3218.091797 9.0533e-13
3220.839111 9.0279e-13
3223.586426 9.0651e-13
3226.33374 9.0496e-13
3229.080811 8.9367e-13
3231.828125 8.9314e-13
3234.575439 8.9469e-13
3237.322754 8.9315e-13
3240.070068 8.8368e-13
3242.817383 8.7951e-13
3245.564941 8.8432e-13
3248.312256 8.7552e-13
3251.05957 8.7088e-13
3253.807129 8.7214e-13
3256.554443 8.7175e-13
3259.302002 8.6506e-13
3262.049316 8.7373e-13
3264.796875 8.7558e-13
3267.544189 8.5718e-13
3270.291748 8.5794e-13
3273.039307 8.5795e-13
3275.786865 8.5141e-13
3278.534424 8.3881e-13
3281.281982 8.4348e-13
3284.029541 8.4353e-13
3286.7771 8.4634e-13
3289.524658 8.3665e-13
3292.272217 8.3474e-13
3295.019775 8.3286e-13
3297.767334 8.2812e-13
3300.515137 8.3485e-13
3303.262695 8.3048e-13
3306.010498 8.2183e-13
3308.758057 8.1869e-13
3311.505859 8.1005e-13
3314.253418 8.1113e-13
3317.001221 8.1042e-13
3319.749023 8.147e-13
3322.496582 8.12e-13
3325.244385 8.0579e-13
3327.992188 8.0207e-13
3330.73999 7.9932e-13
3333.487793 7.9277e-13
3336.235596 7.9345e-13
3338.983398 7.9428e-13
3341.731201 7.9146e-13
3344.479004 7.876e-13
3347.226807 7.9057e-13
3349.974854 7.8615e-13
3352.722656 7.805e-13
3355.470459 7.775e-13
3358.218506 7.6972e-13
3360.966309 7.67e-13
3363.714355 7.7357e-13
3366.462158 7.7067e-13
3369.210205 7.6302e-13
3371.958008 7.617e-13
3374.706055 7.5767e-13
3377.454102 7.5535e-13
3380.202148 7.4985e-13
3382.949951 7.5293e-13
3385.697998 7.4984e-13
3388.446045 7.4798e-13
3391.194092 7.448e-13
3393.942139 7.4082e-13
3396.690186 7.3917e-13
3399.438232 7.4435e-13
3402.186523 7.4134e-13
3404.93457 7.359e-13
3407.682617 7.3032e-13
3410.430664 7.3118e-13
3413.178955 7.2789e-13
3415.927002 7.2566e-13
3418.675049 7.2435e-13
3421.42334 7.218e-13
3424.171387 7.2339e-13
3426.919678 7.2295e-13
3429.667725 7.156e-13
3432.416016 7.1245e-13
3435.164307 7.0992e-13
3437.912354 7.1247e-13
3440.660645 7.1161e-13
3443.408936 7.0696e-13
3446.157227 7.0267e-13
3448.905273 7.015e-13
3451.653564 7.0158e-13
3454.401855 6.9754e-13
3457.150146 6.9557e-13
3459.898438 6.9403e-13
3462.646729 6.9326e-13
3465.39502 6.9376e-13
3468.143555 6.847e-13
3470.891846 6.9147e-13
3473.640137 6.791e-13
3476.388428 6.8384e-13
3479.136719 6.7608e-13
3481.885254 6.7132e-13
3484.633545 6.6976e-13
3487.381836 6.703e-13
3490.130371 6.6889e-13
3492.878662 6.697e-13
3495.627197 6.6608e-13
3498.375488 6.6229e-13
3501.124023 6.6098e-13
3503.872559 6.648e-13
3506.62085 6.5682e-13
3509.369385 6.5787e-13
3512.11792 6.5112e-13
3514.866211 6.4982e-13
3517.614746 6.4434e-13
3520.363281 6.4255e-13
3523.111816 6.4175e-13
3525.860107 6.4001e-13
3528.608643 6.3767e-13
3531.357178 6.3968e-13
3534.105713 6.3386e-13
3536.854248 6.2887e-13
3539.602783 6.315e-13
3542.351318 6.3378e-13
3545.099854 6.3056e-13
3547.848633 6.271e-13
3550.597168 6.3017e-13
3553.345703 6.237e-13
3556.094238 6.1688e-13
3558.842773 6.1716e-13
3561.591553 6.1673e-13
3564.340088 6.1967e-13
3567.088623 6.1611e-13
3569.837158 5.9959e-13
3572.585938 6.0468e-13
3575.334473 6.0876e-13
3578.083252 6.1119e-13
3580.831787 6.1037e-13
3583.580566 6.0512e-13
3586.329102 6.0057e-13
3589.077881 6.0469e-13
3591.826416 6.0372e-13
3594.575195 5.9877e-13
3597.32373 5.9574e-13
3600.07251 5.9895e-13
3602.821289 5.9165e-13
3605.569824 5.9212e-13
3608.318604 5.8831e-13
3611.067383 5.8453e-13
3613.816162 5.8931e-13
3616.564697 5.8377e-13
3619.313477 5.8323e-13
3622.062256 5.8267e-13
3624.811035 5.8302e-13
3627.559814 5.7991e-13
3630.308594 5.7813e-13
3633.057373 5.7628e-13
3635.805908 5.7597e-13
3638.554688 5.7371e-13
3641.303467 5.7485e-13
3644.052246 5.6381e-13
3646.801025 5.6894e-13
3649.550049 5.6125e-13
3652.298828 5.6237e-13
3655.047607 5.668e-13
3657.796387 5.6059e-13
3660.545166 5.5676e-13
3663.293945 5.576e-13
3666.042725 5.5402e-13
3668.791504 5.5293e-13
3671.540527 5.5165e-13
3674.289307 5.5189e-13
3677.038086 5.495e-13
3679.786865 5.4876e-13
3682.535889 5.4669e-13
3685.284668 5.4561e-13
3688.033447 5.4385e-13
3690.782227 5.4551e-13
3693.53125 5.3998e-13
3696.280029 5.3895e-13
3699.029053 5.3492e-13
3701.777832 5.3674e-13
3704.526611 5.3749e-13
3707.275635 5.3476e-13
3710.024414 5.3342e-13
3712.773438 5.2752e-13
3715.522217 5.2714e-13
3718.27124 5.2496e-13
3721.02002 5.2884e-13
3723.769043 5.2606e-13
3726.517822 5.1994e-13
3729.266846 5.2812e-13
3732.015625 5.2622e-13
3734.764648 5.221e-13
3737.513428 5.2057e-13
3740.262451 5.1406e-13
3743.01123 5.1196e-13
3745.760254 5.1039e-13
3748.509277 5.0924e-13
3751.258057 5.091e-13
3754.00708 5.0996e-13
3756.755859 5.064e-13
3759.504883 5.0597e-13
3762.253906 5.0653e-13
3765.002686 5.0287e-13
3767.751709 4.9621e-13
3770.500732 4.9241e-13
3773.249756 4.9788e-13
3775.998535 5.0204e-13
3778.747559 4.9377e-13
3781.496582 4.9306e-13
3784.245361 4.9277e-13
3786.994385 4.9618e-13
3789.743408 4.9305e-13
3792.492432 4.8746e-13
3795.241211 4.8233e-13
3797.990234 4.8331e-13
3800.739258 4.8249e-13
3803.488281 4.822e-13
3806.237061 4.837e-13
3808.986084 4.835e-13
3811.735107 4.8525e-13
3814.484131 4.822e-13
3817.233154 4.8152e-13
3819.981934 4.7975e-13
3822.730957 4.7929e-13
3825.47998 4.7255e-13
3828.229004 4.7089e-13
3830.978027 4.6285e-13
3833.726807 4.5854e-13
3836.47583 4.5217e-13
3839.224854 4.5662e-13
3841.973877 4.5782e-13
3844.7229 4.6126e-13
3847.471924 4.675e-13
3850.220703 4.693e-13
3852.969727 4.7071e-13
3855.71875 4.7072e-13
3858.467773 4.6883e-13
3861.216797 4.7444e-13
3863.96582 4.6466e-13
3866.7146 4.6554e-13
3869.463623 4.6492e-13
3872.212646 4.5881e-13
3874.96167 4.59e-13
3877.710693 4.5192e-13
3880.459717 4.424e-13
3883.208496 4.3509e-13
3885.95752 4.2134e-13
3888.706543 4.1888e-13
3891.455566 4.1726e-13
3894.20459 4.243e-13
3896.953369 4.3349e-13
3899.702393 4.3871e-13
3902.451416 4.4218e-13
3905.200439 4.4402e-13
3907.949463 4.4576e-13
3910.698242 4.4966e-13
3913.447266 4.487e-13
3916.196289 4.4346e-13
3918.945312 4.4642e-13
3921.694336 4.3781e-13
3924.443115 4.3821e-13
3927.192139 4.4427e-13
3929.941162 4.4437e-13
3932.690186 4.4025e-13
3935.438965 4.3986e-13
3938.187988 4.3997e-13
3940.937012 4.402e-13
3943.685791 4.3527e-13
3946.434814 4.3339e-13
3949.183838 4.2902e-13
3951.932861 4.2798e-13
3954.681641 4.2564e-13
3957.430664 4.2027e-13
3960.179688 4.1176e-13
3962.928467 4.0253e-13
3965.67749 3.8881e-13
3968.42627 3.7418e-13
3971.175293 3.6572e-13
3973.924316 3.7779e-13
3976.673096 3.8812e-13
3979.422119 3.9871e-13
3982.170898 4.0482e-13
3984.919922 4.0985e-13
3987.668945 4.15e-13
3990.417725 4.1262e-13
3993.166748 4.1666e-13
3995.915527 4.1321e-13
3998.664551 4.1657e-13
4001.41333 4.1591e-13
4004.162354 4.1169e-13
4006.911133 4.1147e-13
4009.660156 4.1308e-13
4012.408936 4.137e-13
4015.157715 4.1218e-13
4017.906738 4.0946e-13
4020.655518 4.087e-13
4023.404541 4.0716e-13
4026.15332 4.0538e-13
4028.9021 4.0042e-13
4031.651123 4.0212e-13
4034.399902 3.9954e-13
4037.148682 4.008e-13
4039.897461 3.9809e-13
4042.646484 3.9921e-13
4045.395264 4.0033e-13
4048.144043 3.9773e-13
4050.892822 3.9622e-13
4053.641846 3.9684e-13
4056.390625 3.9046e-13
4059.139404 3.8781e-13
4061.888184 3.8959e-13
4064.636963 3.8794e-13
4067.385742 3.8543e-13
4070.134521 3.9165e-13
4072.883301 3.8741e-13
4075.63208 3.8521e-13
4078.380859 3.8248e-13
4081.129639 3.8164e-13
4083.878418 3.7377e-13
4086.627197 3.7539e-13
4089.375977 3.6862e-13
4092.124756 3.6098e-13
4094.873535 3.5e-13
4097.62207 3.3705e-13
4100.371094 3.1792e-13
4103.119629 3.0978e-13
4105.868652 3.2249e-13
4108.617188 3.3581e-13
4111.365723 3.4925e-13
4114.114746 3.5694e-13
4116.863281 3.5762e-13
4119.611816 3.6248e-13
4122.36084 3.666e-13
4125.109375 3.676e-13
4127.85791 3.6764e-13
4130.606934 3.6398e-13
4133.355469 3.647e-13
4136.104004 3.6697e-13
4138.852539 3.6556e-13
4141.601562 3.6391e-13
4144.350098 3.6393e-13
4147.098633 3.6213e-13
4149.847168 3.6183e-13
4152.595703 3.631e-13
4155.344727 3.6402e-13
4158.093262 3.607e-13
4160.841797 3.5919e-13
4163.590332 3.576e-13
4166.338867 3.5791e-13
4169.087402 3.5577e-13
4171.835938 3.5546e-13
4174.584473 3.5407e-13
4177.333008 3.5188e-13
4180.081543 3.4821e-13
4182.830078 3.4829e-13
4185.578613 3.4912e-13
4188.327148 3.4955e-13
4191.075684 3.4813e-13
4193.824219 3.4536e-13
4196.572754 3.4339e-13
4199.321289 3.4173e-13
4202.069824 3.3964e-13
4204.818359 3.3879e-13
4207.566895 3.3959e-13
4210.31543 3.3929e-13
4213.063965 3.3999e-13
4215.812012 3.3931e-13
4218.560547 3.3789e-13
4221.309082 3.3225e-13
4224.057617 3.3418e-13
4226.805664 3.3351e-13
4229.554199 3.3451e-13
4232.302734 3.3485e-13
4235.05127 3.3252e-13
4237.799316 3.3144e-13
4240.547852 3.3204e-13
4243.296387 3.3033e-13
4246.044434 3.2933e-13
4248.792969 3.2949e-13
4251.541016 3.2685e-13
4254.289551 3.2497e-13
4257.037598 3.2393e-13
4259.786133 3.2758e-13
4262.534668 3.2503e-13
4265.282715 3.2334e-13
4268.030762 3.1919e-13
4270.779297 3.1719e-13
4273.527344 3.1679e-13
4276.275879 3.1774e-13
4279.023926 3.1632e-13
4281.772461 3.1525e-13
4284.520508 3.1755e-13
4287.268555 3.1524e-13
4290.01709 3.1409e-13
4292.765137 3.1391e-13
4295.513184 3.1515e-13
4298.26123 3.1487e-13
4301.009766 3.1313e-13
4303.757812 3.1149e-13
4306.505859 3.0948e-13
4309.253906 3.0977e-13
4312.001953 3.0862e-13
4314.75 3.0774e-13
4317.498047 3.0527e-13
4320.246582 3.0191e-13
4322.994629 3.0058e-13
4325.742676 2.9621e-13
4328.490723 2.9181e-13
4331.23877 2.8557e-13
4333.986816 2.7835e-13
4336.734863 2.6413e-13
4339.482422 2.4832e-13
4342.230469 2.3988e-13
4344.978516 2.519e-13
4347.726562 2.6857e-13
4350.474609 2.815e-13
4353.222656 2.8567e-13
4355.970215 2.8794e-13
4358.718262 2.896e-13
4361.466309 2.9204e-13
4364.214355 2.9149e-13
4366.961914 2.9279e-13
4369.709961 2.9363e-13
4372.458008 2.9192e-13
4375.205566 2.9153e-13
4377.953613 2.9598e-13
4380.701172 2.954e-13
4383.449219 2.9186e-13
4386.196777 2.9145e-13
4388.944824 2.9015e-13
4391.692383 2.884e-13
4394.44043 2.8934e-13
4397.187988 2.8829e-13
4399.936035 2.8655e-13
4402.683594 2.8569e-13
4405.431152 2.8497e-13
4408.179199 2.8767e-13
4410.926758 2.8566e-13
4413.674316 2.8436e-13
4416.421875 2.8316e-13
4419.169922 2.8257e-13
4421.91748 2.8154e-13
4424.665039 2.8142e-13
4427.412598 2.8029e-13
4430.160156 2.7717e-13
4432.907715 2.7999e-13
4435.655273 2.8033e-13
4438.402832 2.7811e-13
4441.150391 2.7698e-13
4443.897949 2.7517e-13
4446.645508 2.7508e-13
4449.393066 2.7204e-13
4452.140625 2.7389e-13
4454.888184 2.745e-13
4457.635254 2.7381e-13
4460.382812 2.7089e-13
4463.130371 2.7151e-13
4465.87793 2.7342e-13
4468.625 2.7038e-13
4471.372559 2.7004e-13
4474.120117 2.6808e-13
4476.867188 2.6953e-13
4479.614746 2.697e-13
4482.361816 2.672e-13
4485.109375 2.6747e-13
4487.856445 2.6581e-13
4490.604004 2.6497e-13
4493.351074 2.6604e-13
4496.098633 2.6471e-13
4498.845703 2.6405e-13
4501.592773 2.6378e-13
4504.340332 2.6338e-13
4507.087402 2.6172e-13
4509.834473 2.5888e-13
4512.581543 2.5804e-13
4515.329102 2.5639e-13
4518.076172 2.6196e-13
4520.823242 2.5971e-13
4523.570312 2.5487e-13
4526.317383 2.5689e-13
4529.064453 2.5609e-13
4531.811523 2.5548e-13
4534.558594 2.5384e-13
4537.305664 2.5388e-13
4540.052734 2.5007e-13
4542.799805 2.4969e-13
4545.546875 2.5124e-13
4548.293457 2.5171e-13
4551.040527 2.5242e-13
4553.787598 2.5039e-13
4556.534668 2.5142e-13
4559.28125 2.493e-13
4562.02832 2.512e-13
4564.774902 2.4777e-13
4567.521973 2.465e-13
4570.269043 2.4776e-13
4573.015625 2.4853e-13
4575.762207 2.4988e-13
4578.509277 2.4609e-13
4581.255859 2.445e-13
4584.00293 2.4498e-13
4586.749512 2.4611e-13
4589.496094 2.4407e-13
4592.242676 2.4428e-13
4594.989746 2.4265e-13
4597.736328 2.4222e-13
4600.48291 2.4124e-13
4603.229492 2.3969e-13
4605.976074 2.383e-13
4608.722656 2.3835e-13
4611.469238 2.3548e-13
4614.21582 2.3888e-13
4616.962402 2.3702e-13
4619.708984 2.3776e-13
4622.455566 2.3752e-13
4625.202148 2.3372e-13
4627.94873 2.349e-13
4630.694824 2.3515e-13
4633.441406 2.3483e-13
4636.187988 2.3472e-13
4638.934082 2.3507e-13
4641.680664 2.368e-13
4644.426758 2.308e-13
4647.17334 2.3168e-13
4649.919434 2.3365e-13
4652.666016 2.3148e-13
4655.412109 2.3152e-13
4658.158691 2.2964e-13
4660.904785 2.3068e-13
4663.650879 2.3013e-13
4666.397461 2.2878e-13
4669.143555 2.2763e-13
4671.889648 2.2738e-13
4674.635742 2.2687e-13
4677.381836 2.2554e-13
4680.12793 2.2115e-13
4682.874023 2.1269e-13
4685.620117 2.0131e-13
4688.366211 2.0078e-13
4691.112305 2.1516e-13
4693.858398 2.1813e-13
4696.604492 2.2081e-13
4699.350586 2.2226e-13
4702.096191 2.2243e-13
4704.842285 2.2146e-13
4707.588379 2.1998e-13
4710.333984 2.2098e-13
4713.080078 2.206e-13
4715.825684 2.2101e-13
4718.571777 2.1863e-13
4721.317383 2.1986e-13
4724.063477 2.178e-13
4726.809082 2.1697e-13
4729.555176 2.1747e-13
4732.300781 2.1639e-13
4735.046387 2.1647e-13
4737.791992 2.1483e-13
4740.537598 2.1353e-13
4743.283691 2.1475e-13
4746.029297 2.1644e-13
4748.774902 2.1537e-13
4751.520508 2.1329e-13
4754.266113 2.1056e-13
4757.011719 2.1153e-13
4759.756836 2.0997e-13
4762.502441 2.0918e-13
4765.248047 2.0969e-13
4767.993652 2.1035e-13
4770.739258 2.1057e-13
4773.484375 2.0826e-13
4776.22998 2.0777e-13
4778.975098 2.0733e-13
4781.720703 2.0787e-13
4784.46582 2.0685e-13
4787.211426 2.0628e-13
4789.956543 2.074e-13
4792.70166 2.0386e-13
4795.447266 2.0577e-13
4798.192383 2.0571e-13
4800.9375 2.0341e-13
4803.682617 2.0469e-13
4806.428223 2.0373e-13
4809.17334 2.029e-13
4811.918457 2.0184e-13
4814.663574 2.0117e-13
4817.408691 2.0032e-13
4820.15332 2.0125e-13
4822.898438 2.0147e-13
4825.643555 2.0064e-13
4828.388672 2.0054e-13
4831.133789 1.9922e-13
4833.878418 1.9873e-13
4836.623535 1.9726e-13
4839.368164 1.9626e-13
4842.113281 1.9483e-13
4844.85791 1.9396e-13
4847.603027 1.9038e-13
4850.347656 1.8828e-13
4853.092773 1.8263e-13
4855.837402 1.746e-13
4858.582031 1.6459e-13
4861.32666 1.5562e-13
4864.071289 1.5373e-13
4866.815918 1.645e-13
4869.561035 1.7531e-13
4872.305664 1.8141e-13
4875.049805 1.8409e-13
4877.794434 1.8599e-13
4880.539062 1.8852e-13
4883.283691 1.8805e-13
4886.02832 1.883e-13
4888.772461 1.9103e-13
4891.51709 1.9011e-13
4894.261719 1.8909e-13
4897.005859 1.8944e-13
4899.750488 1.8856e-13
4902.494629 1.8931e-13
4905.239258 1.885e-13
4907.983398 1.8824e-13
4910.727539 1.8724e-13
4913.472168 1.866e-13
4916.216309 1.8743e-13
4918.960449 1.8719e-13
4921.70459 1.866e-13
4924.44873 1.8583e-13
4927.192871 1.8552e-13
4929.937012 1.8583e-13
4932.681152 1.8489e-13
4935.425293 1.8653e-13
4938.169434 1.8614e-13
4940.913086 1.8605e-13
4943.657227 1.8158e-13
4946.401367 1.8147e-13
4949.14502 1.8432e-13
4951.88916 1.8438e-13
4954.632812 1.8349e-13
4957.376953 1.8302e-13
4960.120605 1.8141e-13
4962.864258 1.8173e-13
4965.608398 1.8144e-13
4968.352051 1.81e-13
4971.095703 1.8071e-13
4973.839355 1.8037e-13
4976.583008 1.8023e-13
4979.32666 1.8002e-13
4982.070312 1.7922e-13
4984.813965 1.7819e-13
4987.557617 1.771e-13
4990.30127 1.778e-13
4993.044922 1.7756e-13
4995.788086 1.7704e-13
4998.531738 1.7614e-13
5001.274902 1.76e-13
5004.018555 1.7573e-13
5006.761719 1.7539e-13
5009.505371 1.7469e-13
5012.248535 1.7391e-13
5014.992188 1.7339e-13
5017.735352 1.7291e-13
5020.478516 1.7228e-13
5023.22168 1.7229e-13
5025.964844 1.7127e-13
5028.708008 1.7173e-13
5031.451172 1.7005e-13
5034.194336 1.7088e-13
5036.9375 1.7101e-13
5039.680664 1.7052e-13
5042.423828 1.7012e-13
5045.166504 1.7056e-13
5047.909668 1.6962e-13
5050.652344 1.6773e-13
5053.395508 1.6945e-13
5056.138184 1.691e-13
5058.881348 1.6857e-13
5061.624023 1.6881e-13
5064.367188 1.6804e-13
5067.109863 1.6762e-13
5069.852539 1.677e-13
5072.595215 1.6653e-13
5075.337891 1.6658e-13
5078.080566 1.6669e-13
5080.823242 1.6523e-13
5083.565918 1.6481e-13
5086.308594 1.6535e-13
5089.05127 1.6497e-13
5091.793457 1.6462e-13
5094.536133 1.6244e-13
5097.278809 1.6102e-13
5100.020996 1.6193e-13
5102.763672 1.6283e-13
5105.505859 1.6266e-13
5108.248047 1.6174e-13
5110.990723 1.6173e-13
5113.73291 1.614e-13
5116.475098 1.6162e-13
5119.217285 1.6023e-13
5121.959473 1.6043e-13
5124.70166 1.605e-13
5127.443848 1.5818e-13
5130.186035 1.5907e-13
5132.928223 1.5868e-13
5135.67041 1.5747e-13
5138.412109 1.5751e-13
5141.154297 1.5739e-13
5143.895996 1.5741e-13
5146.638184 1.5745e-13
5149.379883 1.562e-13
5152.12207 1.5535e-13
5154.86377 1.566e-13
5157.605469 1.562e-13
5160.347656 1.5559e-13
5163.089355 1.5583e-13
5165.831055 1.5542e-13
5168.572754 1.5454e-13
5171.314453 1.5462e-13
5174.056152 1.5418e-13
5176.797852 1.5515e-13
5179.539062 1.5413e-13
5182.280762 1.532e-13
5185.022461 1.5355e-13
5187.763672 1.5309e-13
5190.505371 1.512e-13
5193.246582 1.5142e-13
5195.988281 1.5194e-13
5198.729492 1.5155e-13
5201.470703 1.5033e-13
5204.211914 1.5015e-13
5206.953125 1.5082e-13
5209.694824 1.5146e-13
5212.436035 1.5065e-13
5215.177246 1.4964e-13
5217.917969 1.4951e-13
5220.65918 1.4839e-13
5223.400391 1.4802e-13
5226.141602 1.4843e-13
5228.882324 1.4967e-13
5231.623535 1.4786e-13
5234.364258 1.4796e-13
5237.105469 1.4784e-13
5239.846191 1.4844e-13
5242.586914 1.4715e-13
5245.328125 1.4612e-13
5248.068848 1.4637e-13
5250.80957 1.4621e-13
5253.550293 1.4594e-13
5256.291016 1.4557e-13
5259.031738 1.4494e-13
5261.771973 1.4518e-13
5264.512695 1.4421e-13
5267.253418 1.4367e-13
5269.994141 1.4364e-13
5272.734375 1.4491e-13
5275.475098 1.4399e-13
5278.215332 1.4247e-13
5280.955566 1.4271e-13
5283.696289 1.4222e-13
5286.436523 1.4237e-13
5289.176758 1.4207e-13
5291.916992 1.4142e-13
5294.657227 1.3966e-13
5297.397461 1.4151e-13
5300.137695 1.4024e-13
5302.87793 1.4118e-13
5305.617676 1.4015e-13
5308.35791 1.407e-13
5311.098145 1.3946e-13
5313.837891 1.3893e-13
5316.578125 1.3783e-13
5319.317871 1.3784e-13
5322.057617 1.3878e-13
5324.797852 1.3912e-13
5327.537598 1.3852e-13
5330.277344 1.3879e-13
5333.01709 1.3746e-13
5335.756836 1.3668e-13
5338.496582 1.367e-13
5341.236328 1.3636e-13
5343.976074 1.3638e-13
5346.715332 1.3639e-13
5349.455078 1.363e-13
5352.194336 1.3698e-13
5354.934082 1.3404e-13
5357.67334 1.3488e-13
5360.413086 1.3514e-13
5363.152344 1.352e-13
5365.891602 1.3627e-13
5368.630859 1.3508e-13
5371.370117 1.3303e-13
5374.109375 1.3349e-13
5376.848633 1.3335e-13
5379.587891 1.3356e-13
5382.327148 1.3248e-13
5385.065918 1.3238e-13
5387.805176 1.3221e-13
5390.544434 1.3154e-13
5393.283203 1.3029e-13
5396.022461 1.3078e-13
5398.76123 1.3006e-13
5401.5 1.2881e-13
5404.23877 1.284e-13
5406.977539 1.2648e-13
5409.716309 1.2457e-13
5412.455078 1.2326e-13
5415.193848 1.2558e-13
5417.932617 1.2678e-13
5420.671387 1.2749e-13
5423.409668 1.2826e-13
5426.148438 1.2818e-13
5428.887207 1.282e-13
5431.625488 1.2757e-13
5434.36377 1.2709e-13
5437.102539 1.2797e-13
5439.84082 1.271e-13
5442.579102 1.2746e-13
5445.317383 1.2761e-13
5448.055664 1.2677e-13
5453.509277 1.2499e-13
5458.380371 1.2517e-13
5463.251465 1.2394e-13
5468.122559 1.2393e-13
5472.993652 1.2398e-13
5477.864746 1.2305e-13
5482.73584 1.2247e-13
5487.607422 1.2235e-13
5492.478516 1.2192e-13
5497.350098 1.2142e-13
5502.22168 1.2102e-13
5507.092773 1.2109e-13
5511.964355 1.2034e-13
5516.835938 1.201e-13
5521.708008 1.1954e-13
5526.57959 1.1913e-13
5531.451172 1.1896e-13
5536.323242 1.1874e-13
5541.194824 1.1831e-13
5546.066895 1.1787e-13
5550.938965 1.173e-13
5555.811035 1.17e-13
5560.683105 1.1675e-13
5565.555176 1.1615e-13
5570.427734 1.1586e-13
5575.299805 1.1512e-13
5580.171875 1.1503e-13
5585.044434 1.1443e-13
5589.916992 1.1457e-13
5594.789551 1.1411e-13
5599.662109 1.1318e-13
5604.534668 1.124e-13
5609.407227 1.1238e-13
5614.279785 1.115e-13
5619.152344 1.1184e-13
5624.025391 1.1184e-13
5628.897949 1.111e-13
5633.770996 1.1123e-13
5638.644043 1.0942e-13
5643.51709 1.0921e-13
5648.390137 1.0999e-13
5653.263184 1.094e-13
5658.13623 1.0889e-13
5663.009277 1.0828e-13
5667.882812 1.082e-13
5672.755859 1.0792e-13
5677.629395 1.0777e-13
5682.50293 1.0725e-13
5687.376465 1.0722e-13
5692.249512 1.0678e-13
5697.123047 1.0612e-13
5701.99707 1.0589e-13
5706.870605 1.0565e-13
5711.744141 1.052e-13
5716.618164 1.0489e-13
5721.491699 1.0467e-13
5726.365723 1.0448e-13
5731.239746 1.0366e-13
5736.11377 1.0342e-13
5740.987305 1.0332e-13
5745.861816 1.0316e-13
5750.73584 1.0292e-13
5755.609863 1.0253e-13
5760.483887 1.0221e-13
5765.358398 1.0181e-13
5770.232422 1.0129e-13
5775.106934 1.0119e-13
5779.981445 1.0093e-13
5784.855957 1.0072e-13
5789.730469 1.0024e-13
5794.60498 9.974e-14
5799.479492 9.9604e-14
5804.354004 9.9346e-14
5809.228516 9.8925e-14
5814.103516 9.8596e-14
5818.978027 9.8226e-14
5823.853027 9.8007e-14
5828.728027 9.7779e-14
5833.603027 9.721e-14
5838.478027 9.6914e-14
5843.353027 9.6329e-14
5848.228027 9.6235e-14
5853.103027 9.6039e-14
5857.978027 9.5528e-14
5862.853516 9.5127e-14
5867.728516 9.5304e-14
5872.604004 9.4417e-14
5877.479004 9.4467e-14
5882.354492 9.3891e-14
5887.22998 9.3307e-14
5892.105469 9.2902e-14
5896.980957 9.2511e-14
5901.856445 9.2561e-14
5906.732422 9.2187e-14
5911.60791 9.2013e-14
5916.483398 9.1807e-14
5921.359375 9.1648e-14
5926.235352 9.164e-14
5931.11084 9.1383e-14
5935.986816 9.0739e-14
5940.862793 9.0396e-14
5945.73877 9.0506e-14
5950.614746 9.0159e-14
5955.490723 8.9801e-14
5960.367188 8.9264e-14
5965.243164 8.8961e-14
5970.119141 8.8938e-14
5974.995605 8.9033e-14
5979.87207 8.8593e-14
5984.748047 8.8283e-14
5989.624512 8.7978e-14
5994.500977 8.7647e-14
5999.377441 8.7778e-14
6004.253906 8.7302e-14
6009.130371 8.7134e-14
6014.006836 8.6653e-14
6018.883789 8.6194e-14
6023.760254 8.5961e-14
6028.637207 8.5681e-14
6033.513672 8.5459e-14
6038.390625 8.5281e-14
6043.267578 8.5073e-14
6048.144531 8.483e-14
6053.021484 8.4763e-14
6057.898438 8.4053e-14
6062.775391 8.4156e-14
6067.652344 8.3991e-14
6072.529297 8.3449e-14
6077.406738 8.349e-14
6082.283691 8.3016e-14
6087.161133 8.2695e-14
6092.038086 8.2529e-14
6096.915527 8.2092e-14
6101.792969 8.1889e-14
6106.67041 8.1612e-14
6111.547852 8.1485e-14
6116.425293 8.1241e-14
6121.302734 8.0817e-14
6126.180176 8.056e-14
6131.057617 8.0582e-14
6135.935547 8.0465e-14
6140.812988 8.0103e-14
6145.690918 8.0002e-14
6150.568359 7.9327e-14
6155.446289 7.8988e-14
6160.324219 7.874e-14
6165.202148 7.8308e-14
6170.080078 7.8393e-14
6174.958008 7.8097e-14
6179.835938 7.7646e-14
6184.713867 7.7471e-14
6189.591797 7.7469e-14
6194.470215 7.7134e-14
6199.348145 7.7157e-14
6204.226562 7.6879e-14
6209.104492 7.6314e-14
6213.98291 7.6103e-14
6218.861328 7.561e-14
6223.739746 7.5588e-14
6228.618164 7.5438e-14
6233.496582 7.5118e-14
6238.375 7.4961e-14
6243.253418 7.4846e-14
6248.131836 7.4639e-14
6253.010254 7.4326e-14
6257.88916 7.4251e-14
6262.767578 7.4017e-14
6267.646484 7.3841e-14
6272.524902 7.3373e-14
6277.403809 7.3353e-14
6282.282715 7.3829e-14
6287.161133 7.3412e-14
6292.040039 7.2948e-14
6296.918945 7.2456e-14
6301.797852 7.2573e-14
6306.676758 7.2682e-14
6311.556152 7.266e-14
6316.435059 7.2039e-14
6321.313965 7.1717e-14
6326.193359 7.0983e-14
6331.072266 7.0394e-14
6335.95166 7.0206e-14
6340.830566 7.033e-14
6345.709961 7.0281e-14
6350.589355 7.0323e-14
6355.46875 7.034e-14
6360.348145 7.0247e-14
6365.227539 6.9929e-14
6370.106934 6.9554e-14
6374.986328 6.9278e-14
6379.865723 6.9009e-14
6384.745117 6.8779e-14
6389.625 6.8622e-14
6394.504395 6.8526e-14
6399.384277 6.8343e-14
6404.263672 6.8147e-14
6409.143555 6.7936e-14
6414.023438 6.7801e-14
6418.902832 6.7647e-14
6423.782715 6.7597e-14
6428.662598 6.7506e-14
6433.54248 6.72e-14
6438.422363 6.6721e-14
6443.302246 6.6653e-14
6448.182129 6.6754e-14
6453.0625 6.661e-14
6457.942383 6.621e-14
6462.822266 6.6119e-14
6467.702637 6.5734e-14
6472.58252 6.545e-14
6477.462891 6.5436e-14
6482.343262 6.5405e-14
6487.223145 6.5163e-14
6492.103516 6.4844e-14
6496.983887 6.4787e-14
6501.864258 6.4645e-14
6506.744629 6.4625e-14
6511.625 6.4266e-14
6516.505371 6.3995e-14
6521.385742 6.3727e-14
6526.266113 6.3565e-14
6531.146973 6.3133e-14
6536.027344 6.2813e-14
6540.907715 6.2489e-14
6545.788574 6.1354e-14
6550.668945 5.9692e-14
6555.549805 5.7233e-14
6560.430664 5.4449e-14
6565.311035 5.3048e-14
6570.191895 5.4886e-14
6575.072754 5.7341e-14
6579.953613 5.9103e-14
6584.834473 6.0114e-14
6589.715332 6.0668e-14
6594.596191 6.081e-14
6599.477051 6.116e-14
6604.35791 6.0874e-14
6609.239258 6.0861e-14
6614.120117 6.0462e-14
6619.000977 6.0656e-14
6623.882324 6.0273e-14
6628.763184 6.0091e-14
6633.644531 5.986e-14
6638.525879 5.9662e-14
6643.406738 5.9381e-14
6648.288086 5.911e-14
6653.169434 5.9091e-14
6658.050781 5.8949e-14
6662.932129 5.8778e-14
6667.813477 5.8422e-14
6672.694824 5.8499e-14
6677.576172 5.8308e-14
6682.45752 5.7823e-14
6687.338867 5.7748e-14
6692.220215 5.7899e-14
6697.102051 5.763e-14
6701.983398 5.7647e-14
6706.865234 5.7498e-14
6711.746582 5.7148e-14
6716.628418 5.6969e-14
6721.509766 5.6677e-14
6726.391602 5.6547e-14
6731.273438 5.6169e-14
6736.154785 5.6009e-14
6741.036621 5.593e-14
6745.918457 5.5887e-14
6750.800293 5.5814e-14
6755.682129 5.5791e-14
6760.563965 5.5312e-14
6765.445801 5.531e-14
6770.327637 5.5188e-14
6775.209473 5.4974e-14
6780.091797 5.4752e-14
6784.973633 5.4556e-14
6789.855469 5.4381e-14
6794.737793 5.4248e-14
6799.619629 5.4152e-14
6804.501465 5.4064e-14
6809.383789 5.397e-14
6814.266113 5.3807e-14
6819.147949 5.3682e-14
6824.030273 5.355e-14
6828.912598 5.3375e-14
6833.794434 5.3131e-14
6838.676758 5.2923e-14
6843.559082 5.2779e-14
6848.441406 5.2584e-14
6853.32373 5.2446e-14
6858.206055 5.2287e-14
6863.088379 5.2188e-14
6867.970703 5.1887e-14
6872.853027 5.1595e-14
6877.73584 5.1751e-14
6882.618164 5.1691e-14
6887.500488 5.1656e-14
6892.383301 5.1414e-14
6897.265625 5.1306e-14
6902.148438 5.1312e-14
6907.030762 5.1175e-14
6911.913574 5.1106e-14
6916.795898 5.0982e-14
6921.678711 5.0806e-14
6926.561035 5.0666e-14
6931.443848 5.0583e-14
6936.32666 5.0375e-14
6941.209473 5.0348e-14
6946.092285 5.025e-14
6950.975098 5.0028e-14
6955.857422 4.9838e-14
6960.740234 4.9742e-14
6965.623047 4.9792e-14
6970.506348 4.9553e-14
6975.38916 4.955e-14
6980.271973 4.9386e-14
6985.154785 4.9241e-14
6990.037598 4.9271e-14
6994.920898 4.9005e-14
6999.803711 4.8844e-14
7004.686523 4.8937e-14
7009.569824 4.8635e-14
7014.452637 4.8416e-14
7019.335938 4.8386e-14
7024.21875 4.8535e-14
7029.102051 4.8288e-14
7033.984863 4.8164e-14
7038.868164 4.8011e-14
7043.751465 4.7936e-14
7048.634277 4.789e-14
7053.517578 4.7795e-14
7058.400879 4.7401e-14
7063.28418 4.7238e-14
7068.16748 4.7164e-14
7073.050293 4.7167e-14
7077.933594 4.6896e-14
7082.816895 4.6588e-14
7087.700195 4.6462e-14
7092.583984 4.6259e-14
7097.467285 4.5986e-14
7102.350586 4.5968e-14
7107.233887 4.5923e-14
7112.117188 4.5687e-14
7117.000488 4.5689e-14
7121.884277 4.5666e-14
7126.767578 4.554e-14
7131.650879 4.5341e-14
7136.534668 4.5218e-14
7141.417969 4.5086e-14
7146.301758 4.5023e-14
7151.185059 4.4658e-14
7156.068848 4.4673e-14
7160.952148 4.4794e-14
7165.835938 4.4375e-14
7170.719238 4.4325e-14
7175.603027 4.4195e-14
7180.486816 4.4025e-14
7185.370117 4.402e-14
7190.253906 4.3952e-14
7195.137695 4.3915e-14
7200.021484 4.3817e-14
7204.905273 4.3703e-14
7209.788574 4.3413e-14
7214.672363 4.3537e-14
7219.556152 4.3608e-14
7224.439941 4.3471e-14
7229.32373 4.3377e-14
7234.20752 4.3246e-14
7239.091309 4.3169e-14
7243.975098 4.3033e-14
7248.859375 4.2917e-14
7253.743164 4.2767e-14
7258.626953 4.2582e-14
7263.510742 4.258e-14
7268.394531 4.2543e-14
7273.278809 4.2526e-14
7278.162598 4.2362e-14
7283.046387 4.2346e-14
7287.930664 4.2178e-14
7292.814453 4.2107e-14
7297.698242 4.1914e-14
7302.58252 4.1911e-14
7307.466309 4.1851e-14
7312.350586 4.1814e-14
7317.234375 4.1736e-14
7322.118652 4.1592e-14
7327.002441 4.1616e-14
7331.886719 4.1507e-14
7336.770996 4.1419e-14
7341.654785 4.1322e-14
7346.539062 4.1187e-14
7351.422852 4.1122e-14
7356.307129 4.0796e-14
7361.191406 4.0779e-14
7366.075684 4.0598e-14
7370.959473 4.0605e-14
7375.84375 4.0714e-14
7380.728027 4.0633e-14
7385.612305 4.0427e-14
7390.496582 4.0453e-14
7395.380859 4.0155e-14
7400.265137 3.9964e-14
7405.149414 3.9743e-14
7410.033691 3.9827e-14
7414.91748 3.9702e-14
7419.801758 3.9648e-14
7424.686523 3.9775e-14
7429.570801 3.9617e-14
7434.455078 3.9478e-14
7439.339355 3.9284e-14
7444.223633 3.9249e-14
7449.10791 3.9176e-14
7453.992188 3.9089e-14
7458.876465 3.9069e-14
7463.760742 3.8863e-14
7468.645508 3.8768e-14
7473.529785 3.8948e-14
7478.414062 3.8617e-14
7483.29834 3.8707e-14
7488.183105 3.8568e-14
7493.067383 3.8363e-14
7497.95166 3.815e-14
7502.836426 3.8071e-14
7507.720703 3.8095e-14
7512.60498 3.8024e-14
7517.489746 3.8061e-14
7522.374023 3.7939e-14
7527.258301 3.7847e-14
7532.143066 3.7853e-14
7537.027344 3.7633e-14
7541.912109 3.7584e-14
7546.796387 3.7433e-14
7551.681152 3.7394e-14
7556.56543 3.7266e-14
7561.450195 3.7175e-14
7566.334473 3.7137e-14
7571.219238 3.6948e-14
7576.103516 3.6971e-14
7580.988281 3.6693e-14
7585.872559 3.6634e-14
7590.757324 3.6515e-14
7595.64209 3.6315e-14
7600.526367 3.6452e-14
7605.411133 3.6408e-14
7610.295898 3.6508e-14
7615.180176 3.6463e-14
7620.064941 3.6163e-14
7624.949707 3.5886e-14
7629.833984 3.5855e-14
7634.71875 3.5626e-14
7639.603516 3.5603e-14
7644.487793 3.558e-14
7649.372559 3.5514e-14
7654.257324 3.5482e-14
7659.14209 3.5323e-14
7664.026367 3.5009e-14
7668.911133 3.5042e-14
7673.795898 3.4976e-14
7678.680664 3.4955e-14
7683.564941 3.4898e-14
7688.449707 3.4651e-14
7693.334473 3.4529e-14
7698.219238 3.4572e-14
7703.104004 3.4422e-14
7707.98877 3.4378e-14
7712.873047 3.4265e-14
7717.757812 3.4188e-14
7722.642578 3.4326e-14
7727.527344 3.4292e-14
7732.412109 3.4153e-14
7737.296875 3.3892e-14
7742.181641 3.391e-14
7747.066406 3.3647e-14
7751.950684 3.3673e-14
7756.835449 3.3564e-14
7761.720215 3.3636e-14
7766.60498 3.3451e-14
7771.489746 3.3302e-14
7776.374512 3.3108e-14
7781.259277 3.3108e-14
7786.144043 3.2923e-14
7791.028809 3.2877e-14
7795.913574 3.2888e-14
7800.79834 3.2914e-14
7805.682617 3.2903e-14
7810.567383 3.2964e-14
7815.452148 3.2752e-14
7820.336914 3.2693e-14
7825.22168 3.2547e-14
7830.106445 3.2552e-14
7834.991211 3.2371e-14
7839.875977 3.2288e-14
7844.760742 3.2187e-14
7849.645508 3.2212e-14
7854.530273 3.2126e-14
7859.415039 3.2135e-14
7864.299805 3.2314e-14
7869.18457 3.2038e-14
7874.069336 3.1823e-14
7878.954102 3.1837e-14
7883.838867 3.1799e-14
7888.723633 3.1668e-14
7893.60791 3.1652e-14
7898.492676 3.1857e-14
7903.377441 3.1645e-14
7908.262207 3.1617e-14
7913.146973 3.1419e-14
7918.031738 3.1267e-14
7922.916504 3.1353e-14
7927.80127 3.1238e-14
7932.686035 3.123e-14
7937.570801 3.1124e-14
7942.455566 3.0944e-14
7947.340332 3.0861e-14
7952.225098 3.0827e-14
7957.109375 3.0768e-14
7961.994141 3.0781e-14
7966.878906 3.0647e-14
7971.763672 3.0442e-14
7976.648438 3.0454e-14
7981.533203 3.0468e-14
7986.417969 3.0572e-14
7991.302734 3.0496e-14
7996.1875 3.0327e-14
8001.071777 3.0129e-14
8005.956543 2.9958e-14
8010.841309 3.0162e-14
8015.726074 3.0154e-14
8020.61084 3.0047e-14
8025.495117 2.9867e-14
8030.379883 2.9895e-14
8035.264648 2.9815e-14
8040.149414 2.9649e-14
8045.03418 2.9514e-14
8049.918457 2.9399e-14
8054.803223 2.9373e-14
8059.687988 2.931e-14
8064.572754 2.9302e-14
8069.457031 2.9235e-14
8074.341797 2.9444e-14
8079.226562 2.9404e-14
8084.111328 2.916e-14
8088.995605 2.913e-14
8093.880371 2.8858e-14
8098.765137 2.9003e-14
8103.649414 2.8804e-14
8108.53418 2.8904e-14
8113.418457 2.8833e-14
8118.303223 2.8801e-14
8123.187988 2.8853e-14
8128.072266 2.8736e-14
8132.957031 2.8608e-14
8137.841309 2.8448e-14
8142.726074 2.8301e-14
8147.61084 2.8259e-14
8152.495117 2.8248e-14
8157.379883 2.8333e-14
8162.26416 2.8288e-14
8167.148926 2.8199e-14
8172.033203 2.8104e-14
8176.91748 2.7982e-14
8181.802246 2.7726e-14
8186.686523 2.753e-14
8191.571289 2.7443e-14
8196.456055 2.7655e-14
8201.339844 2.7395e-14
8206.224609 2.7245e-14
8211.109375 2.7385e-14
8215.993164 2.7352e-14
8220.87793 2.7386e-14
8225.762695 2.7317e-14
8230.646484 2.7256e-14
8235.53125 2.6888e-14
8240.415039 2.6944e-14
8245.299805 2.6899e-14
8250.18457 2.6953e-14
8255.068359 2.7028e-14
8259.953125 2.6864e-14
8264.836914 2.6838e-14
8269.72168 2.6885e-14
8274.605469 2.6792e-14
8279.490234 2.6753e-14
8284.375 2.6651e-14
8289.258789 2.6698e-14
8294.143555 2.6445e-14
8299.027344 2.6357e-14
8303.912109 2.6349e-14
8308.795898 2.6324e-14
8313.680664 2.6291e-14
8318.564453 2.6385e-14
8323.448242 2.6384e-14
8328.333008 2.6261e-14
8333.216797 2.6071e-14
8338.101562 2.5927e-14
8342.985352 2.579e-14
8347.869141 2.5826e-14
8352.753906 2.5842e-14
8357.637695 2.5722e-14
8362.522461 2.5714e-14
8367.40625 2.5625e-14
8372.290039 2.57e-14
8377.174805 2.5679e-14
8382.058594 2.5623e-14
8386.942383 2.5502e-14
8391.826172 2.5411e-14
8396.710938 2.5321e-14
8401.594727 2.5128e-14
8406.478516 2.5154e-14
8411.362305 2.5211e-14
8416.24707 2.5061e-14
8421.130859 2.5042e-14
8426.014648 2.4957e-14
8430.898438 2.4903e-14
8435.782227 2.4844e-14
8440.666016 2.4703e-14
8445.550781 2.4681e-14
8450.43457 2.4565e-14
8455.318359 2.4515e-14
8460.202148 2.4779e-14
8465.085938 2.4779e-14
8469.969727 2.4638e-14
8474.853516 2.4534e-14
8479.737305 2.4474e-14
8484.621094 2.4461e-14
8489.504883 2.4353e-14
8494.388672 2.4348e-14
8499.272461 2.4222e-14
8504.15625 2.4089e-14
8509.040039 2.406e-14
8513.923828 2.3996e-14
8518.807617 2.3844e-14
8523.691406 2.3859e-14
8528.575195 2.3898e-14
8533.458008 2.3734e-14
8538.341797 2.3671e-14
8543.225586 2.363e-14
8548.109375 2.3641e-14
8552.993164 2.3642e-14
8557.875977 2.3564e-14
8562.759766 2.3728e-14
8567.643555 2.3762e-14
8572.527344 2.3624e-14
8577.410156 2.3601e-14
8582.293945 2.3546e-14
8587.177734 2.3394e-14
8592.060547 2.3333e-14
8596.944336 2.3282e-14
8601.828125 2.3271e-14
8606.710938 2.33e-14
8611.594727 2.3227e-14
8616.477539 2.3081e-14
8621.361328 2.3095e-14
8626.244141 2.3086e-14
8631.12793 2.2957e-14
8636.010742 2.2801e-14
8640.894531 2.2841e-14
8645.777344 2.2831e-14
8650.661133 2.2707e-14
8655.543945 2.2662e-14
8660.427734 2.2653e-14
8665.310547 2.2411e-14
8670.193359 2.2362e-14
8675.077148 2.2455e-14
8679.959961 2.2459e-14
8684.842773 2.2466e-14
8689.726562 2.2418e-14
8694.609375 2.233e-14
8699.492188 2.2419e-14
8704.375 2.2449e-14
8709.258789 2.2401e-14
8714.141602 2.228e-14
8719.024414 2.2093e-14
8723.907227 2.209e-14
8728.790039 2.2032e-14
8733.672852 2.1955e-14
8738.555664 2.1913e-14
8743.438477 2.1915e-14
8748.321289 2.1996e-14
8753.204102 2.1882e-14
8758.086914 2.1749e-14
8762.969727 2.1802e-14
8767.852539 2.1769e-14
8772.735352 2.1805e-14
8777.618164 2.1646e-14
8782.500977 2.1603e-14
8787.383789 2.1542e-14
8792.266602 2.162e-14
8797.148438 2.1343e-14
8802.03125 2.1437e-14
8806.914062 2.1392e-14
8811.796875 2.1368e-14
8816.678711 2.1353e-14
8821.561523 2.1096e-14
8826.444336 2.1078e-14
8831.327148 2.1056e-14
8836.208984 2.1216e-14
8841.091797 2.1308e-14
8845.973633 2.1145e-14
8850.856445 2.1054e-14
8855.738281 2.101e-14
8860.621094 2.0846e-14
8865.50293 2.0792e-14
8870.385742 2.0672e-14
8875.267578 2.0627e-14
8880.150391 2.0695e-14
8885.032227 2.0765e-14
8889.915039 2.0827e-14
8894.796875 2.0652e-14
8899.678711 2.0581e-14
8904.560547 2.0568e-14
8909.443359 2.0605e-14
8914.325195 2.0607e-14
8919.207031 2.059e-14
8924.088867 2.0495e-14
8928.97168 2.0386e-14
8933.853516 2.0287e-14
8938.735352 2.0216e-14
8943.617188 2.0183e-14
8948.499023 2.0185e-14
8953.380859 2.023e-14
8958.262695 2.0286e-14
8963.144531 2.0159e-14
8968.026367 2.0109e-14
8972.908203 2.0003e-14
8977.790039 1.9852e-14
8982.671875 1.9822e-14
8987.552734 1.989e-14
8992.43457 1.9809e-14
8997.316406 1.9822e-14
9002.198242 1.9666e-14
9007.080078 1.9515e-14
9011.960938 1.9427e-14
9016.842773 1.9496e-14
9021.724609 1.9582e-14
9026.605469 1.9573e-14
9031.487305 1.9608e-14
9036.368164 1.9536e-14
9041.25 1.9508e-14
9046.130859 1.9415e-14
9051.012695 1.9264e-14
9055.893555 1.9332e-14
9060.775391 1.9474e-14
9065.65625 1.9465e-14
9070.538086 1.9571e-14
9075.418945 1.9526e-14
9080.299805 1.9354e-14
9085.181641 1.9248e-14
9090.0625 1.9091e-14
9094.943359 1.8985e-14
9099.824219 1.9114e-14
9104.705078 1.906e-14
9109.586914 1.9014e-14
9114.467773 1.9131e-14
9119.348633 1.8997e-14
9124.229492 1.8829e-14
9129.110352 1.8831e-14
9133.991211 1.8751e-14
9138.87207 1.8844e-14
9143.75293 1.8942e-14
9148.633789 1.8876e-14
9153.513672 1.8845e-14
9158.394531 1.8723e-14
9163.275391 1.8612e-14
9168.15625 1.844e-14
9173.037109 1.8351e-14
9177.916992 1.8345e-14
9182.797852 1.8485e-14
9187.678711 1.8468e-14
9192.558594 1.8435e-14
9197.439453 1.843e-14
9202.319336 1.8416e-14
9207.200195 1.8233e-14
9212.080078 1.8057e-14
9216.960938 1.7932e-14
9221.84082 1.7777e-14
9226.72168 1.786e-14
9231.601562 1.7874e-14
9236.481445 1.7986e-14
9241.361328 1.7897e-14
9246.242188 1.7778e-14
9251.12207 1.7714e-14
9256.001953 1.7784e-14
9260.881836 1.7823e-14
9265.761719 1.7668e-14
9270.641602 1.7759e-14
9275.522461 1.7695e-14
9280.402344 1.7658e-14
9285.282227 1.7733e-14
9290.161133 1.7776e-14
9295.041016 1.7838e-14
9299.920898 1.7963e-14
9304.800781 1.7722e-14
9309.680664 1.7461e-14
9314.560547 1.7428e-14
9319.439453 1.7409e-14
9324.319336 1.7344e-14
9329.199219 1.7332e-14
9334.078125 1.7287e-14
9338.958008 1.7206e-14
9343.837891 1.7162e-14
9348.716797 1.7031e-14
9353.59668 1.7098e-14
9358.475586 1.7187e-14
9363.354492 1.7147e-14
9368.234375 1.7211e-14
9373.113281 1.7199e-14
9377.993164 1.7235e-14
9382.87207 1.7228e-14
9387.750977 1.7215e-14
9392.629883 1.7178e-14
9397.508789 1.7359e-14
9402.388672 1.7182e-14
9407.267578 1.7171e-14
9412.146484 1.6964e-14
9417.025391 1.6794e-14
9421.904297 1.675e-14
9426.783203 1.682e-14
9431.662109 1.6763e-14
9436.540039 1.6852e-14
9441.418945 1.6931e-14
9446.297852 1.6855e-14
9451.176758 1.675e-14
9456.054688 1.6613e-14
9460.933594 1.6491e-14
9465.8125 1.6534e-14
9470.69043 1.6522e-14
9475.569336 1.6535e-14
9480.448242 1.6558e-14
9485.326172 1.6484e-14
9490.204102 1.6424e-14
9495.083008 1.6287e-14
9499.960938 1.6294e-14
9504.839844 1.6246e-14
9509.717773 1.6236e-14
9514.595703 1.6207e-14
9519.473633 1.6228e-14
9524.351562 1.5978e-14
9529.230469 1.5958e-14
9534.108398 1.5731e-14
9538.986328 1.5703e-14
9543.864258 1.565e-14
9548.742188 1.5754e-14
9553.620117 1.5751e-14
9558.498047 1.5777e-14
9563.375 1.576e-14
9568.25293 1.5766e-14
9573.130859 1.584e-14
9578.008789 1.5755e-14
9582.885742 1.5769e-14
9587.763672 1.586e-14
9592.641602 1.5853e-14
9597.518555 1.5855e-14
9602.396484 1.5777e-14
9607.273438 1.5688e-14
9612.151367 1.5671e-14
9617.02832 1.5633e-14
9621.905273 1.5659e-14
9626.783203 1.5666e-14
9631.660156 1.5528e-14
9636.537109 1.545e-14
9641.414062 1.5435e-14
9646.291016 1.5409e-14
9651.168945 1.5393e-14
9656.045898 1.5474e-14
9660.922852 1.5519e-14
9665.799805 1.5614e-14
9670.675781 1.5446e-14
9675.552734 1.5418e-14
9680.429688 1.5285e-14
9685.306641 1.5146e-14
9690.183594 1.5139e-14
9695.05957 1.5216e-14
9699.936523 1.5337e-14
9704.813477 1.53e-14
9709.689453 1.5165e-14
9714.566406 1.5058e-14
9719.442383 1.4988e-14
9724.319336 1.4993e-14
9729.195312 1.5103e-14
9734.072266 1.5019e-14
9738.948242 1.4992e-14
9743.824219 1.4916e-14
9748.700195 1.4822e-14
9753.576172 1.4801e-14
9758.453125 1.4798e-14
9763.329102 1.4967e-14
9768.205078 1.4783e-14
9773.081055 1.4823e-14
9777.957031 1.4803e-14
9782.833008 1.4718e-14
9787.708008 1.4683e-14
9792.583984 1.4608e-14
9797.459961 1.4894e-14
9802.335938 1.4805e-14
9807.210938 1.4715e-14
9812.086914 1.4795e-14
9816.962891 1.4693e-14
9821.837891 1.4621e-14
9826.713867 1.4485e-14
9831.588867 1.4465e-14
9836.463867 1.4498e-14
9841.339844 1.4487e-14
9846.214844 1.4579e-14
9851.089844 1.4536e-14
9855.964844 1.4481e-14
9860.84082 1.4489e-14
9865.71582 1.4466e-14
9870.59082 1.4372e-14
9875.46582 1.425e-14
9880.34082 1.421e-14
9885.21582 1.433e-14
9890.089844 1.4301e-14
9894.964844 1.4278e-14
9899.839844 1.4214e-14
9904.714844 1.4081e-14
9909.588867 1.4029e-14
9914.463867 1.3951e-14
9919.338867 1.3956e-14
9924.212891 1.3968e-14
9929.087891 1.3901e-14
9933.961914 1.3914e-14
9938.835938 1.387e-14
9943.710938 1.3858e-14
9948.584961 1.3852e-14
9953.458984 1.3786e-14
9958.333008 1.3799e-14
9963.207031 1.368e-14
9968.082031 1.378e-14
9972.956055 1.3818e-14
9977.830078 1.3804e-14
9982.703125 1.3681e-14
9987.577148 1.3788e-14
9992.451172 1.384e-14
9997.325195 1.3743e-14
10002.199219 1.3744e-14
10007.072266 1.3713e-14
10011.946289 1.3676e-14
10016.819336 1.3464e-14
10021.693359 1.337e-14
10026.566406 1.3314e-14
10031.44043 1.3071e-14
10036.313477 1.3208e-14
10041.186523 1.2882e-14
10046.060547 1.3083e-14
10050.933594 1.2889e-14
10055.806641 1.28e-14
10060.679688 1.2742e-14
10065.552734 1.2901e-14
10070.425781 1.2984e-14
10075.298828 1.3075e-14
10080.171875 1.3098e-14
10085.044922 1.3117e-14
10089.917969 1.3001e-14
10094.790039 1.2914e-14
10099.663086 1.2858e-14
10104.536133 1.2981e-14
10109.408203 1.3143e-14
10114.28125 1.3006e-14
10119.15332 1.2875e-14
10124.026367 1.2584e-14
10128.898438 1.251e-14
10133.770508 1.2717e-14
10138.642578 1.2858e-14
10143.515625 1.2711e-14
10148.387695 1.2795e-14
10153.259766 1.2635e-14
10158.131836 1.2714e-14
10163.003906 1.2729e-14
10167.875977 1.2657e-14
10172.748047 1.2567e-14
10177.619141 1.2627e-14
10182.491211 1.2593e-14
10187.363281 1.2719e-14
10192.234375 1.2608e-14
10197.106445 1.268e-14
10201.978516 1.2753e-14
10206.849609 1.2872e-14
10211.720703 1.2739e-14
10216.592773 1.272e-14
10221.463867 1.2491e-14
10226.334961 1.2426e-14
10231.206055 1.2484e-14
10236.078125 1.2513e-14
