wave,flux
1148.5999755859375,1.0379829e-11
1149.800048828125,9.650443e-12
1151.0,1.0101944e-11
1152.199951171875,1.0102042e-11
1153.4000244140625,9.3887285e-12
1154.5999755859375,9.925534e-12
1155.800048828125,1.04405495e-11
1157.0,1.0235478e-11
1158.199951171875,9.936465e-12
1159.199951171875,1.0366852e-11
1160.4000244140625,1.0623864e-11
1161.5999755859375,1.1126131e-11
1162.800048828125,1.0944405e-11
1164.0,1.1273585e-11
1165.199951171875,1.0786064e-11
1166.4000244140625,1.0696003e-11
1167.5999755859375,1.0673368e-11
1168.800048828125,1.0439636e-11
1169.800048828125,1.0372286e-11
1171.0,1.0365647e-11
1172.199951171875,1.0287819e-11
1173.4000244140625,9.672855e-12
1174.5999755859375,1.0131488e-11
1175.800048828125,9.734481e-12
1177.0,9.796236e-12
1178.199951171875,9.806138e-12
1179.4000244140625,9.991075e-12
1180.5999755859375,9.9163195e-12
1181.5999755859375,9.918436e-12
1182.800048828125,1.0048831e-11
1184.0,9.523192e-12
1185.199951171875,9.19993e-12
1186.4000244140625,9.6937e-12
1187.5999755859375,9.313496e-12
1188.800048828125,9.0565515e-12
1190.0,9.301988e-12
1191.199951171875,9.271749e-12
1192.4000244140625,9.251769e-12
1193.4000244140625,8.808255e-12
1194.5999755859375,8.647709e-12
1195.800048828125,8.45906e-12
1197.0,8.3566366e-12
1198.199951171875,8.722276e-12
1199.4000244140625,7.987107e-12
1200.5999755859375,7.477774e-12
1201.800048828125,7.993821e-12
1203.0,8.281042e-12
1204.199951171875,8.354883e-12
1205.199951171875,8.166365e-12
1206.4000244140625,8.515155e-12
1207.5999755859375,7.2465766e-12
1208.800048828125,6.4233683e-12
1210.0,6.236633e-12
1211.199951171875,5.6483997e-12
1212.4000244140625,4.4007753e-12
1213.5999755859375,3.3914154e-12
1214.800048828125,2.8999472e-12
1216.0,2.7950203e-12
1217.0,2.9125788e-12
1218.199951171875,3.5392574e-12
1219.4000244140625,4.8439378e-12
1220.5999755859375,5.5118115e-12
1221.800048828125,6.7589758e-12
1223.0,7.7319375e-12
1224.199951171875,8.206025e-12
1225.4000244140625,8.308745e-12
1226.5999755859375,8.787058e-12
1227.800048828125,8.922608e-12
1228.800048828125,8.746876e-12
1230.0,8.680274e-12
1231.199951171875,8.446595e-12
1232.4000244140625,8.705769e-12
1233.5999755859375,8.083327e-12
1234.800048828125,8.9413945e-12
1236.0,9.033574e-12
1237.199951171875,8.0641535e-12
1238.4000244140625,8.487328e-12
1239.5999755859375,8.510851e-12
1240.5999755859375,8.034254e-12
1241.800048828125,7.814542e-12
1243.0,8.214401e-12
1244.199951171875,8.185281e-12
1245.4000244140625,8.395708e-12
1246.5999755859375,8.579941e-12
1247.800048828125,8.500629e-12
1249.0,8.356948e-12
1250.199951171875,8.155599e-12
1251.4000244140625,7.636568e-12
1252.4000244140625,7.852772e-12
1253.5999755859375,7.727747e-12
1254.800048828125,7.955805e-12
1256.0,7.788383e-12
1257.199951171875,7.306735e-12
1258.4000244140625,7.3445226e-12
1259.5999755859375,7.52885e-12
1260.800048828125,7.9084074e-12
1262.0,7.824943e-12
1263.199951171875,8.005708e-12
1264.199951171875,7.698887e-12
1265.4000244140625,7.850961e-12
1266.5999755859375,8.279976e-12
1267.800048828125,7.905332e-12
1269.0,8.007001e-12
1270.199951171875,7.98683e-12
1271.4000244140625,8.111296e-12
1272.5999755859375,8.208322e-12
1273.800048828125,8.342141e-12
1275.0,7.799437e-12
1276.0,8.077292e-12
1277.199951171875,8.084826e-12
1278.4000244140625,8.0118846e-12
1279.5999755859375,8.081982e-12
1280.800048828125,7.800749e-12
1282.0,7.977385e-12
1283.199951171875,7.580397e-12
1284.4000244140625,7.812363e-12
1285.5999755859375,7.78165e-12
1286.800048828125,7.3530956e-12
1287.800048828125,7.726513e-12
1289.0,8.204401e-12
1290.199951171875,7.944961e-12
1291.4000244140625,7.928358e-12
1292.5999755859375,7.9260105e-12
1293.800048828125,7.785791e-12
1295.0,8.350443e-12
1296.199951171875,8.112726e-12
1297.4000244140625,8.000153e-12
1298.5999755859375,7.457145e-12
1299.5999755859375,7.329383e-12
1300.800048828125,7.3107345e-12
1302.0,7.620138e-12
1303.199951171875,7.390969e-12
1304.4000244140625,6.9971975e-12
1305.5999755859375,7.841881e-12
1306.800048828125,7.700627e-12
1308.0,7.336065e-12
1309.199951171875,7.787494e-12
1310.4000244140625,8.181892e-12
1311.4000244140625,7.3416065e-12
1312.5999755859375,7.507463e-12
1313.800048828125,7.583514e-12
1315.0,7.63706e-12
1316.199951171875,7.537428e-12
1317.4000244140625,7.100274e-12
1318.5999755859375,7.696657e-12
1319.800048828125,7.551084e-12
1321.0,7.706028e-12
1322.0,7.840469e-12
1323.199951171875,7.855763e-12
1324.4000244140625,7.826915e-12
1325.5999755859375,7.919149e-12
1326.800048828125,7.2418356e-12
1328.0,7.621061e-12
1329.199951171875,7.395395e-12
1330.4000244140625,6.9659764e-12
1331.5999755859375,7.2563526e-12
1332.800048828125,7.43672e-12
1333.800048828125,6.9064828e-12
1335.0,6.8211877e-12
1336.199951171875,6.7540743e-12
1337.4000244140625,7.0005963e-12
1338.5999755859375,7.281907e-12
1339.800048828125,6.9168933e-12
1341.0,7.1712514e-12
1342.199951171875,7.1807187e-12
1343.4000244140625,7.1353956e-12
1344.5999755859375,7.190441e-12
1345.5999755859375,7.332807e-12
1346.800048828125,7.436187e-12
1348.0,7.378468e-12
1349.199951171875,7.14105e-12
1350.4000244140625,6.906943e-12
1351.5999755859375,6.703382e-12
1352.800048828125,6.6973068e-12
1354.0,7.1051494e-12
1355.199951171875,6.7259744e-12
1356.4000244140625,6.862072e-12
1357.4000244140625,6.84028e-12
1358.5999755859375,6.9863846e-12
1359.800048828125,6.966553e-12
1361.0,7.2002205e-12
1362.199951171875,6.865791e-12
1363.4000244140625,6.6089326e-12
1364.5999755859375,7.073257e-12
1365.800048828125,6.9492077e-12
1367.0,6.614861e-12
1368.199951171875,6.981404e-12
1369.199951171875,6.8618843e-12
1370.4000244140625,6.7974593e-12
1371.5999755859375,7.0061595e-12
1372.800048828125,6.9975093e-12
1374.0,6.3860185e-12
1375.199951171875,6.47773e-12
1376.4000244140625,6.816504e-12
1377.5999755859375,6.59417e-12
1378.800048828125,6.252606e-12
1380.0,7.082521e-12
1381.0,7.1112105e-12
1382.199951171875,6.49582e-12
1383.4000244140625,6.69968e-12
1384.5999755859375,6.993476e-12
1385.800048828125,6.6069238e-12
1387.0,6.752892e-12
1388.199951171875,6.5467597e-12
1389.4000244140625,6.56837e-12
1390.5999755859375,6.480908e-12
1391.800048828125,6.985183e-12
1392.800048828125,7.062632e-12
1394.0,6.8687564e-12
1395.199951171875,6.647723e-12
1396.4000244140625,6.389538e-12
1397.5999755859375,6.033322e-12
1398.800048828125,6.1243692e-12
1400.0,6.5662714e-12
1401.199951171875,6.36359e-12
1402.4000244140625,6.240154e-12
1403.5999755859375,6.668744e-12
1404.5999755859375,6.651787e-12
1405.800048828125,6.429667e-12
1407.0,6.4080915e-12
1408.199951171875,6.1183155e-12
1409.4000244140625,6.0992817e-12
1410.5999755859375,6.0332043e-12
1411.800048828125,6.4195073e-12
1413.0,6.1391938e-12
1414.199951171875,6.240123e-12
1415.4000244140625,6.525456e-12
1416.4000244140625,5.8979492e-12
1417.5999755859375,6.211591e-12
1418.800048828125,5.957376e-12
1420.0,5.8041245e-12
1421.199951171875,6.075504e-12
1422.4000244140625,6.067291e-12
1423.5999755859375,6.1954743e-12
1424.800048828125,6.119847e-12
1426.0,6.1738882e-12
1427.199951171875,5.7689764e-12
1428.199951171875,5.9073284e-12
1429.4000244140625,6.1622513e-12
1430.5999755859375,5.4521873e-12
1431.800048828125,6.190403e-12
1433.0,6.359387e-12
1434.199951171875,5.9703757e-12
1435.4000244140625,6.193753e-12
1436.5999755859375,5.5818713e-12
1437.800048828125,5.847471e-12
1439.0,5.956844e-12
1440.0,5.3988042e-12
1441.199951171875,5.330843e-12
1442.4000244140625,5.652418e-12
1443.5999755859375,5.3139173e-12
1444.800048828125,5.3821648e-12
1446.0,5.6630616e-12
1447.199951171875,5.7200794e-12
1448.4000244140625,5.54658e-12
1449.5999755859375,5.5811085e-12
1450.800048828125,5.473936e-12
1451.800048828125,5.3792075e-12
1453.0,4.9764745e-12
1454.199951171875,5.0968973e-12
1455.4000244140625,5.1485665e-12
1456.5999755859375,5.5011226e-12
1457.800048828125,5.459754e-12
1459.0,5.0965746e-12
1460.199951171875,5.3807215e-12
1461.4000244140625,5.3601277e-12
1462.5999755859375,5.3850526e-12
1463.5999755859375,5.410591e-12
1464.800048828125,5.781299e-12
1466.0,5.4116195e-12
1467.199951171875,5.361016e-12
1468.4000244140625,5.6408515e-12
1469.5999755859375,5.41642e-12
1470.800048828125,5.7363884e-12
1472.0,5.7436282e-12
1473.199951171875,5.585385e-12
1474.4000244140625,5.4499794e-12
1475.4000244140625,5.3715804e-12
1476.5999755859375,5.4127276e-12
1477.800048828125,5.086756e-12
1479.0,5.205547e-12
1480.199951171875,5.59165e-12
1481.4000244140625,5.4323113e-12
1482.5999755859375,5.1146223e-12
1483.800048828125,5.4030226e-12
1485.0,5.140247e-12
1486.0,5.2390544e-12
1487.199951171875,5.2754493e-12
1488.4000244140625,5.1643256e-12
1489.5999755859375,5.1532754e-12
1490.800048828125,5.2625374e-12
1492.0,5.2855983e-12
1493.199951171875,4.971154e-12
1494.4000244140625,5.2407007e-12
1495.5999755859375,5.167402e-12
1496.800048828125,5.0562328e-12
1497.800048828125,4.9081815e-12
1499.0,4.6684063e-12
1500.199951171875,4.6505256e-12
1501.4000244140625,4.4786254e-12
1502.5999755859375,4.3846164e-12
1503.800048828125,4.2342653e-12
1505.0,4.545385e-12
1506.199951171875,4.8382136e-12
1507.4000244140625,4.93416e-12
1508.5999755859375,5.067757e-12
1509.5999755859375,5.0771947e-12
1510.800048828125,4.9046136e-12
1512.0,4.8611328e-12
1513.199951171875,4.8079505e-12
1514.4000244140625,4.897068e-12
1515.5999755859375,4.807667e-12
1516.800048828125,4.877512e-12
1518.0,5.0455573e-12
1519.199951171875,4.9380647e-12
1520.4000244140625,4.879247e-12
1521.4000244140625,4.9881076e-12
1522.5999755859375,4.8675937e-12
1523.800048828125,4.7980678e-12
1525.0,4.6395717e-12
1526.199951171875,4.4699275e-12
1527.4000244140625,4.5034445e-12
1528.5999755859375,4.470195e-12
1529.800048828125,4.6502273e-12
1531.0,4.445125e-12
1532.199951171875,4.505273e-12
1533.199951171875,4.6675793e-12
1534.4000244140625,4.7296503e-12
1535.5999755859375,4.646281e-12
1536.800048828125,4.7154234e-12
1538.0,4.8736115e-12
1539.199951171875,4.8565214e-12
1540.4000244140625,4.8434937e-12
1541.5999755859375,4.7729047e-12
1542.800048828125,4.740392e-12
1544.0,4.66944e-12
1545.0,4.536442e-12
1546.199951171875,4.763078e-12
1547.4000244140625,4.7843344e-12
1548.5999755859375,4.6266944e-12
1549.800048828125,4.4859455e-12
1551.0,4.6868507e-12
1552.199951171875,4.646033e-12
1553.4000244140625,4.6988754e-12
1554.5999755859375,4.649437e-12
1555.800048828125,4.548824e-12
1556.800048828125,4.61215e-12
1558.0,4.6627923e-12
1559.199951171875,4.3649754e-12
1560.4000244140625,4.3367454e-12
1561.5999755859375,4.3596958e-12
1562.800048828125,4.4754343e-12
1564.0,4.3929283e-12
1565.199951171875,4.460815e-12
1566.4000244140625,4.6663806e-12
1567.5999755859375,4.499785e-12
1568.5999755859375,4.2903706e-12
1569.800048828125,4.4855864e-12
1571.0,4.449353e-12
1572.199951171875,4.401469e-12
1573.4000244140625,4.444472e-12
1574.5999755859375,4.3145426e-12
1575.800048828125,4.4379877e-12
1577.0,4.4579613e-12
1578.199951171875,4.2737897e-12
1579.4000244140625,4.2062807e-12
1580.4000244140625,4.285202e-12
1581.5999755859375,4.446171e-12
1582.800048828125,4.348108e-12
1584.0,4.3284417e-12
1585.199951171875,4.227385e-12
1586.4000244140625,4.2327626e-12
1587.5999755859375,4.191078e-12
1588.800048828125,4.153872e-12
1590.0,4.2827313e-12
1591.199951171875,4.2137175e-12
1592.199951171875,4.0264467e-12
1593.4000244140625,3.9532076e-12
1594.5999755859375,3.9428127e-12
1595.800048828125,4.0908093e-12
1597.0,4.1874434e-12
1598.199951171875,4.157597e-12
1599.4000244140625,4.120382e-12
1600.5999755859375,4.001679e-12
1601.800048828125,4.05863e-12
1603.0,4.3457182e-12
1604.0,4.3042852e-12
1605.199951171875,3.982456e-12
1606.4000244140625,4.03787e-12
1607.5999755859375,4.0332212e-12
1608.800048828125,3.772636e-12
1610.0,3.6969442e-12
1611.199951171875,3.819509e-12
1612.4000244140625,3.909296e-12
1613.5999755859375,4.0651614e-12
1614.800048828125,4.0541177e-12
1615.800048828125,3.926157e-12
1617.0,4.046615e-12
1618.199951171875,4.1099546e-12
1619.4000244140625,4.258666e-12
1620.5999755859375,4.2371774e-12
1621.800048828125,4.0456154e-12
1623.0,4.064328e-12
1624.199951171875,4.2319065e-12
1625.4000244140625,4.1836257e-12
1626.5999755859375,4.1344033e-12
1627.5999755859375,4.166744e-12
1628.800048828125,3.942115e-12
1630.0,3.934924e-12
1631.199951171875,3.960107e-12
1632.4000244140625,4.0097673e-12
1633.5999755859375,4.181806e-12
1634.800048828125,3.9357593e-12
1636.0,4.019263e-12
1637.199951171875,3.9999865e-12
1638.4000244140625,3.948555e-12
1639.4000244140625,3.617587e-12
1640.5999755859375,3.4420695e-12
1641.800048828125,3.1632355e-12
1643.0,3.2931026e-12
1644.199951171875,3.6007935e-12
1645.4000244140625,3.901274e-12
1646.5999755859375,4.0359907e-12
1647.800048828125,3.89317e-12
1649.0,4.054845e-12
1650.0,3.880891e-12
1651.199951171875,3.897709e-12
1652.4000244140625,3.8806085e-12
1653.5999755859375,3.7472607e-12
1654.800048828125,3.7505533e-12
1656.0,3.6794296e-12
1657.199951171875,3.650068e-12
1658.4000244140625,3.83352e-12
1659.5999755859375,3.824332e-12
1660.800048828125,3.781415e-12
1661.800048828125,3.962584e-12
1663.0,3.9162475e-12
1664.199951171875,3.967612e-12
1665.4000244140625,3.997594e-12
1666.5999755859375,3.907593e-12
1667.800048828125,3.785219e-12
1669.0,3.7525608e-12
1670.822754,3.6437e-12
1672.193115,3.6448e-12
1673.563477,3.8446e-12
1674.933838,3.8223e-12
1676.304321,3.8669e-12
1677.674683,4.0093e-12
1679.045166,3.9689e-12
1680.415527,3.841e-12
1681.786011,3.9319e-12
1683.156494,4.0416e-12
1684.526978,3.8916e-12
1685.897461,3.7578e-12
1687.267944,3.68e-12
1688.63855,3.715e-12
1690.009033,3.5997e-12
1691.379639,3.5955e-12
1692.750244,3.7606e-12
1694.120728,3.6412e-12
1695.491333,3.5677e-12
1696.862061,3.6781e-12
1698.232666,3.6508e-12
1699.603271,3.6308e-12
1700.973999,3.7692e-12
1702.344604,3.9005e-12
1703.715332,3.7451e-12
1705.08606,3.558e-12
1706.456665,3.5308e-12
1707.827393,3.6719e-12
1709.198242,3.6109e-12
1710.56897,3.6175e-12
1711.939697,3.6381e-12
1713.310547,3.6835e-12
1714.681274,3.6355e-12
1716.052124,3.4568e-12
1717.422974,3.1561e-12
1718.793823,3.212e-12
1720.164673,3.3214e-12
1721.535522,3.4099e-12
1722.906372,3.4209e-12
1724.277344,3.4052e-12
1725.648193,3.4638e-12
1727.019165,3.5289e-12
1728.390015,3.4986e-12
1729.760986,3.3948e-12
1731.131958,3.4236e-12
1732.50293,3.4102e-12
1733.873901,3.4551e-12
1735.244995,3.4771e-12
1736.615967,3.5097e-12
1737.986938,3.476e-12
1739.358032,3.4064e-12
1740.729126,3.2625e-12
1742.10022,3.3529e-12
1743.471191,3.5369e-12
1744.842407,3.5052e-12
1746.213501,3.3869e-12
1747.584595,3.4957e-12
1748.955688,3.5787e-12
1750.326904,3.4729e-12
1751.697998,3.356e-12
1753.069214,3.437e-12
1754.44043,3.3719e-12
1755.811646,3.4485e-12
1757.182861,3.3767e-12
1758.554077,3.349e-12
1759.925293,3.3025e-12
1761.296509,3.3282e-12
1762.667847,3.2246e-12
1764.039062,3.2905e-12
1765.4104,3.2878e-12
1766.781616,3.2522e-12
1768.152954,3.3462e-12
1769.524292,3.3517e-12
1770.89563,3.3376e-12
1772.266968,3.2975e-12
1773.638306,3.3336e-12
1775.009766,3.2626e-12
1776.381104,3.2467e-12
1777.752563,3.2555e-12
1779.123901,3.3315e-12
1780.495361,3.331e-12
1781.866821,3.2933e-12
1783.238281,3.2748e-12
1784.609741,3.1795e-12
1785.981201,3.1858e-12
1787.352661,3.1488e-12
1788.724243,3.1709e-12
1790.095703,3.1347e-12
1791.467285,3.0893e-12
1792.838745,3.1099e-12
1794.210327,3.1027e-12
1795.581909,3.0992e-12
1796.953491,3.1943e-12
1798.325073,3.1781e-12
1799.696655,3.2163e-12
1801.068237,3.1296e-12
1802.439819,3.0903e-12
1803.811523,3.0859e-12
1805.183105,3.0485e-12
1806.55481,3.0799e-12
1807.926514,3.0104e-12
1809.298218,2.9994e-12
1810.6698,2.9801e-12
1812.041504,3.0039e-12
1813.41333,3.0897e-12
1814.785034,3.0744e-12
1816.156738,3.1333e-12
1817.528442,3.1268e-12
1818.900269,3.0096e-12
1820.271973,3.0634e-12
1821.643799,3.1299e-12
1823.015625,3.0694e-12
1824.387451,3.023e-12
1825.759277,2.9729e-12
1827.131104,2.9102e-12
1828.50293,2.9953e-12
1829.874756,2.9795e-12
1831.246582,3.0882e-12
1832.61853,3.1219e-12
1833.990356,3.0262e-12
1835.362305,3.0573e-12
1836.734131,2.9492e-12
1838.106079,2.9628e-12
1839.478027,2.9597e-12
1840.849976,2.9396e-12
1842.221924,2.868e-12
1843.593872,2.9155e-12
1844.96582,2.9377e-12
1846.337769,2.9589e-12
1847.709839,2.9527e-12
1849.081787,2.888e-12
1850.453857,2.8806e-12
1851.825806,2.8764e-12
1853.197876,2.8891e-12
1854.569946,2.8954e-12
1855.942017,2.9395e-12
1857.314087,2.9431e-12
1858.686157,2.9097e-12
1860.058228,2.8504e-12
1861.430298,2.8862e-12
1862.80249,2.7988e-12
1864.174561,2.839e-12
1865.546753,2.8986e-12
1866.918823,2.9111e-12
1868.291016,2.8111e-12
1869.663208,2.8572e-12
1871.035278,2.8812e-12
1872.407471,2.8214e-12
1873.779663,2.7566e-12
1875.151855,2.7968e-12
1876.52417,2.7875e-12
1877.896362,2.8569e-12
1879.268555,2.8909e-12
1880.640869,2.8362e-12
1882.013062,2.7621e-12
1883.385376,2.7019e-12
1884.757568,2.7272e-12
1886.129883,2.799e-12
1887.502197,2.7278e-12
1888.874512,2.7157e-12
1890.246826,2.7685e-12
1891.619141,2.7887e-12
1892.991455,2.7939e-12
1894.36377,2.7881e-12
1895.736084,2.7663e-12
1897.108521,2.7573e-12
1898.480835,2.7377e-12
1899.853271,2.7361e-12
1901.225586,2.7778e-12
1902.598022,2.7554e-12
1903.970459,2.6551e-12
1905.342896,2.6587e-12
1906.715332,2.6562e-12
1908.087769,2.6619e-12
1909.460205,2.6496e-12
1910.832642,2.683e-12
1912.205078,2.6952e-12
1913.577637,2.6409e-12
1914.950073,2.6652e-12
1916.32251,2.6731e-12
1917.695068,2.6864e-12
1919.067505,2.6747e-12
1920.440063,2.6473e-12
1921.812622,2.6775e-12
1923.185181,2.6465e-12
1924.557739,2.6408e-12
1925.930298,2.625e-12
1927.302856,2.6093e-12
1928.675415,2.5792e-12
1930.047974,2.5514e-12
1931.420532,2.6153e-12
1932.793213,2.6327e-12
1934.165771,2.6279e-12
1935.538452,2.6134e-12
1936.911011,2.5683e-12
1938.283691,2.5297e-12
1939.65625,2.5684e-12
1941.028931,2.5702e-12
1942.401611,2.5466e-12
1943.774292,2.493e-12
1945.146973,2.4667e-12
1946.519653,2.5252e-12
1947.892334,2.537e-12
1949.265015,2.4711e-12
1950.637817,2.4996e-12
1952.010498,2.5027e-12
1953.383179,2.4726e-12
1954.755981,2.4712e-12
1956.128662,2.4472e-12
1957.501465,2.4593e-12
1958.874268,2.3968e-12
1960.246948,2.3661e-12
1961.619751,2.4162e-12
1962.992554,2.3879e-12
1964.365356,2.3964e-12
1965.738159,2.4127e-12
1967.110962,2.3555e-12
1968.483765,2.3537e-12
1969.856567,2.3888e-12
1971.229492,2.3995e-12
1972.602295,2.3604e-12
1973.975098,2.3826e-12
1975.348022,2.4152e-12
1976.720825,2.3884e-12
1978.09375,2.3757e-12
1979.466553,2.3741e-12
1980.839478,2.3612e-12
1982.212402,2.3837e-12
1983.585327,2.3545e-12
1984.958252,2.3136e-12
1986.331177,2.2909e-12
1987.704102,2.2708e-12
1989.077026,2.2732e-12
1990.449951,2.2466e-12
1991.822876,2.2991e-12
1993.195801,2.2946e-12
1994.568848,2.3128e-12
1995.941772,2.2936e-12
1997.314697,2.2089e-12
1998.687744,2.2275e-12
2000.060669,2.2783e-12
2001.433716,2.3091e-12
2002.806763,2.3038e-12
2004.17981,2.295e-12
2005.552734,2.2576e-12
2006.925781,2.2398e-12
2008.298828,2.2641e-12
2009.671875,2.2594e-12
2011.044922,2.2679e-12
2012.417969,2.2536e-12
2013.791016,2.2639e-12
2015.164062,2.235e-12
2016.537231,2.2345e-12
2017.910278,2.2367e-12
2019.283325,2.2494e-12
2020.656494,2.2297e-12
2022.029541,2.2221e-12
2023.40271,2.2159e-12
2024.775757,2.1584e-12
2026.148926,2.1078e-12
2027.522095,2.136e-12
2028.895142,2.1721e-12
2030.268311,2.2009e-12
2031.641479,2.2001e-12
2033.014648,2.1692e-12
2034.387817,2.1813e-12
2035.760986,2.1569e-12
2037.134155,2.1624e-12
2038.507324,2.1609e-12
2039.880493,2.127e-12
2041.253784,2.1232e-12
2042.626953,2.1531e-12
2044.000122,2.1009e-12
2045.373413,2.1129e-12
2046.746582,2.1126e-12
2048.119873,2.0898e-12
2049.49292,2.0727e-12
2050.866211,2.1063e-12
2052.239502,2.1026e-12
2053.612793,2.072e-12
2054.986084,2.0823e-12
2056.359375,2.0586e-12
2057.732666,2.065e-12
2059.105957,2.0563e-12
2060.479004,2.0744e-12
2061.852295,2.0689e-12
2063.225586,2.0505e-12
2064.598877,2.0484e-12
2065.972412,2.0239e-12
2067.345703,2.0068e-12
2068.718994,1.973e-12
2070.092285,1.9767e-12
2071.465576,2.019e-12
2072.838867,2.0397e-12
2074.212158,2.0204e-12
2075.585693,1.9979e-12
2076.958984,2.0068e-12
2078.332275,1.9946e-12
2079.705566,1.9811e-12
2081.079102,1.9996e-12
2082.452393,1.9944e-12
2083.825684,2.0119e-12
2085.199219,1.9939e-12
2086.57251,1.9712e-12
2087.945801,1.9744e-12
2089.319336,1.9641e-12
2090.692627,1.9748e-12
2092.066162,1.9713e-12
2093.439453,1.9386e-12
2094.812988,1.9617e-12
2096.186279,1.9433e-12
2097.559814,1.9375e-12
2098.933105,1.9225e-12
2100.306641,1.9262e-12
2101.680176,1.9074e-12
2103.053467,1.8662e-12
2104.427002,1.8655e-12
2105.800537,1.8862e-12
2107.173828,1.8912e-12
2108.547363,1.8621e-12
2109.920898,1.8739e-12
2111.294189,1.8967e-12
2112.667725,1.8986e-12
2114.04126,1.8611e-12
2115.414795,1.8554e-12
2116.78833,1.8688e-12
2118.161621,1.8786e-12
2119.535156,1.8338e-12
2120.908691,1.8436e-12
2122.282227,1.8294e-12
2123.655762,1.808e-12
2125.029297,1.8155e-12
2126.402832,1.8044e-12
2127.776367,1.8409e-12
2129.149902,1.8073e-12
2130.523438,1.7893e-12
2131.896973,1.7689e-12
2133.270508,1.7929e-12
2134.644043,1.793e-12
2136.017578,1.7968e-12
2137.391113,1.7848e-12
2138.764648,1.7953e-12
2140.138184,1.7678e-12
2141.511719,1.7674e-12
2142.885498,1.7916e-12
2144.259033,1.7804e-12
2145.632568,1.7646e-12
2147.006104,1.747e-12
2148.379639,1.7278e-12
2149.753418,1.7377e-12
2151.126953,1.724e-12
2152.500488,1.7372e-12
2153.874023,1.7359e-12
2155.247803,1.7467e-12
2156.621338,1.7627e-12
2157.994873,1.7561e-12
2159.368652,1.7375e-12
2160.742188,1.7337e-12
2162.115723,1.7362e-12
2163.489502,1.7214e-12
2164.863037,1.7067e-12
2166.236572,1.6946e-12
2167.610352,1.698e-12
2168.983887,1.695e-12
2170.357666,1.6945e-12
2171.731201,1.6662e-12
2173.10498,1.6836e-12
2174.478516,1.6979e-12
2175.852295,1.7066e-12
2177.22583,1.697e-12
2178.599609,1.6828e-12
2179.973145,1.6776e-12
2181.346924,1.6516e-12
2182.720459,1.6603e-12
2184.094238,1.6676e-12
2185.467773,1.6487e-12
2186.841553,1.6439e-12
2188.215332,1.6353e-12
2189.588867,1.6286e-12
2190.962646,1.6443e-12
2192.336182,1.6415e-12
2193.709961,1.6194e-12
2195.08374,1.642e-12
2196.457275,1.6472e-12
2197.831055,1.6495e-12
2199.204834,1.6467e-12
2200.578613,1.6424e-12
2201.952148,1.6415e-12
2203.325928,1.6495e-12
2204.699707,1.6316e-12
2206.073242,1.6123e-12
2207.447021,1.6035e-12
2208.820801,1.5985e-12
2210.19458,1.5889e-12
2211.568359,1.5814e-12
2212.941895,1.5728e-12
2214.315674,1.5609e-12
2215.689453,1.5608e-12
2217.063232,1.5495e-12
2218.437012,1.5648e-12
2219.810547,1.5748e-12
2221.184326,1.5659e-12
2222.558105,1.582e-12
2223.931885,1.6009e-12
2225.305664,1.5941e-12
2226.679443,1.5838e-12
2228.053223,1.5668e-12
2229.426758,1.5592e-12
2230.800537,1.5454e-12
2232.174316,1.5711e-12
2233.548096,1.5656e-12
2234.921875,1.5532e-12
2236.295654,1.5583e-12
2237.669434,1.5501e-12
2239.043213,1.5504e-12
2240.416992,1.5464e-12
2241.790771,1.5506e-12
2243.164551,1.5483e-12
2244.53833,1.5393e-12
2245.912109,1.5497e-12
2247.285889,1.5136e-12
2248.659668,1.4836e-12
2250.033447,1.4501e-12
2251.407227,1.4451e-12
2252.781006,1.4317e-12
2254.154785,1.4335e-12
2255.528564,1.4708e-12
2256.902344,1.481e-12
2258.276123,1.4833e-12
2259.649902,1.4956e-12
2261.023682,1.4884e-12
2262.397461,1.503e-12
2263.77124,1.497e-12
2265.14502,1.5002e-12
2266.518799,1.4952e-12
2267.892578,1.4766e-12
2269.266357,1.484e-12
2270.640137,1.4603e-12
2272.013916,1.4615e-12
2273.387695,1.472e-12
2274.761475,1.4862e-12
2276.135254,1.4813e-12
2277.509033,1.4632e-12
2278.883057,1.4711e-12
2280.256836,1.4666e-12
2281.630615,1.4699e-12
2283.004395,1.4787e-12
2284.378174,1.4431e-12
2285.751953,1.449e-12
2287.125732,1.4418e-12
2288.499512,1.4469e-12
2289.873291,1.4226e-12
2291.24707,1.416e-12
2292.621094,1.4409e-12
2293.994873,1.4333e-12
2295.368652,1.4384e-12
2296.742432,1.4469e-12
2298.116211,1.4096e-12
2299.48999,1.3984e-12
2300.86377,1.4102e-12
2302.237549,1.4072e-12
2303.611328,1.3862e-12
2304.985107,1.3705e-12
2306.359131,1.3347e-12
2307.73291,1.331e-12
2309.106689,1.3535e-12
2310.480469,1.3759e-12
2311.854248,1.395e-12
2313.228027,1.4009e-12
2314.601807,1.4048e-12
2315.975586,1.3767e-12
2317.349365,1.3704e-12
2318.723389,1.386e-12
2320.097168,1.3836e-12
2321.470947,1.3721e-12
2322.844727,1.3646e-12
2324.218506,1.3564e-12
2325.592285,1.3605e-12
2326.966064,1.3786e-12
2328.339844,1.367e-12
2329.713623,1.3622e-12
2331.087646,1.3743e-12
2332.461426,1.3576e-12
2333.835205,1.3505e-12
2335.208984,1.3458e-12
2336.582764,1.3427e-12
2337.956543,1.3511e-12
2339.330322,1.3339e-12
2340.704102,1.3361e-12
2342.077881,1.3218e-12
2343.45166,1.2712e-12
2344.825439,1.2585e-12
2346.199219,1.317e-12
2347.572998,1.3328e-12
2348.946777,1.3382e-12
2350.320801,1.3371e-12
2351.69458,1.3158e-12
2353.068359,1.3017e-12
2354.442139,1.2924e-12
2355.815918,1.3011e-12
2357.189697,1.2922e-12
2358.563477,1.2895e-12
2359.937256,1.2663e-12
2361.311035,1.2769e-12
2362.684814,1.2841e-12
2364.058594,1.2861e-12
2365.432373,1.2637e-12
2366.806152,1.2782e-12
2368.179932,1.2761e-12
2369.553711,1.2789e-12
2370.92749,1.2786e-12
2372.30127,1.2635e-12
2373.675049,1.2403e-12
2375.048828,1.2391e-12
2376.422607,1.257e-12
2377.796387,1.2572e-12
2379.169922,1.2453e-12
2380.543701,1.233e-12
2381.91748,1.1634e-12
2383.29126,1.1295e-12
2384.665039,1.1412e-12
2386.038818,1.1315e-12
2387.412598,1.1432e-12
2388.786377,1.1772e-12
2390.160156,1.1956e-12
2391.533936,1.2017e-12
2392.907471,1.2177e-12
2394.28125,1.2297e-12
2395.655029,1.2186e-12
2397.028809,1.2051e-12
2398.402588,1.1906e-12
2399.776367,1.1839e-12
2401.150146,1.1892e-12
2402.523682,1.196e-12
2403.897461,1.1998e-12
2405.27124,1.1926e-12
2406.64502,1.1865e-12
2408.018555,1.2079e-12
2409.392334,1.201e-12
2410.766113,1.1942e-12
2412.139893,1.1958e-12
2413.513428,1.199e-12
2414.887207,1.2024e-12
2416.260986,1.1977e-12
2417.634766,1.1849e-12
2419.008301,1.1914e-12
2420.38208,1.1823e-12
2421.755859,1.1736e-12
2423.129395,1.1861e-12
2424.503174,1.176e-12
2425.876709,1.1805e-12
2427.250488,1.1838e-12
2428.624268,1.1857e-12
2429.997803,1.184e-12
2431.371582,1.1711e-12
2432.745117,1.1721e-12
2434.118896,1.1704e-12
2435.492676,1.1638e-12
2436.866211,1.1679e-12
2438.23999,1.1574e-12
2439.613525,1.1626e-12
2440.987305,1.1689e-12
2442.36084,1.1669e-12
2443.734619,1.1592e-12
2445.108154,1.1491e-12
2446.481934,1.1661e-12
2447.855469,1.1618e-12
2449.229004,1.1553e-12
2450.602783,1.1609e-12
2451.976318,1.1741e-12
2453.350098,1.156e-12
2454.723633,1.1564e-12
2456.097168,1.1456e-12
2457.470947,1.1569e-12
2458.844482,1.1614e-12
2460.218018,1.1427e-12
2461.591797,1.1467e-12
2462.965332,1.1434e-12
2464.338867,1.1527e-12
2465.712402,1.1585e-12
2467.086182,1.1451e-12
2468.459717,1.1401e-12
2469.833252,1.1338e-12
2471.206787,1.1355e-12
2472.580322,1.1283e-12
2473.954102,1.1221e-12
2475.327637,1.1211e-12
2476.701172,1.1193e-12
2478.074707,1.1266e-12
2479.448242,1.1294e-12
2480.821777,1.1099e-12
2482.195312,1.1171e-12
2483.568848,1.1131e-12
2484.942383,1.1109e-12
2486.315918,1.1052e-12
2487.689453,1.109e-12
2489.062988,1.1009e-12
2490.436523,1.1082e-12
2491.810059,1.1149e-12
2493.183594,1.0892e-12
2494.557129,1.0926e-12
2495.930664,1.0966e-12
2497.304199,1.0985e-12
2498.677734,1.0924e-12
2500.051025,1.0935e-12
2501.424561,1.0928e-12
2502.798096,1.0809e-12
2504.171631,1.0814e-12
2505.545166,1.0761e-12
2506.918457,1.0751e-12
2508.291992,1.0449e-12
2509.665527,1.0067e-12
2511.038818,9.5092e-13
2512.412354,9.3965e-13
2513.785889,9.7939e-13
2515.15918,1.0208e-12
2516.532715,1.0436e-12
2517.90625,1.0397e-12
2519.279541,1.0521e-12
2520.653076,1.0589e-12
2522.026367,1.048e-12
2523.399902,1.0527e-12
2524.773193,1.0535e-12
2526.146729,1.0532e-12
2527.52002,1.045e-12
2528.893311,1.0437e-12
2530.266846,1.0397e-12
2531.640137,1.0397e-12
2533.013672,1.0418e-12
2534.386963,1.0463e-12
2535.760254,1.0493e-12
2537.133789,1.0435e-12
2538.50708,1.0375e-12
2539.880371,1.0414e-12
2541.253662,1.0125e-12
2542.627197,1.0086e-12
2544.000488,1.0379e-12
2545.373779,1.0128e-12
2546.74707,1.0177e-12
2548.120361,1.0032e-12
2549.493652,1.0106e-12
2550.866943,1.0237e-12
2552.240234,1.0174e-12
2553.613525,1.0124e-12
2554.986816,1.0072e-12
2556.360107,1.0075e-12
2557.733398,1.0033e-12
2559.106689,1.0075e-12
2560.47998,1.0076e-12
2561.853271,9.9213e-13
2563.226562,9.8258e-13
2564.599854,1.001e-12
2565.9729,9.7687e-13
2567.346191,9.8707e-13
2568.719482,9.8476e-13
2570.092773,9.8914e-13
2571.46582,9.8404e-13
2572.839111,9.7907e-13
2574.212402,9.7806e-13
2575.585449,9.6754e-13
2576.95874,9.6793e-13
2578.331787,9.6463e-13
2579.705078,9.9233e-13
2581.078369,9.7204e-13
2582.451416,9.796e-13
2583.824707,9.7287e-13
2585.197754,9.445e-13
2586.570801,9.1996e-13
2587.944092,9.3383e-13
2589.317139,9.5602e-13
2590.690186,9.6358e-13
2592.063477,9.6865e-13
2593.436523,9.5388e-13
2594.80957,9.4946e-13
2596.182861,9.4379e-13
2597.555908,9.535e-13
2598.928955,9.3498e-13
2600.302002,8.9286e-13
2601.675049,9.2908e-13
2603.048096,9.5328e-13
2604.421143,9.4513e-13
2605.794189,9.3607e-13
2607.167236,9.3918e-13
2608.540283,9.4642e-13
2609.91333,9.3513e-13
2611.286377,9.3382e-13
2612.659424,9.3554e-13
2614.032471,9.3998e-13
2615.405518,9.2664e-13
2616.778564,9.2338e-13
2618.151367,9.2505e-13
2619.524414,9.1838e-13
2620.897461,9.1923e-13
2622.270264,9.2198e-13
2623.643311,9.152e-13
2625.016357,9.0477e-13
2626.38916,9.0284e-13
2627.762207,9.0988e-13
2629.13501,9.1038e-13
2630.508057,9.1535e-13
2631.880859,9.1874e-13
2633.253906,9.1289e-13
2634.626709,9.0303e-13
2635.999756,9.0272e-13
2637.372559,9.0545e-13
2638.745361,8.9967e-13
2640.118164,8.9709e-13
2641.491211,8.9536e-13
2642.864014,8.8342e-13
2644.236816,8.9461e-13
2645.609619,8.9345e-13
2646.982422,8.8957e-13
2648.355225,8.9436e-13
2649.728271,8.8945e-13
2651.101074,8.8054e-13
2652.473877,8.7887e-13
2653.846436,8.8e-13
2655.219238,8.8811e-13
2656.592041,8.8447e-13
2657.964844,8.8063e-13
2659.337646,8.8421e-13
2660.710449,8.7803e-13
2662.083008,8.5344e-13
2663.455811,8.6697e-13
2664.828613,8.6012e-13
2666.201416,8.5733e-13
2667.573975,8.6163e-13
2668.946777,8.6009e-13
2670.319336,8.6141e-13
2671.692139,8.5982e-13
2673.064697,8.6695e-13
2674.4375,8.5846e-13
2675.810059,8.5408e-13
2677.182861,8.5762e-13
2678.55542,8.518e-13
2679.927979,8.495e-13
2681.300537,8.4688e-13
2682.67334,8.4642e-13
2684.045898,8.4384e-13
2685.418457,8.4293e-13
2686.791016,8.4815e-13
2688.163574,8.4894e-13
2689.536133,8.4775e-13
2690.908691,8.3392e-13
2692.28125,8.426e-13
2693.653809,8.5222e-13
2695.026367,8.4493e-13
2696.398926,8.4676e-13
2697.771484,8.3719e-13
2699.144043,8.3668e-13
2700.516357,8.3884e-13
2701.888916,8.3583e-13
2703.261475,8.2999e-13
2704.633789,8.2713e-13
2706.006348,8.2596e-13
2707.378906,8.2605e-13
2708.751221,8.2623e-13
2710.123779,8.2614e-13
2711.496094,8.1378e-13
2712.868408,8.1246e-13
2714.240967,8.131e-13
2715.613281,8.1313e-13
2716.985596,8.1662e-13
2718.358154,8.0695e-13
2719.730469,8.0425e-13
2721.102783,8.123e-13
2722.475098,8.1815e-13
2723.847412,8.0582e-13
2725.219727,7.9954e-13
2726.592041,8.0171e-13
2727.964355,7.9353e-13
2729.33667,7.7686e-13
2730.708984,7.6708e-13
2732.081299,7.3343e-13
2733.453613,6.7594e-13
2734.825928,6.6842e-13
2736.197998,7.2056e-13
2737.570312,7.4933e-13
2738.942627,7.7096e-13
2740.314697,7.7987e-13
2741.687012,7.9142e-13
2743.059082,7.8048e-13
2744.431396,7.7717e-13
2745.803467,7.8583e-13
2747.175781,7.8369e-13
2748.547852,7.7933e-13
2749.919922,7.8714e-13
2751.292236,7.8222e-13
2752.664307,7.8183e-13
2754.036377,7.8168e-13
2755.408447,7.7797e-13
2756.780518,7.7689e-13
2758.152588,7.6973e-13
2759.524658,7.6475e-13
2760.896729,7.6754e-13
2762.268799,7.7399e-13
2763.640869,7.7509e-13
2765.012939,7.7116e-13
2766.38501,7.6057e-13
2767.75708,7.5958e-13
2769.128906,7.6225e-13
2770.500977,7.6723e-13
2771.873047,7.6602e-13
2773.244873,7.6443e-13
2774.616943,7.5805e-13
2775.98877,7.5406e-13
2777.36084,7.5846e-13
2778.732666,7.5346e-13
2780.104492,7.5785e-13
2781.476562,7.5583e-13
2782.848389,7.4378e-13
2784.220215,7.4247e-13
2785.592041,7.4139e-13
2786.964111,7.4221e-13
2788.335938,7.4571e-13
2789.707764,7.3222e-13
2791.07959,7.3581e-13
2792.451416,7.3455e-13
2793.823242,7.1914e-13
2795.194824,6.9664e-13
2796.56665,6.5877e-13
2797.938477,6.9228e-13
2799.310303,7.1875e-13
2800.681885,7.1986e-13
2802.053711,7.0575e-13
2803.425537,6.6325e-13
2804.797119,6.982e-13
2806.168945,7.2e-13
2807.540527,7.2932e-13
2808.912109,7.2132e-13
2810.283936,7.171e-13
2811.655518,7.2361e-13
2813.0271,7.2275e-13
2814.398682,7.117e-13
2815.770508,7.1324e-13
2817.14209,7.2083e-13
2818.513672,7.1713e-13
2819.885254,7.142e-13
2821.256836,7.1931e-13
2822.628418,7.1541e-13
2823.999756,7.204e-13
2825.371338,7.1574e-13
2826.74292,7.1793e-13
2828.114502,7.112e-13
2829.48584,7.0288e-13
2830.857422,6.9884e-13
2832.22876,7.0127e-13
2833.600342,7.0682e-13
2834.97168,7.0416e-13
2836.343262,6.9879e-13
2837.7146,6.9815e-13
2839.085938,6.9882e-13
2840.45752,6.9833e-13
2841.828857,6.8978e-13
2843.200195,6.9659e-13
2844.571533,6.9496e-13
2845.942871,6.9243e-13
2847.314209,6.8824e-13
2848.685547,6.8753e-13
2850.056885,6.919e-13
2851.428223,6.7601e-13
2852.799561,6.5957e-13
2854.170654,6.7005e-13
2855.541992,6.8258e-13
2856.91333,6.8227e-13
2858.284424,6.7742e-13
2859.655762,6.8133e-13
2861.026855,6.7945e-13
2862.398193,6.7835e-13
2863.769287,6.7611e-13
2865.140381,6.761e-13
2866.511719,6.6111e-13
2867.882812,6.787e-13
2869.253906,6.6848e-13
2870.625,6.6996e-13
2871.996094,6.7158e-13
2873.367188,6.7145e-13
2874.738281,6.7004e-13
2876.109375,6.7041e-13
2877.480469,6.5538e-13
2878.851318,6.6267e-13
2880.222412,6.614e-13
2881.593506,6.6607e-13
2882.964355,6.6015e-13
2884.335449,6.6129e-13
2885.706543,6.5821e-13
2887.077393,6.5501e-13
2888.448242,6.5861e-13
2889.819336,6.4887e-13
2891.190186,6.4569e-13
2892.561035,6.4565e-13
2893.931885,6.4548e-13
2895.302734,6.5079e-13
2896.673828,6.4412e-13
2898.044678,6.4468e-13
2899.415283,6.4037e-13
2900.786133,6.3582e-13
2902.156982,6.4113e-13
2903.527832,6.4762e-13
2904.898682,6.4131e-13
2906.269287,6.3934e-13
2907.640137,6.424e-13
2909.010742,6.4397e-13
2910.381592,6.457e-13
2911.752197,6.3981e-13
2913.123047,6.3689e-13
2914.493652,6.312e-13
2915.864258,6.2929e-13
2917.235107,6.2872e-13
2918.605713,6.2955e-13
2919.976318,6.2453e-13
2921.346924,6.3067e-13
2922.717529,6.2669e-13
2924.088135,6.2376e-13
2925.45874,6.1807e-13
2926.829102,6.2255e-13
2928.199707,6.2042e-13
2929.570312,6.1712e-13
2930.940674,6.1567e-13
2932.311279,6.1398e-13
2933.681641,6.2155e-13
2935.052246,6.1653e-13
2936.422607,6.142e-13
2937.793213,6.1823e-13
2939.163574,6.1125e-13
2940.533936,6.1575e-13
2941.904297,6.1871e-13
2943.274658,6.1293e-13
2944.64502,6.1091e-13
2946.015381,6.132e-13
2947.385742,6.1167e-13
2948.756104,6.0823e-13
2950.126465,6.0447e-13
2951.496582,6.072e-13
2952.866943,6.0941e-13
2954.237305,6.046e-13
2955.607422,6.0316e-13
2956.977783,6.0629e-13
2958.3479,6.0525e-13
2959.718018,6.0229e-13
2961.088379,6.0068e-13
2962.458496,6.0236e-13
2963.828613,5.9912e-13
2965.19873,6.0649e-13
2966.568848,5.9675e-13
2967.938965,5.9373e-13
2969.309082,6.0221e-13
2970.679199,6.0062e-13
2972.049316,5.9446e-13
2973.419189,5.9011e-13
2974.789307,5.9515e-13
2976.15918,5.9267e-13
2977.529297,5.9188e-13
2978.89917,5.8383e-13
2980.269287,5.8355e-13
2981.63916,5.8551e-13
2983.009033,5.8271e-13
2984.37915,5.8243e-13
2985.749023,5.8188e-13
2987.118896,5.728e-13
2988.48877,5.7355e-13
2989.858643,5.6907e-13
2991.228516,5.7375e-13
2992.598389,5.6973e-13
2993.968018,5.7352e-13
2995.337891,5.7151e-13
2996.707764,5.7093e-13
2998.077393,5.7763e-13
2999.447266,5.7382e-13
3000.816895,5.7407e-13
3002.186523,5.7656e-13
3003.556396,5.7018e-13
3004.926025,5.7273e-13
3006.295654,5.7151e-13
3007.665283,5.7287e-13
3009.034912,5.7015e-13
3010.404541,5.6984e-13
3011.77417,5.6723e-13
3013.143799,5.6321e-13
3014.513428,5.6069e-13
3015.882812,5.6007e-13
3017.252441,5.5903e-13
3018.621826,5.5835e-13
3019.991455,5.5877e-13
3021.36084,5.612e-13
3022.730469,5.5851e-13
3024.099854,5.6402e-13
3025.469238,5.5691e-13
3026.838623,5.5358e-13
3028.208008,5.5713e-13
3029.577393,5.5443e-13
3030.946777,5.5337e-13
3032.316162,5.4875e-13
3033.685547,5.4705e-13
3035.054932,5.5094e-13
3036.424072,5.469e-13
3037.793457,5.4583e-13
3039.162842,5.4866e-13
3040.531982,5.4785e-13
3041.901123,5.5006e-13
3043.270508,5.5143e-13
3044.639648,5.4338e-13
3046.008789,5.5222e-13
3047.37793,5.4701e-13
3048.74707,5.4251e-13
3050.116211,5.4328e-13
3051.485352,5.4041e-13
3052.854492,5.399e-13
3054.223633,5.3186e-13
3055.592529,5.3267e-13
3056.96167,5.3114e-13
3058.330811,5.3793e-13
3059.699707,5.3555e-13
3061.068604,5.3406e-13
3065.966064,5.3475e-13
3068.712158,5.315e-13
3071.458252,5.3049e-13
3074.204346,5.2891e-13
3076.950439,5.2607e-13
3079.696777,5.2177e-13
3082.442871,5.196e-13
3085.189209,5.1804e-13
3087.935303,5.1689e-13
3090.681641,5.1621e-13
3093.427979,5.1639e-13
3096.174316,5.1482e-13
3098.920654,5.1557e-13
3101.666992,5.1444e-13
3104.41333,5.1204e-13
3107.159668,5.1155e-13
3109.90625,5.0941e-13
3112.652588,5.0234e-13
3115.39917,4.9733e-13
3118.145508,4.9891e-13
3120.89209,5.0071e-13
3123.638672,4.9898e-13
3126.385254,5.0013e-13
3129.131836,5.0178e-13
3131.878418,4.9932e-13
3134.625,4.9534e-13
3137.371582,4.9395e-13
3140.118164,4.9462e-13
3142.86499,4.9103e-13
3145.611572,4.8991e-13
3148.358398,4.8842e-13
3151.10498,4.8574e-13
3153.851807,4.8102e-13
3156.598633,4.7817e-13
3159.345459,4.807e-13
3162.092285,4.8113e-13
3164.839111,4.771e-13
3167.585938,4.7657e-13
3170.332764,4.716e-13
3173.07959,4.7045e-13
3175.82666,4.7117e-13
3178.573486,4.703e-13
3181.320557,4.683e-13
3184.067383,4.6588e-13
3186.814453,4.6488e-13
3189.561523,4.6042e-13
3192.30835,4.5875e-13
3195.05542,4.5364e-13
3197.80249,4.4126e-13
3200.549561,4.189e-13
3203.296631,4.1311e-13
3206.043945,4.3103e-13
3208.791016,4.4493e-13
3211.538086,4.492e-13
3214.2854,4.4966e-13
3217.032471,4.4675e-13
3219.779785,4.4541e-13
3222.5271,4.4778e-13
3225.27417,4.4602e-13
3228.021484,4.3937e-13
3230.768799,4.3646e-13
3233.516113,4.4089e-13
3236.263428,4.4189e-13
3239.010742,4.4059e-13
3241.758057,4.366e-13
3244.505615,4.3523e-13
3247.25293,4.3488e-13
3250.000244,4.3433e-13
3252.747803,4.341e-13
3255.495117,4.3384e-13
3258.242676,4.3261e-13
3260.990234,4.3156e-13
3263.737793,4.3043e-13
3266.485107,4.2706e-13
3269.232666,4.2416e-13
3271.980225,4.2222e-13
3274.727783,4.2337e-13
3277.475342,4.2125e-13
3280.223145,4.1973e-13
3282.970703,4.2183e-13
3285.718262,4.2024e-13
3288.466064,4.1695e-13
3291.213623,4.1266e-13
3293.961426,4.1287e-13
3296.708984,4.1468e-13
3299.456787,4.1272e-13
3302.20459,4.1036e-13
3304.952393,4.0978e-13
3307.700195,4.0858e-13
3310.447754,4.0548e-13
3313.195557,4.0437e-13
3315.943604,4.0174e-13
3318.691406,4.0022e-13
3321.439209,3.9962e-13
3324.187012,3.9865e-13
3326.935059,3.9756e-13
3329.682861,3.9714e-13
3332.430908,3.9358e-13
3335.178711,3.9071e-13
3337.926758,3.8988e-13
3340.674561,3.9007e-13
3343.422607,3.8896e-13
3346.170654,3.8899e-13
3348.918701,3.898e-13
3351.666748,3.8942e-13
3354.414795,3.8721e-13
3357.162842,3.8577e-13
3359.910889,3.8509e-13
3362.658936,3.8456e-13
3365.406982,3.824e-13
3368.155273,3.8119e-13
3370.90332,3.7819e-13
3373.651367,3.7701e-13
3376.399658,3.7698e-13
3379.147705,3.7613e-13
3381.895996,3.7546e-13
3384.644287,3.7537e-13
3387.392578,3.7289e-13
3390.140625,3.7134e-13
3392.888916,3.6934e-13
3395.637207,3.6862e-13
3398.385498,3.6847e-13
3401.133789,3.6753e-13
3403.88208,3.6672e-13
3406.630371,3.6409e-13
3409.378906,3.6434e-13
3412.127197,3.6461e-13
3414.875488,3.6221e-13
3417.624023,3.5993e-13
3420.372314,3.5848e-13
3423.120605,3.5772e-13
3425.869141,3.5745e-13
3428.617676,3.5813e-13
3431.365967,3.5853e-13
3434.114502,3.5667e-13
3436.863037,3.5522e-13
3439.611572,3.546e-13
3442.359863,3.5176e-13
3445.108398,3.4897e-13
3447.856934,3.4767e-13
3450.605469,3.4923e-13
3453.354004,3.484e-13
3456.102783,3.4654e-13
3458.851318,3.4579e-13
3461.599854,3.4535e-13
3464.348389,3.4643e-13
3467.097168,3.4437e-13
3469.845703,3.435e-13
3472.594482,3.4334e-13
3475.343018,3.4037e-13
3478.091797,3.4017e-13
3480.840332,3.372e-13
3483.589111,3.3384e-13
3486.337891,3.3374e-13
3489.08667,3.3453e-13
3491.835205,3.3333e-13
3494.583984,3.3274e-13
3497.332764,3.3248e-13
3500.081543,3.3153e-13
3502.830322,3.3134e-13
3505.579102,3.2897e-13
3508.327881,3.2594e-13
3511.07666,3.2681e-13
3513.825684,3.2517e-13
3516.574463,3.2203e-13
3519.323242,3.214e-13
3522.072266,3.2245e-13
3524.821045,3.209e-13
3527.569824,3.1837e-13
3530.318848,3.1968e-13
3533.067627,3.2047e-13
3535.81665,3.1712e-13
3538.565674,3.1639e-13
3541.314453,3.1666e-13
3544.063477,3.1547e-13
3546.8125,3.1525e-13
3549.561523,3.1538e-13
3552.310303,3.1413e-13
3555.059326,3.1043e-13
3557.80835,3.0958e-13
3560.557373,3.0928e-13
3563.306396,3.0877e-13
3566.05542,3.0877e-13
3568.804688,3.0671e-13
3571.553711,3.0538e-13
3574.302734,3.042e-13
3577.051758,3.0473e-13
3579.800781,3.0463e-13
3582.550049,3.0553e-13
3585.299072,3.0315e-13
3588.048096,3.0213e-13
3590.797363,3.0335e-13
3593.546387,3.0078e-13
3596.295654,2.995e-13
3599.044678,2.9984e-13
3601.793945,2.9867e-13
3604.543213,2.9622e-13
3607.292236,2.9619e-13
3610.041504,2.9387e-13
3612.790771,2.9347e-13
3615.540039,2.941e-13
3618.289307,2.9357e-13
3621.03833,2.9476e-13
3623.787598,2.9345e-13
3626.536865,2.9146e-13
3629.286133,2.9029e-13
3632.0354,2.8962e-13
3634.784668,2.882e-13
3637.533936,2.8778e-13
3640.283447,2.8797e-13
3643.032715,2.8696e-13
3645.781982,2.8609e-13
3648.53125,2.834e-13
3651.280518,2.8231e-13
3654.030029,2.8421e-13
3656.779297,2.8266e-13
3659.528564,2.798e-13
3662.278076,2.79e-13
3665.027344,2.7933e-13
3667.776855,2.7845e-13
3670.526123,2.7719e-13
3673.275635,2.7657e-13
3676.024902,2.761e-13
3678.774414,2.7584e-13
3681.523926,2.7681e-13
3684.273193,2.7559e-13
3687.022705,2.746e-13
3689.772217,2.7542e-13
3692.521484,2.723e-13
3695.270996,2.7128e-13
3698.020508,2.7236e-13
3700.77002,2.7187e-13
3703.519531,2.7049e-13
3706.269043,2.6948e-13
3709.018555,2.6873e-13
3711.768066,2.6626e-13
3714.517578,2.6644e-13
3717.26709,2.6763e-13
3720.016602,2.675e-13
3722.766113,2.657e-13
3725.515625,2.6431e-13
3728.265137,2.6484e-13
3731.014648,2.6552e-13
3733.76416,2.6329e-13
3736.513672,2.6179e-13
3739.263428,2.5987e-13
3742.012939,2.5995e-13
3744.762451,2.5967e-13
3747.512207,2.5618e-13
3750.261719,2.5572e-13
3753.01123,2.5536e-13
3755.760986,2.5579e-13
3758.510498,2.5574e-13
3761.260254,2.5586e-13
3764.009766,2.548e-13
3766.759277,2.5199e-13
3769.509033,2.4906e-13
3772.258789,2.4965e-13
3775.008301,2.5147e-13
3777.758057,2.5216e-13
3780.507568,2.5297e-13
3783.257324,2.5221e-13
3786.00708,2.5071e-13
3788.756592,2.4982e-13
3791.506348,2.4721e-13
3794.256104,2.4318e-13
3797.005615,2.4132e-13
3799.755371,2.4087e-13
3802.505127,2.4247e-13
3805.254883,2.4332e-13
3808.004395,2.4568e-13
3810.75415,2.4751e-13
3813.503906,2.4777e-13
3816.253662,2.4784e-13
3819.003418,2.4502e-13
3821.753174,2.419e-13
3824.50293,2.3957e-13
3827.252686,2.3718e-13
3830.002441,2.3428e-13
3832.752197,2.2965e-13
3835.501953,2.2535e-13
3838.251709,2.2564e-13
3841.001465,2.3017e-13
3843.751221,2.3465e-13
3846.500977,2.3708e-13
3849.250732,2.4009e-13
3852.000488,2.424e-13
3854.750244,2.4394e-13
3857.5,2.4345e-13
3860.249756,2.4467e-13
3862.999512,2.4227e-13
3865.749512,2.4111e-13
3868.499268,2.3966e-13
3871.249023,2.3774e-13
3873.998779,2.3661e-13
3876.748535,2.3408e-13
3879.498535,2.2825e-13
3882.248291,2.2052e-13
3884.998047,2.1266e-13
3887.747803,2.0575e-13
3890.497803,2.0372e-13
3893.247559,2.079e-13
3895.997314,2.1449e-13
3898.747314,2.2117e-13
3901.49707,2.2515e-13
3904.246826,2.2751e-13
3906.996826,2.2942e-13
3909.746582,2.3241e-13
3912.496338,2.3451e-13
3915.246338,2.3424e-13
3917.996094,2.3355e-13
3920.74585,2.3379e-13
3923.49585,2.3247e-13
3926.245605,2.3255e-13
3928.995605,2.3409e-13
3931.745361,2.3253e-13
3934.495117,2.3083e-13
3937.245117,2.3034e-13
3939.994873,2.2919e-13
3942.744873,2.283e-13
3945.494629,2.2818e-13
3948.244629,2.2488e-13
3950.994385,2.2183e-13
3953.744385,2.1992e-13
3956.494141,2.1671e-13
3959.244141,2.1229e-13
3961.993896,2.0606e-13
3964.743896,1.9732e-13
3967.493652,1.8633e-13
3970.243652,1.7896e-13
3972.993408,1.8219e-13
3975.743408,1.9119e-13
3978.493164,1.9917e-13
3981.243164,2.0519e-13
3983.99292,2.0979e-13
3986.74292,2.1309e-13
3989.492676,2.1436e-13
3992.242676,2.1604e-13
3994.992432,2.1598e-13
3997.742432,2.1642e-13
4000.492188,2.1787e-13
4003.242188,2.1715e-13
4005.991943,2.1626e-13
4008.741943,2.1679e-13
4011.491699,2.1795e-13
4014.241699,2.1715e-13
4016.991455,2.1536e-13
4019.741455,2.1382e-13
4022.491455,2.1223e-13
4025.241211,2.1099e-13
4027.991211,2.1072e-13
4030.740967,2.1148e-13
4033.490967,2.1242e-13
4036.240723,2.1226e-13
4038.990723,2.1227e-13
4041.740479,2.1203e-13
4044.490479,2.1112e-13
4047.240234,2.1105e-13
4049.990234,2.1071e-13
4052.73999,2.1083e-13
4055.48999,2.0952e-13
4058.239746,2.0806e-13
4060.989746,2.063e-13
4063.739502,2.0532e-13
4066.489502,2.0538e-13
4069.239258,2.0481e-13
4071.989258,2.041e-13
4074.739014,2.0324e-13
4077.489014,2.0148e-13
4080.23877,1.9921e-13
4082.988525,1.9728e-13
4085.738525,1.9535e-13
4088.488281,1.912e-13
4091.238281,1.857e-13
4093.988037,1.7899e-13
4096.737793,1.7044e-13
4099.487793,1.5973e-13
4102.237793,1.5256e-13
4104.987305,1.5682e-13
4107.737305,1.6606e-13
4110.487305,1.7544e-13
4113.236816,1.8218e-13
4115.986816,1.856e-13
4118.736816,1.8861e-13
4121.486328,1.9035e-13
4124.236328,1.9138e-13
4126.986328,1.9342e-13
4129.73584,1.9261e-13
4132.48584,1.9291e-13
4135.23584,1.936e-13
4137.985352,1.9435e-13
4140.735352,1.9305e-13
4143.484863,1.922e-13
4146.234863,1.9207e-13
4148.984863,1.9239e-13
4151.734375,1.9405e-13
4154.484375,1.9413e-13
4157.233887,1.9174e-13
4159.983887,1.9034e-13
4162.733887,1.9097e-13
4165.483398,1.9086e-13
4168.233398,1.8911e-13
4170.98291,1.8906e-13
4173.73291,1.88e-13
4176.482422,1.8696e-13
4179.232422,1.8607e-13
4181.981934,1.8594e-13
4184.731934,1.8616e-13
4187.481445,1.859e-13
4190.231445,1.8529e-13
4192.980957,1.8318e-13
4195.730957,1.8215e-13
4198.480469,1.8169e-13
4201.230469,1.8082e-13
4203.97998,1.8032e-13
4206.72998,1.8115e-13
4209.479492,1.8141e-13
4212.229004,1.8062e-13
4214.979004,1.8056e-13
4217.728516,1.8002e-13
4220.478516,1.7884e-13
4223.228027,1.792e-13
4225.977539,1.7825e-13
4228.727539,1.7855e-13
4231.477051,1.7862e-13
4234.226562,1.7808e-13
4236.976562,1.7792e-13
4239.726074,1.7708e-13
4242.475586,1.7702e-13
4245.225586,1.7568e-13
4247.975098,1.7667e-13
4250.724609,1.7633e-13
4253.474121,1.7501e-13
4256.224121,1.7449e-13
4258.973633,1.7442e-13
4261.723145,1.7405e-13
4264.472656,1.7287e-13
4267.222168,1.7194e-13
4269.972168,1.7154e-13
4272.72168,1.709e-13
4275.471191,1.7017e-13
4278.220703,1.6979e-13
4280.970215,1.6877e-13
4283.719727,1.6773e-13
4286.469238,1.6798e-13
4289.219238,1.6752e-13
4291.96875,1.6682e-13
4294.718262,1.6725e-13
4297.467773,1.6744e-13
4300.217285,1.6646e-13
4302.966797,1.6549e-13
4305.716309,1.6534e-13
4308.46582,1.6466e-13
4311.215332,1.638e-13
4313.964844,1.6283e-13
4316.714355,1.6205e-13
4319.463867,1.6049e-13
4322.213379,1.5892e-13
4324.962402,1.5635e-13
4327.711914,1.5271e-13
4330.461426,1.4875e-13
4333.210938,1.4331e-13
4335.960449,1.3574e-13
4338.709961,1.2747e-13
4341.459473,1.2115e-13
4344.208496,1.2538e-13
4346.958008,1.3464e-13
4349.70752,1.4269e-13
4352.457031,1.4724e-13
4355.206055,1.5013e-13
4357.955566,1.5205e-13
4360.705078,1.5325e-13
4363.454102,1.5391e-13
4366.203613,1.5461e-13
4368.953125,1.5519e-13
4371.702148,1.5541e-13
4374.45166,1.541e-13
4377.201172,1.5555e-13
4379.950195,1.5639e-13
4382.699707,1.5568e-13
4385.44873,1.5576e-13
4388.198242,1.5607e-13
4390.947266,1.5522e-13
4393.696777,1.5462e-13
4396.445801,1.5435e-13
4399.195312,1.541e-13
4401.944336,1.5391e-13
4404.693848,1.5245e-13
4407.442871,1.5289e-13
4410.191895,1.5234e-13
4412.941406,1.5239e-13
4415.69043,1.517e-13
4418.439453,1.517e-13
4421.188965,1.5062e-13
4423.937988,1.4984e-13
4426.687012,1.4955e-13
4429.436035,1.4945e-13
4432.185547,1.4954e-13
4434.93457,1.4896e-13
4437.683594,1.4804e-13
4440.432617,1.4797e-13
4443.181641,1.4844e-13
4445.930664,1.4837e-13
4448.680176,1.4753e-13
4451.429199,1.4661e-13
4454.178223,1.4805e-13
4456.927246,1.4909e-13
4459.67627,1.4752e-13
4462.425293,1.4599e-13
4465.174316,1.4611e-13
4467.92334,1.4378e-13
4470.672363,1.4061e-13
4473.420898,1.3919e-13
4476.169922,1.4214e-13
4478.918945,1.439e-13
4481.667969,1.4364e-13
4484.416992,1.4272e-13
4487.166016,1.4234e-13
4489.914551,1.4254e-13
4492.663574,1.4239e-13
4495.412598,1.427e-13
4498.161621,1.4213e-13
4500.910156,1.4175e-13
4503.65918,1.4155e-13
4506.408203,1.4034e-13
4509.156738,1.3979e-13
4511.905762,1.3923e-13
4514.654297,1.3857e-13
4517.40332,1.3928e-13
4520.151855,1.3953e-13
4522.900879,1.3827e-13
4525.649414,1.3808e-13
4528.398438,1.3757e-13
4531.146973,1.3707e-13
4533.895508,1.3537e-13
4536.644531,1.3503e-13
4539.393066,1.3362e-13
4542.141602,1.3279e-13
4544.890625,1.3303e-13
4547.63916,1.3367e-13
4550.387695,1.3437e-13
4553.13623,1.3493e-13
4555.885254,1.3516e-13
4558.633789,1.3465e-13
4561.382324,1.3526e-13
4564.130859,1.3484e-13
4566.879395,1.3393e-13
4569.62793,1.3349e-13
4572.376465,1.3335e-13
4575.125,1.3352e-13
4577.873535,1.3233e-13
4580.62207,1.3218e-13
4583.370605,1.3196e-13
4586.119141,1.3263e-13
4588.867676,1.3124e-13
4591.615723,1.3057e-13
4594.364258,1.3061e-13
4597.112793,1.3032e-13
4599.861328,1.3045e-13
4602.609375,1.2992e-13
4605.35791,1.2853e-13
4608.106445,1.2787e-13
4610.854492,1.2757e-13
4613.603027,1.2758e-13
4616.351562,1.2705e-13
4619.099609,1.2631e-13
4621.848145,1.258e-13
4624.596191,1.2516e-13
4627.344727,1.2475e-13
4630.092773,1.2515e-13
4632.84082,1.2515e-13
4635.589355,1.2511e-13
4638.337402,1.2499e-13
4641.085449,1.2458e-13
4643.833984,1.2397e-13
4646.582031,1.2425e-13
4649.330078,1.2562e-13
4652.078125,1.2364e-13
4654.826172,1.2458e-13
4657.574707,1.2417e-13
4660.322754,1.2341e-13
4663.070801,1.2353e-13
4665.818848,1.2266e-13
4668.566895,1.2257e-13
4671.314941,1.2234e-13
4674.062988,1.215e-13
4676.811035,1.2045e-13
4679.558594,1.1787e-13
4682.306641,1.1427e-13
4685.054688,1.088e-13
4687.802734,1.0697e-13
4690.550781,1.1289e-13
4693.29834,1.1631e-13
4696.046387,1.1861e-13
4698.794434,1.1954e-13
4701.541992,1.1982e-13
4704.290039,1.1938e-13
4707.037598,1.1904e-13
4709.785645,1.1892e-13
4712.533203,1.1839e-13
4715.28125,1.1852e-13
4718.028809,1.1803e-13
4720.776855,1.1873e-13
4723.524414,1.1787e-13
4726.271973,1.1757e-13
4729.019531,1.1824e-13
4731.767578,1.1704e-13
4734.515137,1.1736e-13
4737.262695,1.1592e-13
4740.010254,1.163e-13
4742.757812,1.1642e-13
4745.505371,1.1624e-13
4748.25293,1.1561e-13
4751.000488,1.1507e-13
4753.748047,1.1467e-13
4756.495605,1.1474e-13
4759.243164,1.1467e-13
4761.990723,1.1362e-13
4764.738281,1.1363e-13
4767.48584,1.1388e-13
4770.23291,1.1384e-13
4772.980469,1.1308e-13
4775.728027,1.1325e-13
4778.475098,1.1278e-13
4781.222656,1.1251e-13
4783.969727,1.1186e-13
4786.717285,1.119e-13
4789.464355,1.1219e-13
4792.211914,1.1115e-13
4794.958984,1.1096e-13
4797.706543,1.1082e-13
4800.453613,1.1012e-13
4803.200684,1.103e-13
4805.947754,1.0996e-13
4808.695312,1.0963e-13
4811.442383,1.0917e-13
4814.189453,1.0894e-13
4816.936523,1.0892e-13
4819.683594,1.0878e-13
4822.430664,1.0832e-13
4825.177734,1.0834e-13
4827.924805,1.0974e-13
4830.671875,1.0806e-13
4833.418945,1.066e-13
4836.166016,1.0564e-13
4838.913086,1.0486e-13
4841.659668,1.0397e-13
4844.406738,1.0322e-13
4847.153809,1.002e-13
4849.900391,9.8418e-14
4852.647461,9.5443e-14
4855.394043,9.148e-14
4858.141113,8.5988e-14
4860.887695,8.1644e-14
4863.634766,7.9924e-14
4866.381348,8.4713e-14
4869.128418,8.9913e-14
4871.875,9.4018e-14
4874.621582,9.6505e-14
4877.368164,9.8652e-14
4880.115234,9.9881e-14
4882.861816,1.009e-13
4885.608398,1.0054e-13
4888.35498,1.0173e-13
4891.101562,1.02e-13
4893.848145,1.0115e-13
4896.594727,1.0177e-13
4899.341309,1.0156e-13
4902.087402,1.0171e-13
4904.833984,1.0145e-13
4907.580566,1.0175e-13
4910.327148,1.0139e-13
4913.073242,1.0101e-13
4915.819824,1.0159e-13
4918.566406,1.0103e-13
4921.3125,1.0058e-13
4924.059082,9.965e-14
4926.805176,9.9664e-14
4929.551758,9.9839e-14
4932.297852,1.0001e-13
4935.043945,1.0023e-13
4937.790039,9.9583e-14
4940.536621,9.9445e-14
4943.282715,9.8041e-14
4946.028809,9.9098e-14
4948.774902,1.0023e-13
4951.520996,1.0077e-13
4954.26709,9.8698e-14
4957.013184,9.9117e-14
4959.759277,9.8205e-14
4962.505371,9.7929e-14
4965.251465,9.7668e-14
4967.997559,9.7819e-14
4970.743164,9.7252e-14
4973.489258,9.7784e-14
4976.235352,9.7382e-14
4978.980957,9.6958e-14
4981.727051,9.6833e-14
4984.472656,9.6372e-14
4987.21875,9.5559e-14
4989.964355,9.5895e-14
4992.710449,9.5948e-14
4995.456055,9.6108e-14
4998.20166,9.5596e-14
5000.947266,9.5561e-14
5003.692871,9.5202e-14
5006.438965,9.4966e-14
5009.18457,9.4234e-14
5011.930176,9.3124e-14
5014.675781,9.3586e-14
5017.421387,9.3459e-14
5020.166992,9.3059e-14
5022.912109,9.3536e-14
5025.657715,9.2591e-14
5028.40332,9.2782e-14
5031.148926,9.3383e-14
5033.894043,9.3101e-14
5036.639648,9.2195e-14
5039.384766,9.1847e-14
5042.130371,9.1402e-14
5044.875488,9.206e-14
5047.621094,9.2245e-14
5050.366211,9.1162e-14
5053.111328,9.1697e-14
5055.856934,9.1394e-14
5058.602051,9.1073e-14
5061.347168,9.1118e-14
5064.092285,9.0389e-14
5066.837402,9.0603e-14
5069.58252,9.0405e-14
5072.327637,9.0362e-14
5075.072754,9.0032e-14
5077.817871,8.9981e-14
5080.562988,8.9641e-14
5083.307617,8.9703e-14
5086.052734,8.9603e-14
5088.797852,8.9558e-14
5091.54248,8.9122e-14
5094.287598,8.871e-14
5097.032227,8.8204e-14
5099.777344,8.8055e-14
5102.521973,8.825e-14
5105.266602,8.8071e-14
5108.011719,8.8119e-14
5110.756348,8.7349e-14
5113.500977,8.7625e-14
5116.245605,8.7281e-14
5118.990234,8.736e-14
5121.734863,8.665e-14
5124.479492,8.6771e-14
5127.224121,8.603e-14
5129.96875,8.7047e-14
5132.713379,8.6321e-14
5135.458008,8.5962e-14
5138.202148,8.5415e-14
5140.946777,8.5478e-14
5143.691406,8.5416e-14
5146.435547,8.529e-14
5149.180176,8.4822e-14
5151.924316,8.5224e-14
5154.668457,8.5271e-14
5157.413086,8.4932e-14
5160.157227,8.4282e-14
5162.901367,8.4294e-14
5165.645508,8.4877e-14
5168.389648,8.4079e-14
5171.133789,8.4214e-14
5173.87793,8.392e-14
5176.62207,8.3672e-14
5179.366211,8.3554e-14
5182.110352,8.3132e-14
5184.854492,8.3557e-14
5187.598145,8.2869e-14
5190.342285,8.2616e-14
5193.086426,8.1844e-14
5195.830078,8.2599e-14
5198.574219,8.2594e-14
5201.317871,8.2397e-14
5204.061523,8.2034e-14
5206.805664,8.1972e-14
5209.549316,8.1946e-14
5212.292969,8.2418e-14
5215.036621,8.2331e-14
5217.780273,8.1281e-14
5220.523926,8.0772e-14
5223.267578,8.0477e-14
5226.01123,8.0534e-14
5228.754883,8.0852e-14
5231.498535,8.0707e-14
5234.242188,7.9922e-14
5236.985352,7.9964e-14
5239.729004,8.0023e-14
5242.472656,7.9326e-14
5245.21582,7.9276e-14
5247.958984,7.8948e-14
5250.702637,7.9374e-14
5253.445801,7.8349e-14
5256.188965,7.8782e-14
5258.932617,7.8716e-14
5261.675781,7.9078e-14
5264.418945,7.8267e-14
5267.162109,7.8197e-14
5269.905273,7.7688e-14
5272.648438,7.8691e-14
5275.391602,7.8166e-14
5278.134277,7.7134e-14
5280.877441,7.7454e-14
5283.620605,7.6966e-14
5286.363281,7.6694e-14
5289.106445,7.6809e-14
5291.849121,7.7058e-14
5294.592285,7.6137e-14
5297.334961,7.6587e-14
5300.077637,7.6275e-14
5302.820801,7.664e-14
5305.563477,7.6316e-14
5308.306152,7.5975e-14
5311.048828,7.5773e-14
5313.791504,7.5447e-14
5316.53418,7.4861e-14
5319.276855,7.4764e-14
5322.019531,7.5329e-14
5324.761719,7.5509e-14
5327.504395,7.5158e-14
5330.24707,7.5123e-14
5332.989258,7.4651e-14
5335.731934,7.4499e-14
5338.474121,7.4909e-14
5341.216309,7.3816e-14
5343.958984,7.4344e-14
5346.701172,7.5252e-14
5349.443359,7.3867e-14
5352.185547,7.4422e-14
5354.927734,7.2747e-14
5357.669922,7.3247e-14
5360.412109,7.3173e-14
5363.154297,7.3316e-14
5365.896484,7.3608e-14
5368.638184,7.3493e-14
5371.380371,7.1962e-14
5374.122559,7.2032e-14
5376.864258,7.2721e-14
5379.606445,7.2165e-14
5382.348145,7.2039e-14
5385.089844,7.1293e-14
5387.832031,7.3145e-14
5390.57373,7.1784e-14
5393.31543,7.0808e-14
5396.057129,7.0961e-14
5398.798828,7.0895e-14
5401.540527,6.9881e-14
5404.282227,6.9429e-14
5407.023926,6.7765e-14
5409.765137,6.6386e-14
5412.506836,6.5595e-14
5415.248535,6.6354e-14
5417.989746,6.7944e-14
5420.731445,6.8568e-14
5423.472656,6.948e-14
5426.213867,6.9283e-14
5428.955566,6.9808e-14
5431.696777,6.9375e-14
5434.437988,6.923e-14
5437.179199,6.9397e-14
5439.92041,6.8942e-14
5442.661621,6.8633e-14
5445.402832,6.8803e-14
5448.143555,6.8993e-14
5454.143555,6.8383e-14
5459.015137,6.8155e-14
5463.886719,6.8081e-14
5468.758301,6.7711e-14
5473.629883,6.7079e-14
5478.501465,6.6789e-14
5483.373047,6.6649e-14
5488.245117,6.6512e-14
5493.116699,6.6721e-14
5497.98877,6.7276e-14
5502.86084,6.6502e-14
5507.73291,6.5611e-14
5512.60498,6.4929e-14
5517.477051,6.5399e-14
5522.349121,6.5771e-14
5527.22168,6.5725e-14
5532.09375,6.4717e-14
5536.966309,6.4344e-14
5541.838867,6.4198e-14
5546.710938,6.4035e-14
5551.583496,6.4162e-14
5556.456055,6.3562e-14
5561.328613,6.3283e-14
5566.20166,6.2859e-14
5571.074219,6.3225e-14
5575.947266,6.2736e-14
5580.819824,6.2508e-14
5585.692871,6.2314e-14
5590.565918,6.1832e-14
5595.438965,6.1936e-14
5600.312012,6.1941e-14
5605.185059,6.1686e-14
5610.058105,6.1665e-14
5614.931152,6.1017e-14
5619.804688,6.0856e-14
5624.677734,6.0904e-14
5629.55127,6.0517e-14
5634.424805,6.044e-14
5639.297852,6.0503e-14
5644.171387,5.9752e-14
5649.04541,5.9391e-14
5653.918945,5.9473e-14
5658.79248,5.9376e-14
5663.666016,5.9087e-14
5668.540039,5.9184e-14
5673.413574,5.881e-14
5678.287598,5.86e-14
5683.161621,5.8266e-14
5688.035645,5.8584e-14
5692.909668,5.8361e-14
5697.783691,5.8026e-14
5702.657715,5.7498e-14
5707.532227,5.7585e-14
5712.40625,5.7371e-14
5717.280762,5.692e-14
5722.154785,5.694e-14
5727.029297,5.6881e-14
5731.903809,5.6823e-14
5736.77832,5.6325e-14
5741.652832,5.6174e-14
5746.527344,5.6001e-14
5751.401855,5.5901e-14
5756.276367,5.5647e-14
5761.151367,5.5351e-14
5766.025879,5.5464e-14
5770.900879,5.5193e-14
5775.775879,5.51e-14
5780.650879,5.5028e-14
5785.525391,5.4615e-14
5790.400879,5.4062e-14
5795.275879,5.4004e-14
5800.150879,5.3991e-14
5805.025879,5.3546e-14
5809.901367,5.3115e-14
5814.776367,5.3077e-14
5819.651855,5.3509e-14
5824.526855,5.3209e-14
5829.402344,5.3172e-14
5834.277832,5.2871e-14
5839.15332,5.272e-14
5844.028809,5.235e-14
5848.904297,5.2115e-14
5853.780273,5.1944e-14
5858.655762,5.1666e-14
5863.531738,5.1544e-14
5868.407227,5.1213e-14
5873.283203,5.0638e-14
5878.15918,5.0279e-14
5883.035156,5.0919e-14
5887.910645,5.064e-14
5892.787109,5.0625e-14
5897.663086,5.0564e-14
5902.539062,5.0553e-14
5907.415039,5.0507e-14
5912.291504,5.0199e-14
5917.16748,5.034e-14
5922.043945,4.9959e-14
5926.919922,4.9813e-14
5931.796387,4.9947e-14
5936.672852,4.9961e-14
5941.549316,4.9585e-14
5946.425781,4.8763e-14
5951.302246,4.8943e-14
5956.179199,4.9272e-14
5961.055664,4.8843e-14
5965.932129,4.8598e-14
5970.809082,4.8438e-14
5975.685547,4.7959e-14
5980.5625,4.8021e-14
5985.439453,4.7832e-14
5990.316406,4.7776e-14
5995.193359,4.7465e-14
6000.070312,4.7509e-14
6004.947266,4.7198e-14
6009.824219,4.6826e-14
6014.70166,4.6941e-14
6019.578613,4.689e-14
6024.455566,4.6652e-14
6029.333008,4.6819e-14
6034.210449,4.6382e-14
6039.087402,4.6483e-14
6043.964844,4.6487e-14
6048.842285,4.6137e-14
6053.719727,4.574e-14
6058.597168,4.5416e-14
6063.475098,4.5276e-14
6068.352539,4.5675e-14
6073.22998,4.5493e-14
6078.10791,4.5132e-14
6082.985352,4.5271e-14
6087.863281,4.4853e-14
6092.740723,4.4625e-14
6097.618652,4.4451e-14
6102.496582,4.4643e-14
6107.374512,4.4483e-14
6112.252441,4.4121e-14
6117.130371,4.3957e-14
6122.008301,4.3887e-14
6126.886719,4.3823e-14
6131.764648,4.4043e-14
6136.643066,4.3921e-14
6141.520996,4.3482e-14
6146.399414,4.3365e-14
6151.277344,4.33e-14
6156.155762,4.3151e-14
6161.03418,4.2841e-14
6165.912598,4.2957e-14
6170.791016,4.2765e-14
6175.669434,4.2671e-14
6180.547852,4.236e-14
6185.42627,4.2177e-14
6190.305176,4.2118e-14
6195.183594,4.2101e-14
6200.0625,4.2045e-14
6204.940918,4.1874e-14
6209.819824,4.1704e-14
6214.69873,4.145e-14
6219.577148,4.1157e-14
6224.456055,4.121e-14
6229.334961,4.1154e-14
6234.213867,4.1011e-14
6239.093262,4.0734e-14
6243.972168,4.0593e-14
6248.851074,4.0608e-14
6253.72998,4.0529e-14
6258.609375,4.0788e-14
6263.488281,4.0418e-14
6268.367676,3.9985e-14
6273.24707,3.9951e-14
6278.125977,3.9769e-14
6283.005371,3.979e-14
6287.884766,3.9584e-14
6292.76416,3.9693e-14
6297.643555,3.967e-14
6302.522949,3.974e-14
6307.402344,3.9324e-14
6312.281738,3.9184e-14
6317.161621,3.9065e-14
6322.041016,3.8713e-14
6326.920898,3.85e-14
6331.800293,3.8436e-14
6336.680176,3.8284e-14
6341.560059,3.8544e-14
6346.439453,3.8521e-14
6351.319336,3.8397e-14
6356.199219,3.82e-14
6361.079102,3.817e-14
6365.958984,3.7871e-14
6370.838867,3.7512e-14
6375.71875,3.7581e-14
6380.599121,3.7548e-14
6385.479004,3.745e-14
6390.358887,3.7354e-14
6395.239258,3.7143e-14
6400.119141,3.7169e-14
6404.999512,3.6872e-14
6409.879883,3.6795e-14
6414.760254,3.6689e-14
6419.640137,3.6734e-14
6424.520508,3.6866e-14
6429.400879,3.6427e-14
6434.28125,3.6198e-14
6439.161621,3.6065e-14
6444.041992,3.598e-14
6448.922852,3.6022e-14
6453.803223,3.5962e-14
6458.683594,3.5919e-14
6463.564453,3.5759e-14
6468.444824,3.6015e-14
6473.325684,3.548e-14
6478.206543,3.5345e-14
6483.086914,3.5403e-14
6487.967773,3.5573e-14
6492.848633,3.5221e-14
6497.729492,3.4929e-14
6502.610352,3.4707e-14
6507.491211,3.452e-14
6512.37207,3.4444e-14
6517.25293,3.4372e-14
6522.133789,3.4102e-14
6527.014648,3.4048e-14
6531.895996,3.4021e-14
6536.776855,3.3843e-14
6541.658203,3.3375e-14
6546.539062,3.2494e-14
6551.42041,3.1518e-14
6556.30127,3.0122e-14
6561.182617,2.9154e-14
6566.063965,2.8401e-14
6570.945312,2.9558e-14
6575.82666,3.0788e-14
6580.708008,3.1726e-14
6585.589355,3.2309e-14
6590.470703,3.2519e-14
6595.352051,3.2781e-14
6600.233398,3.2795e-14
6605.114746,3.2792e-14
6609.996582,3.286e-14
6614.87793,3.2722e-14
6619.759766,3.2828e-14
6624.641113,3.2907e-14
6629.522949,3.2625e-14
6634.404297,3.2362e-14
6639.286133,3.2244e-14
6644.167969,3.2405e-14
6649.049805,3.2203e-14
6653.931152,3.2016e-14
6658.812988,3.2019e-14
6663.694824,3.1913e-14
6668.57666,3.1723e-14
6673.458496,3.1801e-14
6678.34082,3.1656e-14
6683.222656,3.1608e-14
6688.104492,3.1451e-14
6692.986328,3.1398e-14
6697.868652,3.1163e-14
6702.750488,3.1229e-14
6707.632812,3.1116e-14
6712.514648,3.0853e-14
6717.396973,3.0965e-14
6722.278809,3.0665e-14
6727.161133,3.0494e-14
6732.043457,3.0576e-14
6736.925781,3.059e-14
6741.807617,3.0624e-14
6746.689941,3.0277e-14
6751.572266,3.0299e-14
6756.45459,3.0294e-14
6761.336914,3.0244e-14
6766.219238,2.9943e-14
6771.102051,2.9972e-14
6775.984375,2.9807e-14
6780.866699,2.9739e-14
6785.749023,2.9748e-14
6790.631836,2.9898e-14
6795.51416,2.9668e-14
6800.396973,2.956e-14
6805.279297,2.9593e-14
6810.162109,2.9449e-14
6815.044922,2.9595e-14
6819.927246,2.9223e-14
6824.810059,2.9194e-14
6829.692871,2.9058e-14
6834.575684,2.8916e-14
6839.458008,2.9008e-14
6844.34082,2.8823e-14
6849.223633,2.877e-14
6854.106445,2.8432e-14
6858.989258,2.8341e-14
6863.872559,2.8549e-14
6868.755371,2.8559e-14
6873.638184,2.8449e-14
6878.520996,2.835e-14
6883.403809,2.8104e-14
6888.287109,2.7882e-14
6893.169922,2.7953e-14
6898.053223,2.7918e-14
6902.936035,2.8042e-14
6907.819336,2.7887e-14
6912.702148,2.7703e-14
6917.585449,2.7622e-14
6922.46875,2.7521e-14
6927.351562,2.7633e-14
6932.234863,2.7475e-14
6937.118164,2.7501e-14
6942.001465,2.7396e-14
6946.884766,2.756e-14
6951.768066,2.7084e-14
6956.651367,2.7098e-14
6961.534668,2.7126e-14
6966.417969,2.7226e-14
6971.30127,2.7112e-14
6976.18457,2.697e-14
6981.067871,2.6793e-14
6985.951172,2.6771e-14
6990.834961,2.6635e-14
6995.718262,2.6382e-14
7000.601562,2.6272e-14
7005.485352,2.6323e-14
7010.368652,2.6216e-14
7015.252441,2.6173e-14
7020.135742,2.6255e-14
7025.019531,2.6126e-14
7029.902832,2.612e-14
7034.786621,2.612e-14
7039.67041,2.6137e-14
7044.553711,2.586e-14
7049.4375,2.5824e-14
7054.321289,2.5699e-14
7059.205078,2.5453e-14
7064.088867,2.5329e-14
7068.972168,2.5278e-14
7073.855957,2.5175e-14
7078.739746,2.5499e-14
7083.623535,2.5528e-14
7088.507812,2.5295e-14
7093.391602,2.5166e-14
7098.275391,2.5069e-14
7103.15918,2.5039e-14
7108.042969,2.4967e-14
7112.926758,2.4787e-14
7117.811035,2.4648e-14
7122.694824,2.4804e-14
7127.578613,2.4885e-14
7132.462891,2.4695e-14
7137.34668,2.4576e-14
7142.230957,2.4616e-14
7147.114746,2.4518e-14
7151.999023,2.4256e-14
7156.882812,2.4219e-14
7161.76709,2.4106e-14
7166.650879,2.4022e-14
7171.535156,2.3885e-14
7176.419434,2.3867e-14
7181.303223,2.4007e-14
7186.1875,2.386e-14
7191.071777,2.3809e-14
7195.956055,2.3834e-14
7200.840332,2.3997e-14
7205.724121,2.3694e-14
7210.608398,2.3595e-14
7215.492676,2.3618e-14
7220.376953,2.3502e-14
7225.26123,2.3551e-14
7230.145508,2.3498e-14
7235.029785,2.331e-14
7239.914062,2.3419e-14
7244.798828,2.3292e-14
7249.683105,2.3079e-14
7254.567383,2.2984e-14
7259.45166,2.3214e-14
7264.335938,2.3029e-14
7269.220703,2.279e-14
7274.10498,2.2706e-14
7278.989258,2.2674e-14
7283.874023,2.277e-14
7288.758301,2.2683e-14
7293.642578,2.2644e-14
7298.527344,2.2611e-14
7303.411621,2.2476e-14
7308.296387,2.2364e-14
7313.180664,2.2366e-14
7318.06543,2.2277e-14
7322.949707,2.2204e-14
7327.834473,2.213e-14
7332.71875,2.2224e-14
7337.603516,2.2147e-14
7342.488281,2.2009e-14
7347.372559,2.1973e-14
7352.257324,2.197e-14
7357.14209,2.1897e-14
7362.026855,2.1824e-14
7366.911133,2.1882e-14
7371.795898,2.1837e-14
7376.680664,2.1764e-14
7381.56543,2.1693e-14
7386.450195,2.1738e-14
7391.334961,2.1647e-14
7396.219727,2.1493e-14
7401.104492,2.1487e-14
7405.989258,2.1475e-14
7410.873535,2.1271e-14
7415.758301,2.1235e-14
7420.643555,2.1117e-14
7425.52832,2.1083e-14
7430.413086,2.1164e-14
7435.297852,2.1141e-14
7440.182617,2.1065e-14
7445.067383,2.0961e-14
7449.952148,2.0875e-14
7454.836914,2.0676e-14
7459.72168,2.0706e-14
7464.606934,2.0638e-14
7469.491699,2.0488e-14
7474.376465,2.041e-14
7479.26123,2.0382e-14
7484.146484,2.0378e-14
7489.03125,2.0376e-14
7493.916016,2.0328e-14
7498.80127,2.0175e-14
7503.686035,2.0126e-14
7508.570801,2.0173e-14
7513.456055,2.013e-14
7518.34082,2.0252e-14
7523.225586,2.0108e-14
7528.11084,1.9987e-14
7532.995605,1.9858e-14
7537.880859,1.9815e-14
7542.765625,1.9758e-14
7547.650879,1.9747e-14
7552.535645,1.9798e-14
7557.420898,1.9783e-14
7562.305664,1.9541e-14
7567.190918,1.9402e-14
7572.075684,1.9441e-14
7576.960938,1.9491e-14
7581.846191,1.9411e-14
7586.730957,1.9336e-14
7591.616211,1.9207e-14
7596.500977,1.9131e-14
7601.38623,1.9113e-14
7606.271484,1.897e-14
7611.15625,1.9054e-14
7616.041504,1.9206e-14
7620.926758,1.8975e-14
7625.811523,1.8947e-14
7630.696777,1.8855e-14
7635.582031,1.8802e-14
7640.467285,1.8779e-14
7645.352051,1.8618e-14
7650.237305,1.8773e-14
7655.122559,1.859e-14
7660.007812,1.8581e-14
7664.892578,1.8586e-14
7669.777832,1.8634e-14
7674.663086,1.8541e-14
7679.54834,1.8576e-14
7684.433594,1.8508e-14
7689.318359,1.8298e-14
7694.203613,1.8168e-14
7699.088867,1.8306e-14
7703.974121,1.8416e-14
7708.859375,1.8336e-14
7713.744629,1.8227e-14
7718.629395,1.8194e-14
7723.514648,1.8062e-14
7728.399902,1.8145e-14
7733.285156,1.8004e-14
7738.17041,1.7871e-14
7743.055664,1.7935e-14
7747.940918,1.7876e-14
7752.826172,1.7861e-14
7757.711426,1.7675e-14
7762.59668,1.7733e-14
7767.481445,1.7743e-14
7772.366699,1.7664e-14
7777.251953,1.7677e-14
7782.137207,1.7561e-14
7787.022461,1.752e-14
7791.907715,1.7491e-14
7796.792969,1.7571e-14
7801.678223,1.7505e-14
7806.563477,1.7388e-14
7811.44873,1.7327e-14
7816.333984,1.74e-14
7821.219238,1.7357e-14
7826.104492,1.7386e-14
7830.989746,1.7334e-14
7835.875,1.7205e-14
7840.760254,1.7049e-14
7845.645508,1.7031e-14
7850.530762,1.6945e-14
7855.415527,1.7144e-14
7860.300781,1.698e-14
7865.186035,1.6821e-14
7870.071289,1.6839e-14
7874.956543,1.6745e-14
7879.841797,1.6794e-14
7884.727051,1.6721e-14
7889.612305,1.6744e-14
7894.497559,1.6767e-14
7899.382812,1.6731e-14
7904.268066,1.6616e-14
7909.15332,1.6647e-14
7914.038574,1.6548e-14
7918.923828,1.6534e-14
7923.809082,1.6555e-14
7928.694336,1.6453e-14
7933.57959,1.6349e-14
7938.464844,1.6394e-14
7943.350098,1.6455e-14
7948.234863,1.6351e-14
7953.120117,1.6358e-14
7958.005371,1.6206e-14
7962.890625,1.6018e-14
7967.775879,1.6124e-14
7972.661133,1.6017e-14
7977.546387,1.5969e-14
7982.431641,1.6086e-14
7987.316895,1.6045e-14
7992.20166,1.5889e-14
7997.086914,1.5972e-14
8001.972168,1.6032e-14
8006.857422,1.5949e-14
8011.742676,1.5908e-14
8016.62793,1.6058e-14
8021.513184,1.6228e-14
8026.397949,1.6033e-14
8031.283203,1.578e-14
8036.168457,1.5504e-14
8041.053711,1.5474e-14
8045.938965,1.554e-14
8050.82373,1.5618e-14
8055.708984,1.546e-14
8060.594238,1.5438e-14
8065.479492,1.5514e-14
8070.364258,1.5671e-14
8075.249512,1.5353e-14
8080.134766,1.5355e-14
8085.019531,1.5216e-14
8089.904785,1.5212e-14
8094.790039,1.5239e-14
8099.674805,1.519e-14
8104.560059,1.5014e-14
8109.445312,1.5039e-14
8114.330078,1.5012e-14
8119.215332,1.5257e-14
8124.100586,1.5125e-14
8128.985352,1.5192e-14
8133.870605,1.506e-14
8138.755371,1.5013e-14
8143.640625,1.4887e-14
8148.525391,1.4806e-14
8153.410645,1.4787e-14
8158.295898,1.4776e-14
8163.180664,1.4775e-14
8168.065918,1.4746e-14
8172.950684,1.443e-14
8177.835449,1.449e-14
8182.720703,1.4549e-14
8187.605469,1.4502e-14
8192.490234,1.4397e-14
8197.375977,1.4341e-14
8202.260742,1.4515e-14
8207.145508,1.4513e-14
8212.030273,1.4471e-14
8216.915039,1.4353e-14
8221.799805,1.4265e-14
8226.685547,1.419e-14
8231.570312,1.4078e-14
8236.455078,1.3992e-14
8241.339844,1.4012e-14
8246.224609,1.4117e-14
8251.109375,1.4129e-14
8255.994141,1.4155e-14
8260.878906,1.3935e-14
8265.763672,1.3906e-14
8270.648438,1.3902e-14
8275.533203,1.3985e-14
8280.417969,1.4021e-14
8285.303711,1.3828e-14
8290.188477,1.3835e-14
8295.073242,1.3774e-14
8299.958008,1.3623e-14
8304.842773,1.3706e-14
8309.727539,1.371e-14
8314.611328,1.3692e-14
8319.496094,1.3616e-14
8324.380859,1.3531e-14
8329.265625,1.3625e-14
8334.150391,1.3472e-14
8339.035156,1.3371e-14
8343.919922,1.3392e-14
8348.804688,1.3398e-14
8353.689453,1.3485e-14
8358.574219,1.3343e-14
8363.458008,1.3382e-14
8368.342773,1.3344e-14
8373.227539,1.3438e-14
8378.112305,1.3397e-14
8382.99707,1.3383e-14
8387.881836,1.3359e-14
8392.765625,1.3334e-14
8397.650391,1.3185e-14
8402.535156,1.3201e-14
8407.419922,1.3102e-14
8412.303711,1.3166e-14
8417.188477,1.3236e-14
8422.073242,1.3244e-14
8426.957031,1.3116e-14
8431.841797,1.2964e-14
8436.726562,1.2892e-14
8441.610352,1.2826e-14
8446.495117,1.2843e-14
8451.379883,1.2816e-14
8456.263672,1.278e-14
8461.148438,1.2736e-14
8466.032227,1.2852e-14
8470.916992,1.288e-14
8475.800781,1.2788e-14
8480.685547,1.278e-14
8485.569336,1.2707e-14
8490.454102,1.263e-14
8495.337891,1.2795e-14
8500.222656,1.2731e-14
8505.106445,1.247e-14
8509.991211,1.2444e-14
8514.875,1.2463e-14
8519.759766,1.2399e-14
8524.643555,1.2438e-14
8529.527344,1.2521e-14
8534.412109,1.2579e-14
8539.295898,1.2396e-14
8544.179688,1.2389e-14
8549.064453,1.2192e-14
8553.948242,1.2262e-14
8558.832031,1.2209e-14
8563.71582,1.2202e-14
8568.600586,1.2386e-14
8573.484375,1.2212e-14
8578.368164,1.2053e-14
8583.251953,1.1919e-14
8588.135742,1.1962e-14
8593.020508,1.1973e-14
8597.904297,1.1947e-14
8602.788086,1.1913e-14
8607.671875,1.1902e-14
8612.555664,1.1981e-14
8617.439453,1.2045e-14
8622.323242,1.2057e-14
8627.207031,1.1836e-14
8632.09082,1.1994e-14
8636.974609,1.1741e-14
8641.858398,1.1686e-14
8646.742188,1.1679e-14
8651.625977,1.1726e-14
8656.509766,1.1718e-14
8661.393555,1.1734e-14
8666.277344,1.1831e-14
8671.160156,1.1784e-14
8676.043945,1.158e-14
8680.927734,1.1569e-14
8685.811523,1.162e-14
8690.695312,1.1533e-14
8695.578125,1.1463e-14
8700.461914,1.1462e-14
8705.345703,1.1552e-14
8710.229492,1.1501e-14
8715.112305,1.172e-14
8719.996094,1.1484e-14
8724.879883,1.1353e-14
8729.762695,1.1383e-14
8734.646484,1.1508e-14
8739.529297,1.1293e-14
8744.413086,1.1116e-14
8749.295898,1.1187e-14
8754.179688,1.1185e-14
8759.0625,1.1303e-14
8763.946289,1.1312e-14
8768.829102,1.1275e-14
8773.712891,1.1083e-14
8778.595703,1.1123e-14
8783.478516,1.1181e-14
8788.362305,1.0879e-14
8793.245117,1.1084e-14
8798.12793,1.1193e-14
8803.011719,1.1078e-14
8807.894531,1.1016e-14
8812.777344,1.1147e-14
8817.660156,1.1133e-14
8822.543945,1.0983e-14
8827.426758,1.0947e-14
8832.30957,1.0743e-14
8837.192383,1.0775e-14
8842.075195,1.0974e-14
8846.958008,1.0906e-14
8851.84082,1.0615e-14
8856.723633,1.068e-14
8861.606445,1.0678e-14
8866.489258,1.0666e-14
8871.37207,1.0525e-14
8876.254883,1.0682e-14
8881.137695,1.0781e-14
8886.020508,1.0617e-14
8890.90332,1.0623e-14
8895.786133,1.0468e-14
8900.667969,1.051e-14
8905.550781,1.0521e-14
8910.433594,1.0411e-14
8915.316406,1.06e-14
8920.198242,1.0722e-14
8925.081055,1.0599e-14
8929.963867,1.0437e-14
8934.845703,1.0362e-14
8939.728516,1.0347e-14
8944.610352,1.0358e-14
8949.493164,1.0367e-14
8954.375977,1.0499e-14
8959.257812,1.0581e-14
8964.139648,1.0385e-14
8969.022461,1.0277e-14
8973.904297,1.0225e-14
8978.787109,1.0072e-14
8983.668945,1.0116e-14
8988.550781,1.0107e-14
8993.433594,1.0072e-14
8998.31543,9.9424e-15
9003.197266,1.0011e-14
9008.079102,1.0034e-14
9012.961914,9.8083e-15
9017.84375,1.0077e-14
9022.725586,1.0128e-14
9027.607422,9.9768e-15
9032.489258,9.8654e-15
9037.371094,9.9245e-15
9042.25293,9.9151e-15
9047.134766,9.9543e-15
9052.016602,9.8003e-15
9056.898438,9.8501e-15
9061.780273,9.9302e-15
9066.662109,9.9149e-15
9071.543945,9.947e-15
9076.425781,1.0164e-14
9081.307617,1.014e-14
9086.188477,9.9026e-15
9091.070312,9.9302e-15
9095.952148,9.9119e-15
9100.833008,9.901e-15
9105.714844,9.8698e-15
9110.59668,9.8049e-15
9115.477539,9.8591e-15
9120.359375,9.7044e-15
9125.240234,9.7192e-15
9130.12207,9.7098e-15
9135.00293,9.6262e-15
9139.884766,9.5771e-15
9144.765625,9.5577e-15
9149.647461,9.5913e-15
9154.52832,9.7981e-15
9159.40918,9.7205e-15
9164.290039,9.6778e-15
9169.171875,9.6065e-15
9174.052734,9.4478e-15
9178.933594,9.4316e-15
9183.814453,9.3975e-15
9188.695312,9.5136e-15
9193.577148,9.5379e-15
9198.458008,9.3617e-15
9203.338867,9.1594e-15
9208.219727,9.112e-15
9213.100586,9.1817e-15
9217.981445,9.1582e-15
9222.861328,9.0344e-15
9227.742188,9.0556e-15
9232.623047,9.1475e-15
9237.503906,9.0421e-15
9242.384766,8.9244e-15
9247.264648,8.9888e-15
9252.145508,9.0882e-15
9257.026367,9.1122e-15
9261.90625,8.9807e-15
9266.787109,8.9729e-15
9271.667969,8.9043e-15
9276.547852,8.8983e-15
9281.428711,8.9032e-15
9286.308594,8.9073e-15
9291.189453,8.971e-15
9296.069336,9.1075e-15
9300.949219,9.1311e-15
9305.830078,9.2482e-15
9310.709961,9.0949e-15
9315.589844,9.0496e-15
9320.469727,8.8086e-15
9325.350586,8.7494e-15
9330.230469,8.8587e-15
9335.110352,8.8811e-15
9339.990234,8.8176e-15
9344.870117,8.7493e-15
9349.75,8.8437e-15
9354.629883,8.7119e-15
9359.509766,8.7231e-15
9364.389648,8.5859e-15
9369.269531,8.6167e-15
9374.148438,8.7869e-15
9379.02832,8.6733e-15
9383.908203,8.6369e-15
9388.788086,8.747e-15
9393.666992,8.8263e-15
9398.546875,8.6334e-15
9403.426758,8.7511e-15
9408.305664,8.9088e-15
9413.185547,8.7739e-15
9418.064453,8.6455e-15
9422.944336,8.6619e-15
9427.823242,8.5557e-15
9432.703125,8.5744e-15
9437.582031,8.6635e-15
9442.460938,8.5769e-15
9447.34082,8.5228e-15
9452.219727,8.4433e-15
9457.098633,8.5574e-15
9461.977539,8.3905e-15
9466.856445,8.4043e-15
9471.735352,8.456e-15
9476.614258,8.4639e-15
9481.493164,8.4622e-15
9486.37207,8.3099e-15
9491.250977,8.1803e-15
9496.129883,8.3822e-15
9501.008789,8.2392e-15
9505.887695,8.156e-15
9510.766602,8.1662e-15
9515.644531,8.1415e-15
9520.523438,8.0306e-15
9525.402344,8.0174e-15
9530.280273,8.0011e-15
9535.15918,7.8126e-15
9540.037109,7.6394e-15
9544.916016,7.7384e-15
9549.793945,7.8004e-15
9554.672852,7.7348e-15
9559.550781,7.821e-15
9564.428711,7.9551e-15
9569.307617,7.8591e-15
9574.185547,8.0109e-15
9579.063477,8.1391e-15
9583.941406,7.9805e-15
9588.819336,7.8058e-15
9593.697266,8.1014e-15
9598.575195,8.0442e-15
9603.453125,7.9371e-15
9608.331055,7.8412e-15
9613.208984,7.7815e-15
9618.086914,7.8939e-15
9622.964844,7.8528e-15
9627.842773,7.7185e-15
9632.720703,7.8e-15
9637.597656,7.897e-15
9642.475586,7.9497e-15
9647.353516,7.833e-15
9652.230469,7.7012e-15
9657.108398,7.6828e-15
9661.985352,7.7957e-15
9666.863281,7.7946e-15
9671.740234,7.7145e-15
9676.617188,7.5267e-15
9681.495117,7.6545e-15
9686.37207,7.648e-15
9691.249023,7.6591e-15
9696.125977,7.7989e-15
9701.00293,7.7365e-15
9705.880859,7.8051e-15
9710.757812,7.72e-15
9715.634766,7.5012e-15
9720.511719,7.5453e-15
9725.387695,7.6045e-15
9730.264648,7.6908e-15
9735.141602,7.6813e-15
9740.018555,7.7216e-15
9744.895508,7.5639e-15
9749.771484,7.6112e-15
9754.648438,7.4998e-15
9759.525391,7.4938e-15
9764.401367,7.5842e-15
9769.27832,7.6892e-15
9774.154297,7.5241e-15
9779.03125,7.3691e-15
9783.907227,7.5002e-15
9788.783203,7.489e-15
9793.660156,7.2543e-15
9798.536133,7.2277e-15
9803.412109,7.2572e-15
9808.288086,7.3269e-15
9813.164062,7.4323e-15
9818.040039,7.45e-15
9822.916016,7.394e-15
9827.791992,7.1014e-15
9832.667969,7.0032e-15
9837.543945,7.2042e-15
9842.419922,7.2551e-15
9847.295898,7.2586e-15
9852.170898,7.0516e-15
9857.046875,7.2242e-15
9861.922852,7.2392e-15
9866.797852,7.3688e-15
9871.673828,7.4527e-15
9876.548828,7.3487e-15
9881.424805,7.2789e-15
9886.299805,7.285e-15
9891.174805,7.37e-15
9896.050781,7.2635e-15
9900.925781,7.0411e-15
9905.800781,7.0888e-15
9910.675781,7.0981e-15
9915.550781,6.9494e-15
9920.425781,6.8917e-15
9925.300781,7.0078e-15
9930.175781,6.9837e-15
9935.050781,6.913e-15
9939.925781,6.977e-15
9944.800781,7.0225e-15
9949.674805,7.1115e-15
9954.549805,6.813e-15
9959.424805,6.7537e-15
9964.298828,6.6841e-15
9969.173828,6.9167e-15
9974.047852,6.8343e-15
9978.922852,6.8873e-15
9983.796875,6.7411e-15
9988.671875,6.799e-15
9993.545898,6.825e-15
9998.419922,6.7009e-15
10016.799,6.6148e-15
10044.94,6.4637e-15
10073.079,6.4005e-15
10101.218,6.3894e-15
10129.359,6.4234e-15
10157.498,6.4382e-15
10185.637,6.3927e-15
10213.777,6.3117e-15
10241.916,6.1497e-15
10270.056999999999,6.1349e-15
10298.196,6.1855e-15
10326.335,6.1817e-15
10354.475999999999,6.0963e-15
10382.615,5.9962e-15
10410.755000000001,5.9317e-15
10438.894,5.8466e-15
10467.033,5.7893e-15
10495.174,5.7773e-15
10523.313999999998,5.7781e-15
10551.454,5.7505e-15
10579.593,5.6442e-15
10607.732999999998,5.5043e-15
10635.872,5.4253e-15
10664.012,5.3936e-15
10692.152,5.3143e-15
10720.291,5.236e-15
10748.432,5.2025e-15
10776.571,5.1324e-15
10804.71,5.0218e-15
10832.85,4.9258e-15
10860.989000000001,4.8331e-15
10889.130000000001,4.7731e-15
10917.269,4.6718e-15
10945.408000000001,4.6099e-15
10973.549,4.6267e-15
11001.688,4.6063e-15
11029.828,4.5907e-15
11057.967,4.5896e-15
11086.106,4.5705e-15
11114.247,4.5497e-15
11142.386,4.5024e-15
11170.526,4.4595e-15
11198.666,4.4132e-15
11226.805,4.3693e-15
11254.945000000002,4.3384e-15
11283.085,4.3052e-15
11311.225,4.2552e-15
11339.364000000001,4.177e-15
11367.505,4.1444e-15
11395.644,4.0948e-15
11423.783000000001,4.0521e-15
11451.922999999999,4.0236e-15
11480.062,3.9709e-15
11508.203,3.958e-15
11536.341999999999,3.9739e-15
11564.481,3.9021e-15
11592.622,3.7792e-15
11620.760999999999,3.705e-15
11648.901,3.7078e-15
11677.04,3.7527e-15
11712.714,3.6912e-15
11752.704,3.6539e-15
11792.694,3.5938e-15
11832.685000000001,3.5418e-15
11872.677,3.52e-15
11912.667,3.5611e-15
11952.657,3.5637e-15
11992.646,3.4267e-15
12032.636,3.2755e-15
12072.628,3.215e-15
12112.619,3.1841e-15
12152.609,3.1448e-15
12192.599,3.1232e-15
12232.589,3.1043e-15
12272.578000000001,3.0726e-15
12312.57,3.0286e-15
12352.561,2.9752e-15
12392.551000000001,2.9288e-15
12432.541,2.8865e-15
12472.531,2.8441e-15
12512.521,2.8313e-15
12552.512,2.7969e-15
12592.502999999999,2.7451e-15
12632.493,2.7152e-15
12672.483,2.6762e-15
12712.474,2.6211e-15
12752.463999999998,2.5511e-15
12792.454,2.5103e-15
12832.445,2.47e-15
12872.435,2.4326e-15
12912.425000000001,2.4121e-15
12952.416,2.3893e-15
12992.406,2.3741e-15
13032.395999999999,2.3761e-15
13072.387,2.3909e-15
13112.377,2.3528e-15
13152.367,2.3136e-15
13192.358,2.2839e-15
13232.348,2.2528e-15
13272.338,2.222e-15
13312.329,2.1941e-15
13352.319,2.1578e-15
13392.309,2.1272e-15
13432.3,2.1149e-15
13472.291000000001,2.1027e-15
13512.280999999999,2.0663e-15
13552.271,2.0524e-15
13592.261,2.0316e-15
13632.251,2.0069e-15
13672.241999999998,1.9863e-15
13712.233,1.9669e-15
13752.222999999998,1.944e-15
13792.213,1.9165e-15
13832.203000000001,1.8955e-15
13872.193,1.8778e-15
13912.184000000001,1.8571e-15
13952.175,1.8406e-15
13992.165,1.8259e-15
14032.154999999999,1.7999e-15
14072.146,1.7645e-15
14112.136,1.7432e-15
14152.126,1.7291e-15
14192.117,1.7125e-15
14232.107,1.6955e-15
14272.097,1.6827e-15
14312.088,1.6794e-15
14352.078,1.6635e-15
14392.068,1.6338e-15
14432.06,1.6127e-15
14472.049,1.6141e-15
14512.039,1.6106e-15
14552.031,1.5937e-15
14592.020999999999,1.5768e-15
14632.01,1.5503e-15
14672.002,1.5243e-15
14711.992,1.5113e-15
14751.981,1.4969e-15
14791.973,1.4672e-15
14831.964,1.4485e-15
14871.954,1.4471e-15
14911.944,1.4373e-15
14951.934,1.4171e-15
14991.924,1.4012e-15
15031.915,1.3895e-15
15071.905999999999,1.376e-15
15111.896,1.3624e-15
15151.886,1.3507e-15
15191.876,1.3399e-15
15231.866,1.3368e-15
15271.857,1.3166e-15
15311.847999999998,1.2891e-15
15351.838,1.2802e-15
15391.828000000001,1.2706e-15
15431.818,1.2543e-15
15471.808,1.2398e-15
15511.798999999999,1.2229e-15
15551.79,1.2119e-15
15591.779999999999,1.2024e-15
15631.77,1.1887e-15
15671.761,1.1797e-15
15711.751,1.1704e-15
15751.741,1.1503e-15
15791.732,1.1315e-15
15831.722,1.1228e-15
15871.712,1.1141e-15
15911.703,1.1034e-15
15951.693,1.0916e-15
15991.683,1.0791e-15
16031.674,1.0723e-15
16071.664,1.0625e-15
16111.654,1.0487e-15
16151.644999999999,1.0419e-15
16191.635,1.0356e-15
16231.625,1.0213e-15
16271.616,1.008e-15
16311.606000000002,9.9635e-16
16351.596,9.8421e-16
16391.587,9.7442e-16
16431.578,9.642e-16
16471.568,9.5854e-16
16511.558,9.5405e-16
16551.548,9.4356e-16
16591.538,9.338e-16
16631.529000000002,9.2376e-16
16671.52,9.1363e-16
16711.510000000002,9.0749e-16
16751.5,8.9975e-16
16791.49,8.9268e-16
16831.48,8.8725e-16
16871.471,8.7708e-16
16911.463,8.657e-16
16951.452,8.5704e-16
16991.442000000003,8.4879e-16
17031.434,8.399e-16
17071.424,8.3251e-16
17111.413,8.2523e-16
17151.405,8.1787e-16
17191.395,8.0919e-16
17231.385,8.0081e-16
17271.376,7.9304e-16
17311.365999999998,7.8499e-16
17351.356,7.7531e-16
17391.346999999998,7.6591e-16
17431.337,7.6014e-16
17471.327,7.5336e-16
17511.318,7.5104e-16
17551.308,7.4583e-16
17591.298,7.4378e-16
17631.289,7.3938e-16
17671.279,7.3186e-16
17711.269,7.2548e-16
17751.26,7.2019e-16
17791.251,7.1343e-16
17831.240999999998,7.0782e-16
17871.231,7.0205e-16
17911.220999999998,6.9407e-16
17951.211,6.8629e-16
17991.202,6.7921e-16
18031.193,6.7351e-16
18071.183,6.681e-16
18111.173,6.6202e-16
18151.163,6.5406e-16
18191.153,6.4653e-16
18231.144,6.4268e-16
18271.135000000002,6.3996e-16
18311.125,6.3569e-16
18351.115,6.3032e-16
18391.105,6.2712e-16
18431.095,6.2336e-16
18471.086,6.1782e-16
18511.077,6.0989e-16
18551.067000000003,6.0562e-16
18591.057,6.0221e-16
18631.048,5.9574e-16
18671.038,5.8638e-16
18711.028000000002,5.7669e-16
18751.019,5.7204e-16
18791.009000000002,5.6881e-16
18830.999,5.6819e-16
18870.99,5.6338e-16
18916.492000000002,5.5195e-16
18973.882,5.4346e-16
19031.272,5.3978e-16
19088.66,5.333e-16
19146.05,5.283e-16
19203.440000000002,5.273e-16
19260.829999999998,5.2031e-16
19318.219,5.0967e-16
19375.609,4.9967e-16
19432.999,4.9354e-16
19490.387,4.8772e-16
19547.777,4.8358e-16
19605.166999999998,4.8107e-16
19662.557,4.7895e-16
19719.946,4.7418e-16
19777.335,4.6577e-16
19834.725,4.5698e-16
19892.114,4.5171e-16
19949.504,4.4895e-16
20006.895,4.4342e-16
20064.285000000003,4.363e-16
20121.675,4.3077e-16
20179.064000000002,4.2515e-16
20236.451999999997,4.2168e-16
20293.841,4.1925e-16
20351.231,4.1525e-16
20408.621,4.0927e-16
20466.011000000002,4.0626e-16
20523.4,4.0105e-16
20580.79,3.9405e-16
20638.18,3.9152e-16
20695.57,3.88e-16
20752.959,3.8579e-16
20810.349000000002,3.8264e-16
20867.738999999998,3.7654e-16
20925.128,3.7244e-16
20982.516000000003,3.6828e-16
21039.906,3.638e-16
21097.295,3.6134e-16
21154.685,3.5802e-16
21212.075,3.5191e-16
21269.464,3.4486e-16
21326.854000000003,3.4492e-16
21384.244,3.3955e-16
21441.634000000002,3.3284e-16
21499.023,3.2864e-16
21556.413,3.2633e-16
21613.801000000003,3.2433e-16
21671.19,3.199e-16
21728.58,3.1608e-16
21785.969999999998,3.1447e-16
21843.359,3.1123e-16
21900.749,3.05e-16
21958.139,3.0197e-16
22015.529,3.0243e-16
22072.918,3.0052e-16
22130.307999999997,2.989e-16
22187.698,2.96e-16
22245.088000000003,2.9101e-16
22302.477,2.8908e-16
22359.865,2.873e-16
22417.254,2.8404e-16
22474.644,2.7998e-16
22532.034,2.7673e-16
22589.424,2.7384e-16
22646.813,2.7156e-16
22704.203,2.688e-16
22761.593,2.66e-16
22818.983,2.6329e-16
22876.372,2.6048e-16
22933.762,2.5785e-16
22991.149,2.5532e-16
23048.539,2.5259e-16
23105.929,2.4935e-16
23163.319000000003,2.4698e-16
23220.708000000002,2.4375e-16
23278.097999999998,2.4006e-16
23335.488,2.3673e-16
23392.878,2.3462e-16
23450.267,2.3181e-16
23507.657000000003,2.2951e-16
23565.047,2.2858e-16
23622.437,2.2687e-16
23679.826,2.2541e-16
23737.214,2.2314e-16
23794.603,2.2084e-16
23851.993,2.184e-16
23909.383,2.171e-16
23966.772999999997,2.1525e-16
24024.161999999997,2.1305e-16
24081.552,2.1187e-16
24138.942000000003,2.0928e-16
24196.332,2.0616e-16
24253.721,2.0506e-16
24311.110999999997,2.0398e-16
24368.498,2.0291e-16
24425.888,2.02e-16
24483.278,2.0213e-16
24540.668,2.0143e-16
24598.057,1.9968e-16
24655.447,1.9693e-16
24712.837,1.9481e-16
24770.226000000002,1.9196e-16
24827.615999999998,1.9112e-16
24885.006,1.8993e-16
24942.395999999997,1.9064e-16
24999.785,1.8665e-16
