wave,flux
1140.4879150390625,1.2057e-12
1141.071533,1.2323e-12
1141.655151,1.1526e-12
1142.238892,1.2444e-12
1142.82251,1.2402e-12
1143.406128,1.2423e-12
1143.989868,1.2063e-12
1144.573486,1.1701e-12
1145.157104,1.1529e-12
1145.740845,1.1991e-12
1146.324463,1.1998e-12
1146.908081,1.1912e-12
1147.491821,1.2134e-12
1148.075439,1.1905e-12
1148.659058,1.1702e-12
1149.242676,1.1653e-12
1149.826416,1.134e-12
1150.410034,1.1599e-12
1150.993652,1.1721e-12
1151.577271,1.1658e-12
1152.160889,1.1547e-12
1152.744507,1.1308e-12
1153.328247,1.1695e-12
1153.911865,1.1498e-12
1154.495483,1.1682e-12
1155.079102,1.1636e-12
1155.66272,1.1486e-12
1156.246338,1.1329e-12
1156.829956,1.1214e-12
1157.413574,1.142e-12
1157.997192,1.119e-12
1158.580811,1.1345e-12
1159.164429,1.1279e-12
1159.748047,1.151e-12
1160.331665,1.1729e-12
1160.915283,1.1454e-12
1161.498901,1.1177e-12
1162.08252,1.137e-12
1162.666138,1.1254e-12
1163.249756,1.1041e-12
1163.833374,1.1273e-12
1164.416992,1.1341e-12
1165.00061,1.1227e-12
1165.584229,1.1053e-12
1166.167847,1.1105e-12
1166.751465,1.0885e-12
1167.334961,1.074e-12
1167.918579,1.0936e-12
1168.502197,1.0971e-12
1169.085815,1.0862e-12
1169.669434,1.1027e-12
1170.25293,1.0893e-12
1170.836548,1.0966e-12
1171.420166,1.0932e-12
1172.003784,1.1027e-12
1172.58728,1.0962e-12
1173.170898,1.1031e-12
1173.754517,1.0877e-12
1174.338135,1.0877e-12
1174.921631,1.0906e-12
1175.505249,1.0563e-12
1176.088867,1.0494e-12
1176.672363,1.0741e-12
1177.255981,1.0717e-12
1177.8396,1.0858e-12
1178.423096,1.0837e-12
1179.006714,1.0731e-12
1179.59021,1.0699e-12
1180.173828,1.0621e-12
1180.757324,1.0679e-12
1181.340942,1.0801e-12
1181.924561,1.0739e-12
1182.508057,1.0754e-12
1183.091675,1.0789e-12
1183.675171,1.0548e-12
1184.258789,1.0497e-12
1184.842285,1.0487e-12
1185.425903,1.0362e-12
1186.009399,1.0435e-12
1186.592896,1.0495e-12
1187.176514,1.0372e-12
1187.76001,1.0206e-12
1188.343628,1.0198e-12
1188.927124,1.002e-12
1189.51062,9.8306e-13
1190.094238,9.7645e-13
1190.677734,9.9289e-13
1191.261353,9.9941e-13
1191.844849,9.958e-13
1192.428345,9.9848e-13
1193.011963,9.9407e-13
1193.595459,9.8846e-13
1194.178955,9.8301e-13
1194.762451,9.8272e-13
1195.346069,9.6935e-13
1195.929565,9.8015e-13
1196.513062,9.8308e-13
1197.096558,9.6825e-13
1197.680176,9.3462e-13
1198.263672,9.2513e-13
1198.847168,9.1276e-13
1199.430664,8.7552e-13
1200.01416,8.7193e-13
1200.597656,8.8235e-13
1201.181274,9.1351e-13
1201.764771,9.2922e-13
1202.348267,9.2019e-13
1202.931763,9.0396e-13
1203.515259,9.1923e-13
1204.098755,9.0032e-13
1204.682251,8.8092e-13
1205.265747,8.6749e-13
1205.849243,8.4114e-13
1206.432739,8.2759e-13
1207.016235,8.207e-13
1207.599731,8.1282e-13
1208.183228,7.9929e-13
1208.766724,7.7615e-13
1209.35022,7.4317e-13
1209.933716,7.1428e-13
1210.517212,6.8882e-13
1211.100708,6.4686e-13
1211.684204,6.0274e-13
1212.2677,5.5896e-13
1212.851196,4.9831e-13
1213.434692,4.3349e-13
1214.018066,3.6269e-13
1214.601562,3.0509e-13
1215.185059,2.822e-13
1215.768555,3.0267e-13
1216.352051,3.5662e-13
1216.935547,4.2827e-13
1217.518921,4.986e-13
1218.102417,5.5896e-13
1218.685913,6.0093e-13
1219.269409,6.4798e-13
1219.852783,6.7373e-13
1220.436279,7.0359e-13
1221.019775,7.3075e-13
1221.603271,7.5584e-13
1222.186646,7.745e-13
1222.770142,7.8893e-13
1223.353638,8.097e-13
1223.937012,8.0957e-13
1224.520508,8.255e-13
1225.104004,8.3501e-13
1225.687378,8.4754e-13
1226.270874,8.5712e-13
1226.854248,8.6792e-13
1227.437744,8.7522e-13
1228.02124,8.825e-13
1228.604614,8.8401e-13
1229.18811,8.954e-13
1229.771484,9.0016e-13
1230.35498,8.9663e-13
1230.938354,8.9732e-13
1231.521851,9.0743e-13
1232.105225,9.0324e-13
1232.688721,8.996e-13
1233.272095,8.9621e-13
1233.855591,9.054e-13
1234.438965,8.9514e-13
1235.022339,8.8992e-13
1235.605835,8.7959e-13
1236.189209,8.7528e-13
1236.772705,8.8027e-13
1237.356079,8.7799e-13
1237.939453,8.6938e-13
1238.522949,8.5683e-13
1239.106323,8.6506e-13
1239.689697,8.6622e-13
1240.273193,8.7028e-13
1240.856567,8.6464e-13
1241.439941,8.7205e-13
1242.023438,8.7001e-13
1242.606812,8.6534e-13
1243.190186,8.6272e-13
1243.77356,8.6816e-13
1244.357056,8.7163e-13
1244.94043,8.8262e-13
1245.523804,8.7337e-13
1246.107178,8.7479e-13
1246.690552,8.6523e-13
1247.273926,8.743e-13
1247.857422,8.5522e-13
1248.440796,8.6082e-13
1249.02417,8.6594e-13
1249.607544,8.5903e-13
1250.190918,8.4998e-13
1250.774292,8.5198e-13
1251.357666,8.6263e-13
1251.94104,8.522e-13
1252.524414,8.5596e-13
1253.107788,8.4576e-13
1253.691162,8.5914e-13
1254.274536,8.6096e-13
1254.85791,8.5785e-13
1255.441284,8.4762e-13
1256.024658,8.5996e-13
1256.608032,8.5022e-13
1257.191406,8.5798e-13
1257.77478,8.35e-13
1258.358154,8.4099e-13
1258.941528,8.2277e-13
1259.524902,8.0848e-13
1260.108276,8.0415e-13
1260.69165,8.2827e-13
1261.275024,8.2585e-13
1261.858398,8.4361e-13
1262.44165,8.4001e-13
1263.025024,8.3967e-13
1263.608398,8.4496e-13
1264.191772,8.3509e-13
1264.775146,8.3443e-13
1265.358398,8.3757e-13
1265.941772,8.3447e-13
1266.525146,8.2691e-13
1267.108521,8.3839e-13
1267.691895,8.2908e-13
1268.275146,8.2497e-13
1268.858521,8.3801e-13
1269.441895,8.3249e-13
1270.025146,8.2345e-13
1270.608521,8.2699e-13
1271.191895,8.3635e-13
1271.775146,8.2841e-13
1272.358521,8.2716e-13
1272.941895,8.1718e-13
1273.525146,8.1463e-13
1274.108521,8.2922e-13
1274.691772,8.3237e-13
1275.275146,8.2763e-13
1275.858521,8.2602e-13
1276.441772,8.151e-13
1277.025146,8.1651e-13
1277.608398,8.1143e-13
1278.191772,8.1585e-13
1278.775024,8.1061e-13
1279.358398,8.1279e-13
1279.94165,8.1754e-13
1280.525024,8.1293e-13
1281.108276,8.041e-13
1281.691528,8.1401e-13
1282.274902,8.0987e-13
1282.858154,8.0145e-13
1283.441528,8.0593e-13
1284.02478,8.0501e-13
1284.608154,8.0029e-13
1285.191406,8.0877e-13
1285.774658,8.0589e-13
1286.358032,8.0762e-13
1286.941284,7.956e-13
1287.524536,7.9831e-13
1288.10791,7.9654e-13
1288.691162,7.9949e-13
1289.274414,7.919e-13
1289.857666,7.9169e-13
1290.44104,7.8838e-13
1291.024292,7.8461e-13
1291.607544,7.852e-13
1292.190796,7.795e-13
1292.77417,7.8596e-13
1293.357422,7.8398e-13
1293.940674,7.7513e-13
1294.523926,7.7959e-13
1295.107178,7.6871e-13
1295.69043,7.6857e-13
1296.273804,7.6975e-13
1296.857056,7.8177e-13
1297.440308,7.6403e-13
1298.02356,7.7422e-13
1298.606812,7.6696e-13
1299.190063,7.6016e-13
1299.773315,7.6451e-13
1300.356567,7.6158e-13
1300.939819,7.4679e-13
1301.523071,7.3708e-13
1302.106323,7.3199e-13
1302.689575,7.4791e-13
1303.272827,7.4146e-13
1303.856079,7.4498e-13
1304.439331,7.4594e-13
1305.022583,7.6064e-13
1305.605835,7.6163e-13
1306.189087,7.6272e-13
1306.772339,7.5156e-13
1307.355591,7.6489e-13
1307.938843,7.5739e-13
1308.522095,7.6068e-13
1309.105225,7.4827e-13
1309.688477,7.5513e-13
1310.271729,7.4396e-13
1310.85498,7.4648e-13
1311.438232,7.4223e-13
1312.021484,7.3862e-13
1312.604614,7.4242e-13
1313.187866,7.4881e-13
1313.771118,7.4329e-13
1314.35437,7.3811e-13
1314.9375,7.3845e-13
1315.520752,7.4578e-13
1316.104004,7.3759e-13
1316.687256,7.418e-13
1317.270386,7.3759e-13
1317.853638,7.4073e-13
1318.43689,7.3965e-13
1319.02002,7.3723e-13
1319.603271,7.4128e-13
1320.186401,7.4024e-13
1320.769653,7.2409e-13
1321.352905,7.2255e-13
1321.936035,7.2954e-13
1322.519287,7.3146e-13
1323.102417,7.1628e-13
1323.685669,7.2067e-13
1324.268921,7.1834e-13
1324.852051,7.2763e-13
1325.435303,7.1248e-13
1326.018433,7.151e-13
1326.601685,7.1195e-13
1327.184814,7.1682e-13
1327.768066,7.2046e-13
1328.351196,7.0938e-13
1328.934326,7.1524e-13
1329.517578,7.0434e-13
1330.100708,7.1417e-13
1330.68396,7.0584e-13
1331.26709,7.0579e-13
1331.850342,7.0051e-13
1332.433472,6.9682e-13
1333.016602,6.8851e-13
1333.599854,6.6951e-13
1334.182983,6.6576e-13
1334.766113,6.6916e-13
1335.349365,6.8489e-13
1335.932495,6.952e-13
1336.515625,6.9237e-13
1337.098755,6.9294e-13
1337.682007,7.0412e-13
1338.265137,6.9421e-13
1338.848267,6.957e-13
1339.431396,6.9699e-13
1340.014648,6.8552e-13
1340.597778,6.9004e-13
1341.180908,6.927e-13
1341.764038,6.9117e-13
1342.347168,6.8496e-13
1342.93042,6.9374e-13
1343.51355,6.7691e-13
1344.09668,6.8611e-13
1344.67981,6.9828e-13
1345.262939,6.9201e-13
1345.846069,6.934e-13
1346.429199,6.9197e-13
1347.012329,6.9827e-13
1347.595459,6.8605e-13
1348.178589,6.9031e-13
1348.761719,6.7804e-13
1349.344849,6.7702e-13
1349.927979,6.7666e-13
1350.511108,6.7447e-13
1351.094238,6.799e-13
1351.677368,6.7369e-13
1352.260498,6.7348e-13
1352.843628,6.6794e-13
1353.426758,6.6807e-13
1354.009888,6.7115e-13
1354.593018,6.7023e-13
1355.176147,6.7625e-13
1355.759277,6.6743e-13
1356.342407,6.6739e-13
1356.925537,6.6107e-13
1357.508545,6.6762e-13
1358.091675,6.7319e-13
1358.674805,6.5917e-13
1359.257935,6.5623e-13
1359.841064,6.6136e-13
1360.424072,6.6106e-13
1361.007202,6.5547e-13
1361.590332,6.6449e-13
1362.173462,6.6578e-13
1362.75647,6.569e-13
1363.3396,6.4694e-13
1363.922729,6.5549e-13
1364.505859,6.5538e-13
1365.088867,6.5551e-13
1365.671997,6.5806e-13
1366.255127,6.5121e-13
1366.838135,6.5842e-13
1367.421265,6.5875e-13
1368.004395,6.5517e-13
1368.587402,6.4982e-13
1369.170532,6.4928e-13
1369.75354,6.5344e-13
1370.33667,6.5095e-13
1370.919678,6.4054e-13
1371.502808,6.4642e-13
1372.085938,6.4586e-13
1372.668945,6.4377e-13
1373.252075,6.3656e-13
1373.835083,6.3357e-13
1374.418213,6.4032e-13
1375.001221,6.398e-13
1375.584351,6.3216e-13
1376.167358,6.3123e-13
1376.750366,6.278e-13
1377.333496,6.2785e-13
1377.916504,6.2823e-13
1378.499634,6.2576e-13
1379.082642,6.2767e-13
1379.665649,6.2783e-13
1380.248779,6.2886e-13
1380.831787,6.2393e-13
1381.414917,6.2246e-13
1381.997925,6.25e-13
1382.580933,6.189e-13
1383.164062,6.2673e-13
1383.74707,6.1657e-13
1384.330078,6.2292e-13
1384.913086,6.2095e-13
1385.496216,6.2585e-13
1386.079224,6.1425e-13
1386.662231,6.1447e-13
1387.245239,6.1633e-13
1387.828369,6.263e-13
1388.411377,6.1661e-13
1388.994385,6.2675e-13
1389.577393,6.2637e-13
1390.1604,6.2123e-13
1390.743408,6.1638e-13
1391.326538,6.1602e-13
1391.909546,6.1476e-13
1392.492554,5.9926e-13
1393.075562,6.0011e-13
1393.658569,6.0317e-13
1394.241577,6.0241e-13
1394.824585,6.1369e-13
1395.407593,6.103e-13
1395.990601,6.1008e-13
1396.573608,6.1031e-13
1397.156616,6.0913e-13
1397.739624,6.0729e-13
1398.322632,6.0556e-13
1398.90564,6.0054e-13
1399.488647,5.939e-13
1400.071655,5.9113e-13
1400.654663,5.8632e-13
1401.237671,5.9428e-13
1401.820679,5.9008e-13
1402.403687,5.797e-13
1402.986694,5.7851e-13
1403.569702,5.879e-13
1404.152588,5.9064e-13
1404.735596,5.8475e-13
1405.318604,5.8804e-13
1405.901611,5.7739e-13
1406.484619,5.8063e-13
1407.067627,5.8999e-13
1407.650513,5.8541e-13
1408.233521,5.7527e-13
1408.816528,5.7974e-13
1409.399536,5.8145e-13
1409.982422,5.7505e-13
1410.56543,5.8273e-13
1411.148438,5.7428e-13
1411.731445,5.7849e-13
1412.314331,5.919e-13
1412.897339,5.8927e-13
1413.480347,5.8421e-13
1414.063232,5.8118e-13
1414.64624,5.8496e-13
1415.229248,5.8689e-13
1415.812134,5.8266e-13
1416.395142,5.7849e-13
1416.978027,5.7728e-13
1417.561035,5.7865e-13
1418.144043,5.8299e-13
1418.726929,5.813e-13
1419.309937,5.7223e-13
1419.892822,5.7938e-13
1420.47583,5.7836e-13
1421.058716,5.7356e-13
1421.641724,5.726e-13
1422.224609,5.7963e-13
1422.807617,5.738e-13
1423.390503,5.726e-13
1423.973511,5.7595e-13
1424.556396,5.6182e-13
1425.139282,5.7024e-13
1425.72229,5.6786e-13
1426.305176,5.6265e-13
1426.888184,5.5775e-13
1427.471069,5.6969e-13
1428.053955,5.6179e-13
1428.636963,5.5525e-13
1429.219849,5.5123e-13
1429.802734,5.5865e-13
1430.385742,5.5333e-13
1430.968628,5.4882e-13
1431.551514,5.4509e-13
1432.134521,5.5045e-13
1432.717407,5.4775e-13
1433.300293,5.5242e-13
1433.883179,5.5668e-13
1434.466187,5.5105e-13
1435.049072,5.5114e-13
1435.631958,5.5277e-13
1436.214844,5.5317e-13
1436.797729,5.444e-13
1437.380737,5.495e-13
1437.963623,5.4291e-13
1438.546509,5.4923e-13
1439.129395,5.5026e-13
1439.71228,5.4802e-13
1440.295166,5.5141e-13
1440.878052,5.4025e-13
1441.460938,5.4445e-13
1442.043823,5.4177e-13
1442.626709,5.4457e-13
1443.209717,5.4204e-13
1443.792603,5.3608e-13
1444.375488,5.4338e-13
1444.958374,5.4108e-13
1445.54126,5.4445e-13
1446.124146,5.3629e-13
1446.707031,5.3447e-13
1447.289917,5.4098e-13
1447.872681,5.3633e-13
1448.455566,5.3328e-13
1449.038452,5.361e-13
1449.621338,5.3586e-13
1450.204224,5.2714e-13
1450.787109,5.2538e-13
1451.369995,5.229e-13
1451.952881,5.2885e-13
1452.535767,5.3051e-13
1453.11853,5.2853e-13
1453.701416,5.1907e-13
1454.284302,5.2558e-13
1454.867188,5.2411e-13
1455.450073,5.1816e-13
1456.032837,5.1757e-13
1456.615723,5.2144e-13
1457.198608,5.3125e-13
1457.781494,5.3097e-13
1458.364258,5.3189e-13
1458.947144,5.3254e-13
1459.530029,5.2852e-13
1460.112915,5.2071e-13
1460.695679,5.2131e-13
1461.278564,5.1689e-13
1461.86145,5.1647e-13
1462.444214,5.1363e-13
1463.0271,5.2355e-13
1463.609863,5.1665e-13
1464.192749,5.2258e-13
1464.775635,5.1452e-13
1465.358398,5.0852e-13
1465.941284,5.1177e-13
1466.524048,5.1525e-13
1467.106934,5.1478e-13
1467.689697,5.1377e-13
1468.272583,5.1741e-13
1468.855347,5.1461e-13
1469.438232,5.0358e-13
1470.020996,5.1161e-13
1470.603882,5.1005e-13
1471.186646,5.0826e-13
1471.769531,5.0225e-13
1472.352295,4.9822e-13
1472.935181,5.0839e-13
1473.517944,4.9689e-13
1474.100708,5.0319e-13
1474.683594,4.8999e-13
1475.266357,4.944e-13
1475.849243,4.9389e-13
1476.432007,4.9534e-13
1477.014771,4.9445e-13
1477.597656,4.9794e-13
1478.18042,4.9433e-13
1478.763184,4.995e-13
1479.345947,4.9777e-13
1479.928833,4.9982e-13
1480.511597,5.0276e-13
1481.09436,4.9678e-13
1481.677124,4.9857e-13
1482.26001,4.8997e-13
1482.842773,4.9187e-13
1483.425537,4.9789e-13
1484.008301,4.9193e-13
1484.591064,4.9648e-13
1485.17395,5.0206e-13
1485.756714,4.9017e-13
1486.339478,4.8807e-13
1486.922241,4.9652e-13
1487.505005,4.866e-13
1488.087769,4.8704e-13
1488.670532,4.9168e-13
1489.253296,4.8956e-13
1489.83606,4.8503e-13
1490.418945,4.9488e-13
1491.001709,4.8349e-13
1491.584473,4.8303e-13
1492.167236,4.8786e-13
1492.75,4.7848e-13
1493.332764,4.7853e-13
1493.915527,4.8347e-13
1494.498291,4.8198e-13
1495.081055,4.8063e-13
1495.663696,4.7984e-13
1496.24646,4.8918e-13
1496.829224,4.8938e-13
1497.411987,4.8315e-13
1497.994751,4.7317e-13
1498.577515,4.7444e-13
1499.160278,4.8419e-13
1499.743042,4.8368e-13
1500.325806,4.8384e-13
1500.908447,4.8198e-13
1501.491211,4.7517e-13
1502.073975,4.776e-13
1502.656738,4.8385e-13
1503.239502,4.7027e-13
1503.822144,4.7713e-13
1504.404907,4.5549e-13
1504.987671,4.6703e-13
1505.570435,4.5956e-13
1506.153076,4.6302e-13
1506.73584,4.6134e-13
1507.318604,4.7571e-13
1507.901245,4.717e-13
1508.484009,4.7709e-13
1509.066772,4.6975e-13
1509.649414,4.7115e-13
1510.232178,4.5842e-13
1510.814941,4.6209e-13
1511.397583,4.6655e-13
1511.980347,4.6859e-13
1512.56311,4.6603e-13
1513.145752,4.6745e-13
1513.728516,4.6897e-13
1514.311157,4.5866e-13
1514.893921,4.6358e-13
1515.476562,4.6205e-13
1516.059326,4.5225e-13
1516.641968,4.573e-13
1517.224731,4.5759e-13
1517.807373,4.5332e-13
1518.390137,4.6188e-13
1518.972778,4.5813e-13
1519.555542,4.4813e-13
1520.138184,4.4432e-13
1520.720825,4.5259e-13
1521.303589,4.5512e-13
1521.88623,4.5983e-13
1522.468994,4.5177e-13
1523.051636,4.6329e-13
1523.634277,4.5726e-13
1524.217041,4.4689e-13
1524.799683,4.525e-13
1525.382324,4.4216e-13
1525.965088,4.3033e-13
1526.547729,4.2688e-13
1527.130371,4.3681e-13
1527.713135,4.4575e-13
1528.295776,4.4532e-13
1528.878418,4.4508e-13
1529.46106,4.4615e-13
1530.043701,4.423e-13
1530.626465,4.4919e-13
1531.209106,4.4279e-13
1531.791748,4.3799e-13
1532.37439,4.4308e-13
1532.957031,4.4347e-13
1533.539795,4.4337e-13
1534.122437,4.437e-13
1534.705078,4.4351e-13
1535.28772,4.3649e-13
1535.870361,4.3442e-13
1536.453003,4.4502e-13
1537.035645,4.4184e-13
1537.618286,4.4628e-13
1538.200928,4.3992e-13
1538.783569,4.3135e-13
1539.366211,4.4343e-13
1539.948853,4.3508e-13
1540.531494,4.3192e-13
1541.114136,4.3213e-13
1541.696777,4.2957e-13
1542.279419,4.2844e-13
1542.862061,4.2756e-13
1543.444702,4.3103e-13
1544.027344,4.3196e-13
1544.609985,4.3073e-13
1545.192627,4.3103e-13
1545.775269,4.3704e-13
1546.35791,4.3222e-13
1546.940552,4.3091e-13
1547.523071,4.1472e-13
1548.105713,4.1618e-13
1548.688354,4.2924e-13
1549.270996,4.1799e-13
1549.853638,4.1835e-13
1550.436279,4.166e-13
1551.018799,4.1727e-13
1551.60144,4.2343e-13
1552.184082,4.2473e-13
1552.766724,4.2221e-13
1553.349243,4.1844e-13
1553.931885,4.174e-13
1554.514526,4.3065e-13
1555.097046,4.2243e-13
1555.679688,4.2156e-13
1556.262329,4.2955e-13
1556.844849,4.1976e-13
1557.42749,4.1985e-13
1558.010132,4.2374e-13
1558.592651,4.1693e-13
1559.175293,4.1955e-13
1559.757935,4.1049e-13
1560.340454,4.2326e-13
1560.923096,4.1989e-13
1561.505615,4.2124e-13
1562.088257,4.132e-13
1562.670776,4.2064e-13
1563.253418,4.2685e-13
1563.835938,4.1593e-13
1564.418579,4.1019e-13
1565.001099,4.1142e-13
1565.58374,4.115e-13
1566.16626,4.0697e-13
1566.748901,4.1114e-13
1567.331421,4.01e-13
1567.914062,4.0727e-13
1568.496582,4.0493e-13
1569.079102,4.0936e-13
1569.661743,4.0306e-13
1570.244263,4.0499e-13
1570.826904,4.0995e-13
1571.409424,4.1019e-13
1571.991943,4.0235e-13
1572.574585,4.1146e-13
1573.157104,4.0267e-13
1573.739624,4.0113e-13
1574.322266,4.0508e-13
1574.904785,4.0736e-13
1575.487305,4.0325e-13
1576.069824,4.0261e-13
1576.652466,4.0983e-13
1577.234985,4.1141e-13
1577.817505,4.0735e-13
1578.400024,3.9258e-13
1578.982544,4.0426e-13
1579.565186,3.9781e-13
1580.147705,4.0164e-13
1580.730225,3.9812e-13
1581.312744,4.0512e-13
1581.895264,3.9302e-13
1582.477783,4.1111e-13
1583.060303,4.0179e-13
1583.642944,3.9831e-13
1584.225464,3.9375e-13
1584.807983,3.9286e-13
1585.390503,3.884e-13
1585.973022,3.8946e-13
1586.555542,3.8897e-13
1587.138062,3.9522e-13
1587.720581,3.9512e-13
1588.303101,3.8922e-13
1588.88562,3.91e-13
1589.46814,3.9219e-13
1590.050659,3.9822e-13
1590.633179,3.8778e-13
1591.215698,3.944e-13
1591.798218,3.8645e-13
1592.380737,3.8765e-13
1592.963135,3.8827e-13
1593.545654,3.9446e-13
1594.128174,3.8878e-13
1594.710693,3.8975e-13
1595.293213,3.9398e-13
1595.875732,3.8345e-13
1596.458252,3.9214e-13
1597.040649,3.9417e-13
1597.623169,3.9372e-13
1598.205688,3.9388e-13
1598.788208,3.8838e-13
1599.370728,3.9017e-13
1599.953125,3.909e-13
1600.535645,3.7965e-13
1601.118164,3.8136e-13
1601.700684,3.8216e-13
1602.283081,3.8381e-13
1602.865601,3.7856e-13
1603.44812,3.7677e-13
1604.030518,3.8685e-13
1604.613037,3.7537e-13
1605.195557,3.8391e-13
1605.777954,3.7718e-13
1606.360474,3.8511e-13
1606.942871,3.7993e-13
1607.525391,3.7261e-13
1608.10791,3.6743e-13
1608.690308,3.7688e-13
1609.272827,3.7345e-13
1609.855225,3.7008e-13
1610.437744,3.7214e-13
1611.020142,3.6846e-13
1611.602661,3.6358e-13
1612.185059,3.7159e-13
1612.767578,3.6746e-13
1613.349976,3.6448e-13
1613.932495,3.7465e-13
1614.514893,3.6881e-13
1615.097412,3.6841e-13
1615.67981,3.7501e-13
1616.262207,3.6551e-13
1616.844727,3.7778e-13
1617.427124,3.6621e-13
1618.009644,3.5972e-13
1618.592041,3.6176e-13
1619.174438,3.5959e-13
1619.756958,3.5377e-13
1620.339355,3.6466e-13
1620.921753,3.4975e-13
1621.504272,3.5101e-13
1622.08667,3.5203e-13
1622.669067,3.4506e-13
1623.251465,3.4229e-13
1623.833984,3.4706e-13
1624.416382,3.4442e-13
1624.998779,3.3844e-13
1625.581177,3.4298e-13
1626.163696,3.4179e-13
1626.746094,3.3721e-13
1627.328491,3.3748e-13
1627.910889,3.3563e-13
1628.493286,3.3879e-13
1629.075684,3.2823e-13
1629.658203,3.293e-13
1630.240601,3.2045e-13
1630.822998,3.1617e-13
1631.405396,3.2232e-13
1631.987793,3.1651e-13
1632.57019,3.1144e-13
1633.152588,3.0335e-13
1633.734985,3.0254e-13
1634.317383,2.9682e-13
1634.89978,2.8854e-13
1635.482178,2.8066e-13
1636.064575,2.7478e-13
1636.646973,2.7245e-13
1637.22937,2.6884e-13
1637.811768,2.5272e-13
1638.394165,2.4335e-13
1638.976562,2.297e-13
1639.55896,2.2257e-13
1640.141357,2.0637e-13
1640.723755,2.1967e-13
1641.306152,2.3181e-13
1641.88855,2.3935e-13
1642.470825,2.5083e-13
1643.053223,2.5738e-13
1643.63562,2.7002e-13
1644.218018,2.7287e-13
1644.800415,2.8073e-13
1645.382812,2.8724e-13
1645.965088,2.9699e-13
1646.547485,2.9017e-13
1647.129883,2.9575e-13
1647.71228,3.0477e-13
1648.294556,3.039e-13
1648.876953,3.0683e-13
1649.459351,3.1165e-13
1650.041748,3.0927e-13
1650.624023,3.1141e-13
1651.206421,3.1772e-13
1651.788818,3.1767e-13
1652.371094,3.138e-13
1652.953491,3.2761e-13
1653.535767,3.2173e-13
1654.118164,3.2553e-13
1654.700562,3.2271e-13
1655.282837,3.2635e-13
1655.865234,3.3737e-13
1656.44751,3.3119e-13
1657.029907,3.2821e-13
1657.612305,3.3197e-13
1658.19458,3.2193e-13
1658.776978,3.367e-13
1659.359253,3.3286e-13
1659.94165,3.2941e-13
1660.523926,3.2798e-13
1661.106323,3.2664e-13
1661.688599,3.2548e-13
1662.270874,3.3932e-13
1662.853271,3.4096e-13
1663.435547,3.2845e-13
1664.017944,3.2547e-13
1664.60022,3.3733e-13
1665.182617,3.3988e-13
1665.764893,3.344e-13
1666.347168,3.4547e-13
1666.929565,3.3416e-13
1667.511841,3.3427e-13
1668.094116,3.4191e-13
1668.676514,3.3587e-13
1669.258789,3.3338e-13
1669.841064,3.1871e-13
1670.42334,3.1297e-13
1671.005737,3.3145e-13
1671.588013,3.3794e-13
1672.170288,3.2247e-13
1672.752563,3.3024e-13
1673.334961,3.3117e-13
1673.917236,3.2522e-13
1674.499512,3.2653e-13
1675.081787,3.3868e-13
1675.664062,3.2348e-13
1676.24646,3.2185e-13
1676.828735,3.2845e-13
1677.411011,3.2842e-13
1677.993286,3.1614e-13
1678.776733,3.3135e-13
1680.320679,3.2895e-13
1681.864746,3.2741e-13
1683.408813,3.2675e-13
1684.952759,3.2815e-13
1686.496826,3.241e-13
1688.040894,3.2508e-13
1689.584961,3.2599e-13
1691.129028,3.2904e-13
1692.673096,3.2115e-13
1694.217285,3.2442e-13
1695.761353,3.1927e-13
1697.30542,3.1923e-13
1698.849609,3.214e-13
1700.393677,3.143e-13
1701.937866,3.1455e-13
1703.482056,3.1796e-13
1705.026123,3.1825e-13
1706.570312,3.1675e-13
1708.114502,3.1279e-13
1709.658691,3.1091e-13
1711.202881,3.1028e-13
1712.74707,3.1435e-13
1714.29126,3.1042e-13
1715.835571,3.0957e-13
1717.379761,3.0815e-13
1718.92395,3.023e-13
1720.468262,3.0146e-13
1722.012451,3.0216e-13
1723.556763,3.0343e-13
1725.101074,2.9998e-13
1726.645264,2.9971e-13
1728.189575,3.0065e-13
1729.733887,3.0024e-13
1731.278198,3.0134e-13
1732.82251,3.0318e-13
1734.366821,2.9742e-13
1735.911255,2.9532e-13
1737.455566,2.9906e-13
1738.999878,2.9765e-13
1740.544312,2.9647e-13
1742.088623,2.9727e-13
1743.633057,2.9197e-13
1745.177368,2.9417e-13
1746.721802,2.9221e-13
1748.266235,2.93e-13
1749.810669,2.9077e-13
1751.355103,2.8458e-13
1752.899536,2.85e-13
1754.44397,2.8515e-13
1755.988403,2.8718e-13
1757.532837,2.8303e-13
1759.077393,2.8081e-13
1760.621826,2.8087e-13
1762.166382,2.8201e-13
1763.710815,2.8181e-13
1765.255371,2.7981e-13
1766.799805,2.812e-13
1768.34436,2.7449e-13
1769.888916,2.7451e-13
1771.433472,2.7804e-13
1772.978027,2.7658e-13
1774.522583,2.7765e-13
1776.067139,2.766e-13
1777.611694,2.751e-13
1779.15625,2.7527e-13
1780.700928,2.7574e-13
1782.245483,2.7009e-13
1783.790161,2.6892e-13
1785.334717,2.7074e-13
1786.879395,2.7112e-13
1788.424072,2.704e-13
1789.968628,2.7149e-13
1791.513306,2.6662e-13
1793.057983,2.6259e-13
1794.602661,2.6301e-13
1796.147339,2.648e-13
1797.692139,2.6231e-13
1799.236816,2.6445e-13
1800.781494,2.6085e-13
1802.326172,2.6065e-13
1803.870972,2.6112e-13
1805.415649,2.5971e-13
1806.960449,2.5686e-13
1808.505249,2.5791e-13
1810.049927,2.5845e-13
1811.594727,2.566e-13
1813.139526,2.5954e-13
1814.684326,2.5621e-13
1816.229126,2.5654e-13
1817.773926,2.5292e-13
1819.318726,2.5173e-13
1820.863647,2.5155e-13
1822.408447,2.5054e-13
1823.953247,2.5024e-13
1825.498169,2.5346e-13
1827.043091,2.5024e-13
1828.587891,2.5193e-13
1830.132812,2.518e-13
1831.677734,2.4812e-13
1833.222534,2.4664e-13
1834.767456,2.4356e-13
1836.312378,2.4496e-13
1837.8573,2.4442e-13
1839.402344,2.4577e-13
1840.947266,2.4339e-13
1842.492188,2.4101e-13
1844.037109,2.4307e-13
1845.582153,2.4308e-13
1847.127075,2.4258e-13
1848.672119,2.3952e-13
1850.217163,2.3862e-13
1851.762085,2.4255e-13
1853.307129,2.3765e-13
1854.852173,2.3758e-13
1856.397217,2.3749e-13
1857.942261,2.3617e-13
1859.487305,2.3596e-13
1861.032349,2.3289e-13
1862.577515,2.3208e-13
1864.122559,2.3374e-13
1865.667603,2.3375e-13
1867.212769,2.3379e-13
1868.757812,2.3014e-13
1870.302979,2.2951e-13
1871.848145,2.2913e-13
1873.393188,2.2859e-13
1874.938354,2.2783e-13
1876.483521,2.2594e-13
1878.028687,2.2738e-13
1879.573853,2.269e-13
1881.119019,2.2498e-13
1882.664307,2.2572e-13
1884.209473,2.2569e-13
1885.754639,2.2539e-13
1887.299927,2.2221e-13
1888.845093,2.186e-13
1890.390381,2.2137e-13
1891.935547,2.1887e-13
1893.480835,2.1935e-13
1895.026123,2.1994e-13
1896.571411,2.1916e-13
1898.116699,2.1777e-13
1899.661987,2.1821e-13
1901.207275,2.1917e-13
1902.752563,2.1822e-13
1904.297852,2.1963e-13
1905.843262,2.1476e-13
1907.38855,2.1627e-13
1908.933838,2.1603e-13
1910.479248,2.1584e-13
1912.024658,2.1508e-13
1913.569946,2.12e-13
1915.115356,2.1175e-13
1916.660767,2.115e-13
1918.206177,2.1316e-13
1919.751587,2.0899e-13
1921.296997,2.0887e-13
1922.842407,2.1079e-13
1924.387817,2.0892e-13
1925.933228,2.0996e-13
1927.47876,2.088e-13
1929.02417,2.0645e-13
1930.569702,2.0635e-13
1932.115112,2.0542e-13
1933.660645,2.0312e-13
1935.206177,2.0392e-13
1936.751587,2.0453e-13
1938.297119,2.0137e-13
1939.842651,2.0402e-13
1941.388184,2.035e-13
1942.933716,2.0179e-13
1944.479248,1.9853e-13
1946.024902,1.9947e-13
1947.570435,2.0022e-13
1949.115967,1.9991e-13
1950.661621,2.0016e-13
1952.207153,1.9884e-13
1953.752808,1.9776e-13
1955.29834,1.9681e-13
1956.843994,1.9621e-13
1958.389648,1.9664e-13
1959.935303,1.9413e-13
1961.480957,1.9537e-13
1963.026611,1.9555e-13
1964.572266,1.9555e-13
1966.11792,1.9272e-13
1967.663696,1.9434e-13
1969.209351,1.9427e-13
1970.755005,1.9124e-13
1972.300781,1.9221e-13
1973.846436,1.9224e-13
1975.392212,1.9161e-13
1976.937988,1.8974e-13
1978.483643,1.8879e-13
1980.029419,1.8964e-13
1981.575195,1.8857e-13
1983.120972,1.8773e-13
1984.666748,1.8562e-13
1986.212524,1.8511e-13
1987.758423,1.8611e-13
1989.304199,1.8563e-13
1990.849976,1.852e-13
1992.395874,1.833e-13
1993.94165,1.8205e-13
1995.487549,1.8281e-13
1997.033447,1.8278e-13
1998.579224,1.8249e-13
2000.125122,1.8116e-13
2001.671021,1.8146e-13
2003.216919,1.808e-13
2004.762817,1.8245e-13
2006.308716,1.809e-13
2007.854614,1.7885e-13
2009.400513,1.7797e-13
2010.946533,1.7687e-13
2012.492432,1.7598e-13
2014.038452,1.7652e-13
2015.584351,1.7728e-13
2017.130371,1.7587e-13
2018.676392,1.7372e-13
2020.22229,1.7321e-13
2021.768311,1.7265e-13
2023.314331,1.7356e-13
2024.860352,1.735e-13
2026.406372,1.7283e-13
2027.952393,1.7164e-13
2029.498413,1.7152e-13
2031.044556,1.716e-13
2032.590576,1.7278e-13
2034.136719,1.7015e-13
2035.682739,1.697e-13
2037.228882,1.6923e-13
2038.774902,1.7121e-13
2040.321045,1.7061e-13
2041.867188,1.691e-13
2043.41333,1.7063e-13
2044.959473,1.6797e-13
2046.505615,1.6682e-13
2048.051758,1.6598e-13
2049.5979,1.6749e-13
2051.144043,1.6656e-13
2052.690186,1.6474e-13
2054.236328,1.6601e-13
2055.782715,1.6612e-13
2057.328857,1.6427e-13
2058.875,1.6416e-13
2060.421387,1.6573e-13
2061.967529,1.64e-13
2063.513672,1.6344e-13
2065.060059,1.6318e-13
2066.606201,1.6283e-13
2068.152588,1.6183e-13
2069.69873,1.6103e-13
2071.245117,1.6092e-13
2072.791504,1.6155e-13
2074.337646,1.6039e-13
2075.884033,1.6131e-13
2077.43042,1.6037e-13
2078.976807,1.5868e-13
2080.522949,1.5788e-13
2082.069336,1.5645e-13
2083.615723,1.5782e-13
2085.162109,1.5719e-13
2086.708496,1.553e-13
2088.254883,1.5596e-13
2089.80127,1.5702e-13
2091.347656,1.5538e-13
2092.894043,1.5604e-13
2094.440674,1.5565e-13
2095.987061,1.5518e-13
2097.533447,1.5455e-13
2099.079834,1.5197e-13
2100.626465,1.5256e-13
2102.172852,1.5029e-13
2103.719238,1.5328e-13
2105.265869,1.526e-13
2106.812256,1.5115e-13
2108.358887,1.5112e-13
2109.905273,1.5101e-13
2111.451904,1.5098e-13
2112.998291,1.4872e-13
2114.544922,1.4918e-13
2116.091553,1.4926e-13
2117.637939,1.4804e-13
2119.18457,1.4655e-13
2120.731201,1.4667e-13
2122.277832,1.474e-13
2123.824463,1.4831e-13
2125.37085,1.4684e-13
2126.91748,1.4617e-13
2128.464111,1.458e-13
2130.010742,1.4462e-13
2131.557373,1.4402e-13
2133.104004,1.4539e-13
2134.650879,1.4472e-13
2136.19751,1.4351e-13
2137.744141,1.4365e-13
2139.290771,1.4433e-13
2140.837402,1.4438e-13
2142.384277,1.4399e-13
2143.930908,1.4357e-13
2145.477539,1.4093e-13
2147.024414,1.4243e-13
2148.571045,1.4041e-13
2150.11792,1.3958e-13
2151.664551,1.4041e-13
2153.211426,1.4134e-13
2154.758057,1.4178e-13
2156.304932,1.3993e-13
2157.851807,1.3937e-13
2159.398438,1.3777e-13
2160.945312,1.3753e-13
2162.492188,1.3743e-13
2164.039062,1.3666e-13
2165.585938,1.3708e-13
2167.132812,1.3824e-13
2168.679443,1.3647e-13
2170.226318,1.3629e-13
2171.773193,1.3739e-13
2173.320068,1.377e-13
2174.867188,1.3717e-13
2176.414062,1.3713e-13
2177.960938,1.3562e-13
2179.507812,1.3456e-13
2181.054688,1.3429e-13
2182.601562,1.3265e-13
2184.148682,1.3187e-13
2185.695557,1.3227e-13
2187.242432,1.3245e-13
2188.789551,1.3149e-13
2190.336426,1.3195e-13
2191.883545,1.3206e-13
2193.43042,1.3248e-13
2194.977539,1.3186e-13
2196.524414,1.3189e-13
2198.071533,1.3138e-13
2199.618652,1.3096e-13
2201.165771,1.298e-13
2202.712646,1.296e-13
2204.259766,1.2962e-13
2205.806885,1.3e-13
2207.354004,1.2764e-13
2208.901123,1.2852e-13
2210.448242,1.2837e-13
2211.995117,1.2912e-13
2213.542236,1.276e-13
2215.0896,1.2752e-13
2216.636719,1.2736e-13
2218.183838,1.2703e-13
2219.730957,1.283e-13
2221.278076,1.2725e-13
2222.825195,1.2562e-13
2224.372559,1.2648e-13
2225.919678,1.267e-13
2227.466797,1.2652e-13
2229.01416,1.2604e-13
2230.561279,1.2683e-13
2232.108398,1.2538e-13
2233.655762,1.244e-13
2235.202881,1.2414e-13
2236.750244,1.2304e-13
2238.297607,1.2333e-13
2239.844727,1.2302e-13
2241.39209,1.2197e-13
2242.939453,1.2228e-13
2244.486572,1.2124e-13
2246.033936,1.2167e-13
2247.581299,1.1929e-13
2249.128662,1.1781e-13
2250.676025,1.1677e-13
2252.223389,1.1614e-13
2253.770508,1.1539e-13
2255.317871,1.1708e-13
2256.865479,1.1732e-13
2258.412842,1.1739e-13
2259.960205,1.1776e-13
2261.507568,1.1982e-13
2263.054932,1.1978e-13
2264.602295,1.1768e-13
2266.149902,1.1935e-13
2267.697266,1.1993e-13
2269.244629,1.1964e-13
2270.792236,1.1999e-13
2272.3396,1.1787e-13
2273.886963,1.1788e-13
2275.43457,1.1841e-13
2276.981934,1.1865e-13
2278.529541,1.185e-13
2280.077148,1.181e-13
2281.624512,1.1646e-13
2283.172119,1.1669e-13
2284.719727,1.1657e-13
2286.26709,1.1509e-13
2287.814697,1.15e-13
2289.362305,1.159e-13
2290.909912,1.1519e-13
2292.45752,1.1501e-13
2294.005127,1.143e-13
2295.55249,1.1232e-13
2297.100098,1.1051e-13
2298.647949,1.0866e-13
2300.195557,1.0877e-13
2301.743164,1.0657e-13
2303.290771,1.0522e-13
2304.838379,1.0377e-13
2306.385986,1.0334e-13
2307.933594,1.0378e-13
2309.481445,1.0312e-13
2311.029053,1.0438e-13
2312.57666,1.0619e-13
2314.124512,1.074e-13
2315.672119,1.0836e-13
2317.219971,1.0883e-13
2318.767578,1.0806e-13
2320.31543,1.0987e-13
2321.863037,1.0921e-13
2323.410889,1.1033e-13
2324.95874,1.1011e-13
2326.506348,1.1015e-13
2328.054199,1.1138e-13
2329.602051,1.1166e-13
2331.149902,1.1147e-13
2332.697754,1.1164e-13
2334.245605,1.1214e-13
2335.793213,1.1081e-13
2337.341064,1.1158e-13
2338.888916,1.1068e-13
2340.436768,1.1102e-13
2341.984863,1.0995e-13
2343.532715,1.0766e-13
2345.080566,1.0873e-13
2346.628418,1.1027e-13
2348.17627,1.0997e-13
2349.724121,1.0959e-13
2351.272217,1.0946e-13
2352.820068,1.1052e-13
2354.36792,1.0867e-13
2355.916016,1.0763e-13
2357.463867,1.0704e-13
2359.011963,1.0697e-13
2360.559814,1.056e-13
2362.10791,1.0505e-13
2363.655762,1.0522e-13
2365.203857,1.0411e-13
2366.751953,1.0274e-13
2368.299805,1.024e-13
2369.8479,1.0116e-13
2371.395996,1.0065e-13
2372.944092,9.9109e-14
2374.492188,9.6563e-14
2376.040039,9.536e-14
2377.588135,9.4618e-14
2379.13623,9.2908e-14
2380.684326,9.1105e-14
2382.232422,8.7049e-14
2383.780518,8.5417e-14
2385.328857,8.5726e-14
2386.876953,8.6693e-14
2388.425049,8.7032e-14
2389.973145,8.8935e-14
2391.52124,9.0725e-14
2393.06958,9.1891e-14
2394.617676,9.2896e-14
2396.165771,9.3667e-14
2397.714111,9.4188e-14
2399.262207,9.4877e-14
2400.810547,9.6034e-14
2402.358643,9.5689e-14
2403.906982,9.6851e-14
2405.455078,9.6853e-14
2407.003418,9.7429e-14
2408.551758,9.6983e-14
2410.099854,9.7676e-14
2411.648193,9.8079e-14
2413.196533,9.8399e-14
2414.744873,9.8027e-14
2416.293213,9.8542e-14
2417.841309,9.8446e-14
2419.389648,9.9362e-14
2420.937988,9.8806e-14
2422.486328,9.8974e-14
2424.034668,9.8373e-14
2425.583008,9.867e-14
2427.131592,9.9132e-14
2428.679932,9.8807e-14
2430.228271,9.7633e-14
2431.776611,9.7813e-14
2433.324951,9.8411e-14
2434.873535,9.813e-14
2436.421875,9.8263e-14
2437.970215,9.7851e-14
2439.518799,9.8205e-14
2441.067139,9.8437e-14
2442.615723,9.734e-14
2444.164062,9.7207e-14
2445.712646,9.6924e-14
2447.260986,9.6482e-14
2448.80957,9.5826e-14
2450.358154,9.5906e-14
2451.906494,9.4209e-14
2453.455078,9.4094e-14
2455.003662,9.4406e-14
2456.552246,9.4579e-14
2458.10083,9.438e-14
2459.64917,9.3695e-14
2461.197754,9.3557e-14
2462.746338,9.4106e-14
2464.294922,9.2109e-14
2465.843506,9.2375e-14
2467.39209,9.295e-14
2468.940918,9.3238e-14
2470.489502,9.2425e-14
2472.038086,9.1921e-14
2473.58667,9.2421e-14
2475.135254,9.1425e-14
2476.684082,9.0257e-14
2478.232666,9.0618e-14
2479.78125,9.0163e-14
2481.330078,8.9724e-14
2482.878662,8.8263e-14
2484.42749,8.8174e-14
2485.976074,8.7666e-14
2487.524902,8.753e-14
2489.073486,8.7304e-14
2490.622314,8.6996e-14
2492.171143,8.6204e-14
2493.719727,8.4395e-14
2495.268555,8.3452e-14
2496.817383,8.2354e-14
2498.366211,8.1592e-14
2499.915039,8.0528e-14
2501.463623,7.9443e-14
2503.012451,7.8024e-14
2504.561279,7.6655e-14
2506.110107,7.4869e-14
2507.658936,7.2126e-14
2509.207764,7.1051e-14
2510.756836,6.9737e-14
2512.305664,6.8088e-14
2513.854492,6.9441e-14
2515.40332,7.1993e-14
2516.952148,7.3502e-14
2518.501221,7.4962e-14
2520.050049,7.5924e-14
2521.598877,7.7153e-14
2523.147949,7.8145e-14
2524.696777,7.9277e-14
2526.24585,7.9657e-14
2527.794678,7.9131e-14
2529.34375,8.09e-14
2530.892578,8.1328e-14
2532.44165,8.1072e-14
2533.990723,8.0796e-14
2535.539551,8.2039e-14
2537.088623,8.2869e-14
2538.637695,8.322e-14
2540.186768,8.2359e-14
2541.73584,8.1616e-14
2543.284668,8.193e-14
2544.83374,8.2487e-14
2546.382812,8.2486e-14
2547.931885,8.2396e-14
2549.480957,8.2973e-14
2551.030029,8.2488e-14
2552.579346,8.2711e-14
2554.128418,8.2193e-14
2555.67749,8.2191e-14
2557.226562,8.1465e-14
2558.775635,8.1695e-14
2560.324951,8.1971e-14
2561.874023,8.1617e-14
2563.423096,8.1589e-14
2564.972412,8.0794e-14
2566.521484,8.1529e-14
2568.070801,8.0384e-14
2569.619873,8.0619e-14
2571.169189,8.0836e-14
2572.718262,8.0907e-14
2574.267578,8.0005e-14
2575.816895,8.051e-14
2577.365967,8.0289e-14
2578.915283,7.97e-14
2580.4646,8.0181e-14
2582.013916,7.9103e-14
2583.563232,7.9139e-14
2585.112549,7.7921e-14
2586.661621,7.7505e-14
2588.210938,7.889e-14
2589.760254,8.001e-14
2591.30957,7.9821e-14
2592.859131,7.8564e-14
2594.408447,7.7791e-14
2595.957764,7.7238e-14
2597.50708,7.6638e-14
2599.056396,7.442e-14
2600.605713,7.4618e-14
2602.155273,7.6615e-14
2603.70459,7.7595e-14
2605.25415,7.6777e-14
2606.803467,7.6943e-14
2608.352783,7.6713e-14
2609.902344,7.5657e-14
2611.45166,7.5889e-14
2613.001221,7.6191e-14
2614.550781,7.6149e-14
2616.100098,7.5387e-14
2617.649658,7.6164e-14
2619.199219,7.5779e-14
2620.748535,7.5713e-14
2622.298096,7.539e-14
2623.847656,7.5336e-14
2625.397217,7.5296e-14
2626.946777,7.4486e-14
2628.496338,7.3504e-14
2630.045898,7.4534e-14
2631.595459,7.4144e-14
2633.14502,7.43e-14
2634.69458,7.3844e-14
2636.244141,7.3366e-14
2637.793701,7.304e-14
2639.343262,7.2861e-14
2640.892822,7.2784e-14
2642.442627,7.3717e-14
2643.992188,7.3437e-14
2645.541748,7.309e-14
2647.091553,7.2615e-14
2648.641113,7.2908e-14
2650.190918,7.318e-14
2651.740479,7.2543e-14
2653.290283,7.2268e-14
2654.839844,7.2712e-14
2656.389648,7.1796e-14
2657.939209,7.1087e-14
2659.489014,7.1718e-14
2661.038818,7.2312e-14
2662.588623,7.097e-14
2664.138184,7.0916e-14
2665.687988,7.0698e-14
2667.237793,7.0072e-14
2668.787598,7.0792e-14
2670.337402,6.9638e-14
2671.887207,6.9637e-14
2673.437012,7.0336e-14
2674.986816,6.8562e-14
2676.536621,6.8456e-14
2678.086426,6.983e-14
2679.63623,7.0387e-14
2681.186035,6.9198e-14
2682.736084,6.9268e-14
2684.285889,6.8594e-14
2685.835693,6.8247e-14
2687.385742,6.799e-14
2688.935547,6.7923e-14
2690.485352,6.8749e-14
2692.0354,6.8019e-14
2693.585205,6.7623e-14
2695.135254,6.7363e-14
2696.685059,6.7513e-14
2698.235107,6.7119e-14
2699.785156,6.7048e-14
2701.334961,6.6665e-14
2702.88501,6.5297e-14
2704.435059,6.5717e-14
2705.985107,6.5739e-14
2707.534912,6.5077e-14
2709.084961,6.437e-14
2710.63501,6.4052e-14
2712.185059,6.2718e-14
2713.735107,6.2598e-14
2715.285156,6.2736e-14
2716.835205,6.1233e-14
2718.385254,6.0443e-14
2719.935303,6.0502e-14
2721.485596,6.0411e-14
2723.035645,5.9703e-14
2724.585693,5.7066e-14
2726.135742,5.5772e-14
2727.686035,5.4705e-14
2729.236084,5.3602e-14
2730.786133,5.2008e-14
2732.336426,5.0353e-14
2733.886475,5.0098e-14
2735.436768,5.0628e-14
2736.986816,5.1961e-14
2738.537109,5.3495e-14
2740.087158,5.4206e-14
2741.637451,5.498e-14
2743.187744,5.573e-14
2744.737793,5.6572e-14
2746.288086,5.7747e-14
2747.838379,5.8386e-14
2749.388672,5.9156e-14
2750.938965,5.9522e-14
2752.489258,5.9915e-14
2754.039551,6.0074e-14
2755.589844,6.0199e-14
2757.140137,5.9777e-14
2758.69043,5.9844e-14
2760.240723,6.0368e-14
2761.791016,6.0327e-14
2763.341309,5.9829e-14
2764.891602,5.9798e-14
2766.441895,6.0193e-14
2767.992432,6.0877e-14
2769.542725,6.0096e-14
2771.093018,5.9314e-14
2772.643555,5.9912e-14
2774.193848,5.9489e-14
2775.744385,6.0449e-14
2777.294678,5.9979e-14
2778.845215,5.9861e-14
2780.395508,5.9383e-14
2781.946045,6.0013e-14
2783.496582,5.9687e-14
2785.046875,5.9922e-14
2786.597412,6.0964e-14
2788.147949,6.15e-14
2789.698486,6.0834e-14
2791.248779,6.0061e-14
2792.799316,5.9098e-14
2794.349854,5.8135e-14
2795.900391,5.5999e-14
2797.450928,5.7356e-14
2799.001465,5.9441e-14
2800.552002,5.8516e-14
2802.102539,5.6685e-14
2803.653076,5.5401e-14
2805.203857,5.7626e-14
2806.754395,5.8449e-14
2808.304932,5.8136e-14
2809.855469,5.819e-14
2811.40625,5.8994e-14
2812.956787,5.8347e-14
2814.507324,5.8269e-14
2816.058105,5.8781e-14
2817.608643,5.8958e-14
2819.159424,5.8324e-14
2820.709961,5.8303e-14
2822.260742,5.8297e-14
2823.811523,5.7458e-14
2825.362061,5.7406e-14
2826.912842,5.6575e-14
2828.463623,5.6505e-14
2830.01416,5.645e-14
2831.564941,5.6201e-14
2833.115723,5.661e-14
2834.666504,5.6543e-14
2836.217285,5.6329e-14
2837.768066,5.6332e-14
2839.318848,5.5334e-14
2840.869629,5.5235e-14
2842.42041,5.5822e-14
2843.971191,5.6023e-14
2845.521973,5.6232e-14
2847.072754,5.6726e-14
2848.623779,5.5662e-14
2850.174561,5.5313e-14
2851.725342,5.533e-14
2853.276123,5.4554e-14
2854.827148,5.5382e-14
2856.37793,5.4719e-14
2857.928955,5.4629e-14
2859.479736,5.4699e-14
2861.030762,5.4797e-14
2862.581543,5.498e-14
2864.132568,5.473e-14
2865.68335,5.4438e-14
2867.234375,5.4387e-14
2868.7854,5.4293e-14
2870.336182,5.4359e-14
2871.887207,5.3645e-14
2873.438232,5.4296e-14
2874.989258,5.4205e-14
2876.540283,5.4065e-14
2878.091309,5.3554e-14
2879.642334,5.2833e-14
2881.193359,5.3298e-14
2882.744385,5.3296e-14
2884.29541,5.3692e-14
2885.846436,5.3036e-14
2887.397461,5.2528e-14
2888.948486,5.2568e-14
2890.499512,5.377e-14
2892.050781,5.3813e-14
2893.601807,5.3712e-14
2895.152832,5.334e-14
2896.704102,5.3446e-14
2898.255127,5.2497e-14
2899.806396,5.2263e-14
2901.357422,5.1876e-14
2902.908691,5.1914e-14
2904.459717,5.2071e-14
2906.010986,5.1649e-14
2907.562012,5.1759e-14
2909.113281,5.1002e-14
2910.664551,5.1164e-14
2912.215576,5.0653e-14
2913.766846,5.0742e-14
2915.318115,5.1223e-14
2916.869385,5.128e-14
2918.420654,5.1566e-14
2919.971924,5.1551e-14
2921.523193,5.177e-14
2923.074463,5.0698e-14
2924.625732,5.1e-14
2926.177002,4.9984e-14
2927.728271,4.9997e-14
2929.279541,4.9852e-14
2930.830811,5.055e-14
2932.38208,5.0248e-14
2933.933594,5.0178e-14
2935.484863,5.0149e-14
2937.036133,4.9671e-14
2938.587646,4.9315e-14
2940.138916,4.943e-14
2941.69043,4.9616e-14
2943.241699,4.8978e-14
2944.793213,4.9418e-14
2946.344482,4.8638e-14
2947.895996,4.7836e-14
2949.447266,4.8637e-14
2950.998779,4.8793e-14
2952.550293,4.953e-14
2954.101807,4.9148e-14
2955.653076,4.8704e-14
2957.20459,4.9198e-14
2958.756104,4.9052e-14
2960.307617,4.9421e-14
2961.859131,4.9519e-14
2963.410645,4.8543e-14
2964.962158,4.8699e-14
2966.513672,4.8995e-14
2968.065186,4.9174e-14
2969.616699,4.8458e-14
2971.168213,4.7529e-14
2972.719727,4.8164e-14
2974.271484,4.7612e-14
2975.822998,4.7916e-14
2977.374512,4.8166e-14
2978.92627,4.717e-14
2980.477783,4.7663e-14
2982.029297,4.8238e-14
2983.581055,4.7679e-14
2985.132568,4.6799e-14
2986.684326,4.7555e-14
2988.23584,4.7049e-14
2989.787598,4.7658e-14
2991.339355,4.6064e-14
2992.890869,4.5995e-14
2994.442627,4.7358e-14
2995.994385,4.7162e-14
2997.546143,4.5916e-14
2999.097656,4.6794e-14
3000.649414,4.6576e-14
3002.201172,4.7242e-14
3003.75293,4.5484e-14
3005.304688,4.617e-14
3006.856445,4.6047e-14
3008.408203,4.669e-14
3009.959961,4.5337e-14
3011.511719,4.5353e-14
3013.063721,4.5184e-14
3014.615479,4.4597e-14
3016.167236,4.395e-14
3017.718994,4.5182e-14
3019.270996,4.5274e-14
3020.822754,4.4784e-14
3022.374512,4.5398e-14
3023.926514,4.4175e-14
3025.478271,4.4628e-14
3027.030273,4.4755e-14
3028.582031,4.4998e-14
3030.134033,4.4871e-14
3031.685791,4.4691e-14
3033.237793,4.3549e-14
3034.789795,4.4497e-14
3036.341797,4.4839e-14
3037.893555,4.4849e-14
3039.445557,4.4045e-14
3040.997559,4.5073e-14
3042.549561,4.3901e-14
3044.101562,4.3738e-14
3045.653564,4.3767e-14
3047.205566,4.3631e-14
3048.757568,4.4043e-14
3050.30957,4.4161e-14
3051.861572,4.2924e-14
3053.413574,4.2918e-14
3054.965576,4.2761e-14
3056.517578,4.2181e-14
3058.069824,4.3357e-14
3059.621826,4.3574e-14
3061.173828,4.2574e-14
3062.726074,4.3086e-14
3064.278076,4.2616e-14
3066.428223,4.3096e-14
3069.174072,4.2522e-14
3071.919922,4.1855e-14
3074.666016,4.2406e-14
3077.411865,4.1415e-14
3080.157959,4.1162e-14
3082.904053,4.2026e-14
3085.649902,4.1737e-14
3088.395996,4.1113e-14
3091.14209,4.1671e-14
3093.888184,4.101e-14
3096.634277,4.0471e-14
3099.380371,4.1898e-14
3102.126709,4.0649e-14
3104.872803,4.1096e-14
3107.618896,4.1226e-14
3110.365234,4.0026e-14
3113.111328,4.0449e-14
3115.857666,4.0282e-14
3118.60376,3.949e-14
3121.350098,3.9558e-14
3124.096436,4.0304e-14
3126.842773,3.9899e-14
3129.589111,4.0223e-14
3132.335449,3.9165e-14
3135.081787,3.891e-14
3137.828125,3.8863e-14
3140.574463,3.8269e-14
3143.320801,3.8175e-14
3146.067383,3.8557e-14
3148.813721,3.819e-14
3151.560059,3.7905e-14
3154.306641,3.716e-14
3157.053223,3.7276e-14
3159.799561,3.7905e-14
3162.546143,3.7414e-14
3165.292725,3.7327e-14
3168.039307,3.7238e-14
3170.785889,3.6515e-14
3173.532471,3.6268e-14
3176.279053,3.6115e-14
3179.025635,3.5785e-14
3181.772217,3.4969e-14
3184.518799,3.4213e-14
3187.265625,3.3651e-14
3190.012207,3.2606e-14
3192.758789,3.2631e-14
3195.505615,3.1503e-14
3198.252441,2.9927e-14
3200.999023,2.8655e-14
3203.74585,2.8744e-14
3206.492676,2.9885e-14
3209.239502,3.1449e-14
3211.986328,3.1957e-14
3214.73291,3.2636e-14
3217.47998,3.2952e-14
3220.226807,3.2825e-14
3222.973633,3.4095e-14
3225.720459,3.3735e-14
3228.467285,3.3129e-14
3231.214355,3.406e-14
3233.961182,3.3664e-14
3236.708008,3.4272e-14
3239.455078,3.4344e-14
3242.202148,3.35e-14
3244.948975,3.3805e-14
3247.696045,3.4245e-14
3250.443115,3.377e-14
3253.189941,3.372e-14
3255.937012,3.3945e-14
3258.684082,3.3594e-14
3261.431152,3.3216e-14
3264.178223,3.4258e-14
3266.925293,3.3457e-14
3269.672363,3.3725e-14
3272.419678,3.371e-14
3275.166748,3.3149e-14
3277.913818,3.2833e-14
3280.661133,3.3395e-14
3283.408203,3.3505e-14
3286.155518,3.311e-14
3288.902588,3.284e-14
3291.649902,3.2762e-14
3294.396973,3.2457e-14
3297.144287,3.2453e-14
3299.891602,3.2243e-14
3302.638916,3.2479e-14
3305.38623,3.185e-14
3308.133301,3.1927e-14
3310.880615,3.1793e-14
3313.62793,3.1917e-14
3316.375488,3.1664e-14
3319.122803,3.2296e-14
3321.870117,3.1621e-14
3324.617432,3.1394e-14
3327.364746,3.1554e-14
3330.112305,3.1687e-14
3332.859619,3.1517e-14
3335.607178,3.0781e-14
3338.354492,3.0812e-14
3341.102051,3.0766e-14
3343.849365,3.1043e-14
3346.596924,3.1407e-14
3349.344482,3.1028e-14
3352.091797,3.0768e-14
3354.839355,3.0619e-14
3357.586914,3.036e-14
3360.334473,3.0576e-14
3363.082031,3.0369e-14
3365.82959,3.0415e-14
3368.577148,2.9894e-14
3371.324707,2.971e-14
3374.072266,2.9293e-14
3376.819824,2.9591e-14
3379.567383,2.9756e-14
3382.315186,2.9463e-14
3385.062744,2.9157e-14
3387.810303,2.9561e-14
3390.558105,3.058e-14
3393.305664,2.9106e-14
3396.053467,2.9279e-14
3398.801025,2.8955e-14
3401.548828,2.9073e-14
3404.296387,2.8832e-14
3407.044189,2.8537e-14
3409.791992,2.9068e-14
3412.539551,2.8752e-14
3415.287354,2.8433e-14
3418.035156,2.8152e-14
3420.782959,2.8213e-14
3423.530762,2.8324e-14
3426.278564,2.7899e-14
3429.026367,2.8042e-14
3431.77417,2.8466e-14
3434.521973,2.8034e-14
3437.269775,2.7653e-14
3440.017578,2.7959e-14
3442.765381,2.7333e-14
3445.513428,2.6997e-14
3448.26123,2.7242e-14
3451.009033,2.7528e-14
3453.75708,2.7499e-14
3456.504883,2.739e-14
3459.252686,2.7338e-14
3462.000732,2.7271e-14
3464.748535,2.7426e-14
3467.496582,2.6895e-14
3470.244629,2.7436e-14
3472.992432,2.6953e-14
3475.740479,2.703e-14
3478.488525,2.6907e-14
3481.236328,2.6238e-14
3483.984375,2.624e-14
3486.732422,2.6319e-14
3489.480469,2.6339e-14
3492.228516,2.5771e-14
3494.976562,2.5927e-14
3497.724609,2.639e-14
3500.472656,2.5683e-14
3503.220703,2.6047e-14
3505.96875,2.5941e-14
3508.716797,2.5649e-14
3511.464844,2.5736e-14
3514.212891,2.5726e-14
3516.960938,2.5119e-14
3519.708984,2.5413e-14
3522.457275,2.5574e-14
3525.205322,2.5311e-14
3527.953369,2.5167e-14
3530.70166,2.5192e-14
3533.449707,2.5127e-14
3536.197754,2.5067e-14
3538.946045,2.4968e-14
3541.694092,2.4932e-14
3544.442383,2.4954e-14
3547.19043,2.4662e-14
3549.938721,2.5058e-14
3552.687012,2.4707e-14
3555.435059,2.4487e-14
3558.18335,2.4271e-14
3560.931641,2.449e-14
3563.679688,2.4607e-14
3566.427979,2.4041e-14
3569.17627,2.4313e-14
3571.924561,2.4057e-14
3574.672607,2.4103e-14
3577.420898,2.4077e-14
3580.169189,2.3743e-14
3582.91748,2.4396e-14
3585.665771,2.3744e-14
3588.414062,2.3802e-14
3591.162354,2.3654e-14
3593.910645,2.3208e-14
3596.658936,2.3378e-14
3599.407227,2.3479e-14
3602.155518,2.326e-14
3604.903809,2.3272e-14
3607.6521,2.2871e-14
3610.400635,2.2817e-14
3613.148926,2.2875e-14
3615.897217,2.2756e-14
3618.645508,2.3405e-14
3621.394043,2.2802e-14
3624.142334,2.2871e-14
3626.890625,2.2635e-14
3629.638916,2.264e-14
3632.387451,2.2618e-14
3635.135742,2.2396e-14
3637.884277,2.2775e-14
3640.632568,2.2743e-14
3643.380859,2.2348e-14
3646.129395,2.2171e-14
3648.877686,2.2088e-14
3651.626221,2.206e-14
3654.374512,2.2431e-14
3657.123047,2.1827e-14
3659.871338,2.1936e-14
3662.619873,2.1988e-14
3665.368408,2.2376e-14
3668.116699,2.1675e-14
3670.865234,2.2202e-14
3673.61377,2.1656e-14
3676.362061,2.1714e-14
3679.110596,2.1716e-14
3681.859131,2.1514e-14
3684.607422,2.1513e-14
3687.355957,2.1455e-14
3690.104492,2.1381e-14
3692.853027,2.1106e-14
3695.601318,2.1428e-14
3698.349854,2.1379e-14
3701.098389,2.0558e-14
3703.846924,2.0892e-14
3706.595459,2.1186e-14
3709.34375,2.1187e-14
3712.092285,2.0573e-14
3714.84082,2.0752e-14
3717.589355,2.0584e-14
3720.337891,2.0979e-14
3723.086426,2.0858e-14
3725.834961,2.0687e-14
3728.583496,2.0989e-14
3731.332031,2.0971e-14
3734.080566,2.0507e-14
3736.829102,2.0521e-14
3739.577637,2.0184e-14
3742.326172,2.0502e-14
3745.074707,2.0341e-14
3747.823242,2.0064e-14
3750.571777,2.0123e-14
3753.320312,2.0284e-14
3756.068848,2.0179e-14
3758.817383,1.9924e-14
3761.565918,2.0139e-14
3764.314453,2e-14
3767.062988,1.9901e-14
3769.811768,1.9614e-14
3772.560303,1.9964e-14
3775.308838,1.9958e-14
3778.057373,1.954e-14
3780.805908,1.9875e-14
3783.554443,1.9868e-14
3786.302979,1.9236e-14
3789.051758,1.9666e-14
3791.800293,1.9316e-14
3794.548828,1.9359e-14
3797.297363,1.9416e-14
3800.045898,1.9298e-14
3802.794678,1.927e-14
3805.543213,1.8694e-14
3808.291748,1.8921e-14
3811.040283,1.861e-14
3813.788818,1.8799e-14
3816.537598,1.8607e-14
3819.286133,1.8336e-14
3822.034668,1.8208e-14
3824.783203,1.8116e-14
3827.531982,1.8544e-14
3830.280518,1.8636e-14
3833.029053,1.8644e-14
3835.777588,1.8317e-14
3838.526367,1.8378e-14
3841.274902,1.8167e-14
3844.023438,1.8294e-14
3846.771973,1.8538e-14
3849.520752,1.85e-14
3852.269287,1.8283e-14
3855.017822,1.8478e-14
3857.766357,1.8199e-14
3860.515137,1.8422e-14
3863.263672,1.7738e-14
3866.012207,1.8004e-14
3868.760742,1.7906e-14
3871.509521,1.7962e-14
3874.258057,1.8102e-14
3877.006592,1.793e-14
3879.755127,1.7764e-14
3882.503906,1.7471e-14
3885.252441,1.7401e-14
3888.000977,1.7211e-14
3890.749512,1.6693e-14
3893.498291,1.6921e-14
3896.246826,1.7222e-14
3898.995361,1.7645e-14
3901.743896,1.7776e-14
3904.492676,1.736e-14
3907.241211,1.7204e-14
3909.989746,1.7567e-14
3912.738281,1.7688e-14
3915.487061,1.7125e-14
3918.235596,1.6865e-14
3920.984131,1.7212e-14
3923.732666,1.6934e-14
3926.481201,1.7173e-14
3929.229736,1.7345e-14
3931.978516,1.7104e-14
3934.727051,1.7115e-14
3937.475586,1.713e-14
3940.224121,1.6865e-14
3942.972656,1.6859e-14
3945.721191,1.6838e-14
3948.469971,1.6575e-14
3951.218506,1.6779e-14
3953.967041,1.6674e-14
3956.715576,1.6705e-14
3959.464111,1.6619e-14
3962.212646,1.6389e-14
3964.961182,1.6395e-14
3967.709717,1.6512e-14
3970.458252,1.6147e-14
3973.206787,1.6327e-14
3975.955322,1.6465e-14
3978.703857,1.6282e-14
3981.452393,1.6252e-14
3984.200928,1.6279e-14
3986.949463,1.6127e-14
3989.697998,1.5942e-14
3992.446533,1.6083e-14
3995.195068,1.5674e-14
3997.943604,1.5853e-14
4000.692139,1.5795e-14
4003.440674,1.5762e-14
4006.189209,1.5559e-14
4008.937744,1.5849e-14
4011.686279,1.5694e-14
4014.43457,1.5321e-14
4017.183105,1.5039e-14
4019.931641,1.4917e-14
4022.680176,1.4718e-14
4025.428711,1.4546e-14
4028.177002,1.457e-14
4030.925537,1.4521e-14
4033.674072,1.4584e-14
4036.422607,1.5052e-14
4039.170898,1.5083e-14
4041.919434,1.4987e-14
4044.667969,1.5123e-14
4047.41626,1.5058e-14
4050.164795,1.5031e-14
4052.91333,1.5082e-14
4055.661621,1.5078e-14
4058.410156,1.4968e-14
4061.158447,1.4942e-14
4063.906982,1.4947e-14
4066.655273,1.4911e-14
4069.403809,1.5014e-14
4072.1521,1.4834e-14
4074.900635,1.4984e-14
4077.648926,1.489e-14
4080.397461,1.4787e-14
4083.145752,1.4734e-14
4085.894043,1.4811e-14
4088.642578,1.4585e-14
4091.390869,1.4735e-14
4094.13916,1.4755e-14
4096.887695,1.4572e-14
4099.635742,1.4642e-14
4102.384277,1.4385e-14
4105.132812,1.4514e-14
4107.880859,1.44e-14
4110.629395,1.4682e-14
4113.377441,1.4499e-14
4116.125977,1.4296e-14
4118.874512,1.4444e-14
4121.622559,1.4331e-14
4124.371094,1.4069e-14
4127.119141,1.4113e-14
4129.867676,1.3969e-14
4132.615723,1.4339e-14
4135.364258,1.4262e-14
4138.112305,1.4428e-14
4140.860352,1.4068e-14
4143.608887,1.403e-14
4146.356934,1.3904e-14
4149.105469,1.3854e-14
4151.853516,1.3873e-14
4154.601562,1.3806e-14
4157.350098,1.3888e-14
4160.098145,1.3822e-14
4162.84668,1.3843e-14
4165.594727,1.3766e-14
4168.342773,1.3658e-14
4171.09082,1.3593e-14
4173.839355,1.3547e-14
4176.587402,1.3468e-14
4179.335449,1.3418e-14
4182.083496,1.337e-14
4184.832031,1.3464e-14
4187.580078,1.3277e-14
4190.328125,1.352e-14
4193.076172,1.34e-14
4195.824219,1.319e-14
4198.572266,1.3264e-14
4201.320801,1.314e-14
4204.068848,1.3098e-14
4206.816895,1.3159e-14
4209.564941,1.3259e-14
4212.312988,1.3178e-14
4215.061035,1.3127e-14
4217.809082,1.3122e-14
4220.557129,1.299e-14
4223.305176,1.3085e-14
4226.053223,1.2762e-14
4228.80127,1.3034e-14
4231.549316,1.2799e-14
4234.297363,1.2839e-14
4237.04541,1.2929e-14
4239.792969,1.2815e-14
4242.541016,1.2944e-14
4245.289062,1.2973e-14
4248.037109,1.2937e-14
4250.785156,1.2832e-14
4253.533203,1.2803e-14
4256.280762,1.298e-14
4259.028809,1.2931e-14
4261.776855,1.2946e-14
4264.524414,1.2619e-14
4267.272461,1.26e-14
4270.020508,1.2432e-14
4272.768066,1.2551e-14
4275.516113,1.2338e-14
4278.26416,1.2432e-14
4281.011719,1.2434e-14
4283.759766,1.2483e-14
4286.507324,1.243e-14
4289.255371,1.2192e-14
4292.00293,1.2108e-14
4294.750977,1.2255e-14
4297.498535,1.2094e-14
4300.246582,1.215e-14
4302.994141,1.2266e-14
4305.742188,1.1956e-14
4308.489746,1.2068e-14
4311.237305,1.2006e-14
4313.985352,1.1832e-14
4316.73291,1.1988e-14
4319.480469,1.1893e-14
4322.228516,1.1772e-14
4324.976074,1.165e-14
4327.723633,1.1711e-14
4330.471191,1.1563e-14
4333.21875,1.1582e-14
4335.966797,1.1525e-14
4338.714355,1.1531e-14
4341.461914,1.1446e-14
4344.209473,1.1377e-14
4346.957031,1.1494e-14
4349.70459,1.1547e-14
4352.452148,1.1465e-14
4355.199707,1.1473e-14
4357.947266,1.1454e-14
4360.694824,1.1413e-14
4363.442383,1.1162e-14
4366.189941,1.1325e-14
4368.9375,1.1339e-14
4371.68457,1.1316e-14
4374.432129,1.1332e-14
4377.179688,1.1334e-14
4379.927246,1.1397e-14
4382.674805,1.1253e-14
4385.421875,1.138e-14
4388.169434,1.1327e-14
4390.916992,1.1262e-14
4393.664062,1.1176e-14
4396.411621,1.1118e-14
4399.15918,1.1101e-14
4401.90625,1.1177e-14
4404.653809,1.1165e-14
4407.400879,1.13e-14
4410.148438,1.1237e-14
4412.895508,1.1206e-14
4415.643066,1.1251e-14
4418.390137,1.1138e-14
4421.137207,1.1047e-14
4423.884766,1.0958e-14
4426.631836,1.104e-14
4429.378906,1.1004e-14
4432.126465,1.1053e-14
4434.873535,1.1039e-14
4437.620605,1.0766e-14
4440.367676,1.0744e-14
4443.114746,1.07e-14
4445.862305,1.0832e-14
4448.609375,1.0628e-14
4451.356445,1.0428e-14
4454.103516,1.0491e-14
4456.850586,1.0342e-14
4459.597656,1.0306e-14
4462.344727,9.9151e-15
4465.091797,9.9699e-15
4467.838867,9.5263e-15
4470.585938,9.3804e-15
4473.33252,9.1755e-15
4476.07959,9.3844e-15
4478.82666,9.5542e-15
4481.57373,9.9366e-15
4484.320801,1.0085e-14
4487.067383,1.0136e-14
4489.814453,1.0005e-14
4492.561523,1.0193e-14
4495.308105,1.019e-14
4498.055176,1.0237e-14
4500.801758,1.0273e-14
4503.548828,1.0268e-14
4506.29541,1.0105e-14
4509.04248,9.9687e-15
4511.789062,9.9965e-15
4514.536133,9.927e-15
4517.282715,9.82e-15
4520.029297,9.8944e-15
4522.776367,9.8701e-15
4525.522949,9.9099e-15
4528.269531,9.7264e-15
4531.016113,9.6418e-15
4533.762695,9.4083e-15
4536.509766,9.5345e-15
4539.256348,9.6094e-15
4542.00293,9.556e-15
4544.749512,9.4084e-15
4547.496094,9.5471e-15
4550.242676,9.552e-15
4552.989258,9.4796e-15
4555.73584,9.5818e-15
4558.482422,9.5402e-15
4561.228516,9.4811e-15
4563.975098,9.6294e-15
4566.72168,9.481e-15
4569.468262,9.5637e-15
4572.214355,9.5383e-15
4574.960938,9.6708e-15
4577.70752,9.5729e-15
4580.453613,9.5155e-15
4583.200195,9.4891e-15
4585.946289,9.5949e-15
4588.692871,9.63e-15
4591.438965,9.5216e-15
4594.185547,9.5033e-15
4596.931641,9.5061e-15
4599.678223,9.5047e-15
4602.424316,9.4286e-15
4605.17041,9.3691e-15
4607.916504,9.4772e-15
4610.663086,9.4556e-15
4613.40918,9.445e-15
4616.155273,9.3517e-15
4618.901367,9.4321e-15
4621.647461,9.4437e-15
4624.393555,9.3168e-15
4627.139648,9.2518e-15
4629.885742,9.2796e-15
4632.631836,9.2493e-15
4635.37793,9.2492e-15
4638.124023,9.2614e-15
4640.870117,9.1564e-15
4643.615723,8.9639e-15
4646.361816,9.0263e-15
4649.10791,9.0609e-15
4651.853516,8.9424e-15
4654.599609,9.0066e-15
4657.345703,8.8342e-15
4660.091309,8.8741e-15
4662.837402,8.8468e-15
4665.583008,8.5774e-15
4668.329102,8.4809e-15
4671.074707,8.3914e-15
4673.820312,8.2143e-15
4676.566406,8.0577e-15
4679.312012,7.9684e-15
4682.057617,7.6194e-15
4684.803223,7.3306e-15
4687.549316,7.1069e-15
4690.294922,7.5069e-15
4693.040527,7.6865e-15
4695.786133,7.8556e-15
4698.531738,8.0623e-15
4701.277344,8.1983e-15
4704.022949,8.1703e-15
4706.768555,8.1835e-15
4709.513672,8.3729e-15
4712.259277,8.3174e-15
4715.004883,8.1012e-15
4717.750488,8.1626e-15
4720.495605,8.4335e-15
4723.241211,8.2345e-15
4725.986816,8.4036e-15
4728.731934,8.3313e-15
4731.477539,8.3925e-15
4734.222656,8.5453e-15
4736.968262,8.4556e-15
4739.713379,8.3854e-15
4742.458496,8.3692e-15
4745.204102,8.4187e-15
4747.949219,8.4555e-15
4750.694336,8.5424e-15
4753.439453,8.4705e-15
4756.18457,8.2875e-15
4758.929688,8.1743e-15
4761.674805,8.254e-15
4764.419922,8.3651e-15
4767.165039,8.4327e-15
4769.910156,8.2913e-15
4772.655273,8.2131e-15
4775.400391,8.2632e-15
4778.145508,8.2014e-15
4780.890625,8.1619e-15
4783.635254,8.2037e-15
4786.380371,8.2024e-15
4789.125,8.2276e-15
4791.870117,8.0949e-15
4794.615234,8.1197e-15
4797.359863,8.2026e-15
4800.104492,7.9151e-15
4802.849609,7.999e-15
4805.594238,8.0584e-15
4808.338867,8.0146e-15
4811.083984,7.9452e-15
4813.828613,7.9193e-15
4816.573242,7.9066e-15
4819.317871,7.9318e-15
4822.0625,7.8159e-15
4824.807129,7.8701e-15
4827.551758,7.9037e-15
4830.296387,7.7061e-15
4833.041016,7.675e-15
4835.785645,7.6962e-15
4838.530273,7.506e-15
4841.274414,7.4885e-15
4844.019043,7.4452e-15
4846.763672,7.2439e-15
4849.507812,7.472e-15
4852.252441,7.2416e-15
4854.996582,7.2257e-15
4857.741211,7.1875e-15
4860.485352,7.0794e-15
4863.229492,6.9937e-15
4865.974121,7.0449e-15
4868.718262,7.1053e-15
4871.462402,7.1407e-15
4874.206543,7.1765e-15
4876.951172,7.2728e-15
4879.695312,7.2989e-15
4882.439453,7.3476e-15
4885.183594,7.2534e-15
4887.927246,7.3324e-15
4890.671387,7.2654e-15
4893.415527,7.2156e-15
4896.159668,7.3768e-15
4898.903809,7.3276e-15
4901.647461,7.3295e-15
4904.391602,7.3342e-15
4907.135742,7.3499e-15
4909.879395,7.3555e-15
4912.623535,7.2178e-15
4915.367188,7.1775e-15
4918.11084,7.0537e-15
4920.85498,7.094e-15
4923.598633,7.1133e-15
4926.342285,7.0155e-15
4929.085938,6.9824e-15
4931.82959,7.0905e-15
4934.573242,7.1942e-15
4937.316895,7.2158e-15
4940.060547,7.2339e-15
4942.804199,7.0864e-15
4945.547852,7.1825e-15
4948.291504,7.3074e-15
4951.035156,7.3081e-15
4953.77832,7.2379e-15
4956.521973,7.206e-15
4959.265625,7.1794e-15
4962.008789,7.2063e-15
4964.752441,7.1739e-15
4967.495605,7.2056e-15
4970.239258,7.1867e-15
4972.982422,7.0121e-15
4975.725586,7.0887e-15
4978.46875,7.2118e-15
4981.212402,7.0344e-15
4983.955566,7.0093e-15
4986.69873,7.0274e-15
4989.441895,7.1776e-15
4992.185059,7.1202e-15
4994.928223,6.9927e-15
4997.670898,6.9849e-15
5000.414062,6.9654e-15
5003.157227,7.0368e-15
5005.900391,7.0115e-15
5008.643066,6.9048e-15
5011.38623,6.7338e-15
5014.128906,6.6039e-15
5016.87207,6.6267e-15
5019.614746,6.6855e-15
5022.35791,6.8746e-15
5025.100586,6.8023e-15
5027.843262,6.6865e-15
5030.585938,6.8611e-15
5033.328613,6.8018e-15
5036.071777,6.8735e-15
5038.814453,6.6748e-15
5041.557129,6.5738e-15
5044.299316,6.8803e-15
5047.041992,6.7086e-15
5049.784668,6.5659e-15
5052.527344,6.7024e-15
5055.27002,6.6433e-15
5058.012207,6.693e-15
5060.754883,6.6544e-15
5063.49707,6.6695e-15
5066.239746,6.7019e-15
5068.981934,6.714e-15
5071.724121,6.6627e-15
5074.466797,6.595e-15
5077.208984,6.6103e-15
5079.951172,6.5898e-15
5082.693359,6.5908e-15
5085.435547,6.6481e-15
5088.177734,6.639e-15
5090.919922,6.6165e-15
5093.662109,6.5004e-15
5096.404297,6.3964e-15
5099.146484,6.4156e-15
5101.888184,6.541e-15
5104.630371,6.4967e-15
5107.37207,6.4452e-15
5110.114258,6.4871e-15
5112.855957,6.4271e-15
5115.598145,6.3646e-15
5118.339844,6.3508e-15
5121.081543,6.3443e-15
5123.82373,6.4274e-15
5126.56543,6.4051e-15
5129.307129,6.3861e-15
5132.048828,6.3252e-15
5134.790527,6.3368e-15
5137.532227,6.2013e-15
5140.273926,6.2164e-15
5143.015137,6.3284e-15
5145.756836,6.2654e-15
5148.498535,6.2773e-15
5151.239746,6.2697e-15
5153.981445,6.201e-15
5156.722656,6.1916e-15
5159.464355,6.2294e-15
5162.205566,6.2951e-15
5164.946777,6.2345e-15
5167.688477,6.1052e-15
5170.429688,6.1299e-15
5173.170898,6.0493e-15
5175.912109,6.2428e-15
5178.65332,6.1374e-15
5181.394531,6.1032e-15
5184.135742,6.091e-15
5186.876953,6.2517e-15
5189.617676,5.9762e-15
5192.358887,6.0604e-15
5195.100098,5.9921e-15
5197.84082,6.0816e-15
5200.582031,6.1044e-15
5203.322754,5.9351e-15
5206.063477,6.0933e-15
5208.804688,6.094e-15
5211.54541,5.9719e-15
5214.286133,5.892e-15
5217.026855,5.8189e-15
5219.767578,5.8379e-15
5222.508301,5.896e-15
5225.249023,5.965e-15
5227.989746,5.9236e-15
5230.730469,5.8985e-15
5233.470703,5.8876e-15
5236.211426,5.8967e-15
5238.95166,5.9173e-15
5241.692383,5.8314e-15
5244.432617,5.8e-15
5247.17334,5.878e-15
5249.913574,5.8294e-15
5252.653809,5.8058e-15
5255.394043,5.7082e-15
5258.134766,5.7948e-15
5260.875,5.966e-15
5263.615234,5.7282e-15
5266.35498,5.7957e-15
5269.095215,5.671e-15
5271.835449,5.7413e-15
5274.575684,5.7017e-15
5277.31543,5.6421e-15
5280.055664,5.6852e-15
5282.79541,5.6748e-15
5285.535645,5.6546e-15
5288.275391,5.5897e-15
5291.015625,5.5978e-15
5293.755371,5.5443e-15
5296.495117,5.6569e-15
5299.234863,5.5134e-15
5301.974609,5.6591e-15
5304.714355,5.5689e-15
5307.454102,5.6187e-15
5310.193848,5.6199e-15
5312.933105,5.5235e-15
5315.672852,5.446e-15
5318.412598,5.5835e-15
5321.151855,5.5196e-15
5323.891602,5.502e-15
5326.630859,5.5339e-15
5329.370117,5.5071e-15
5332.109863,5.3693e-15
5334.849121,5.4839e-15
5337.588379,5.3098e-15
5340.327637,5.3534e-15
5343.066895,5.3817e-15
5345.806152,5.2559e-15
5348.54541,5.3396e-15
5351.284668,5.5241e-15
5354.023438,5.2887e-15
5356.762695,5.3689e-15
5359.501465,5.3016e-15
5362.240723,5.2763e-15
5364.979492,5.3134e-15
5367.71875,5.2612e-15
5370.45752,5.1963e-15
5373.196289,5.1407e-15
5375.935059,5.1544e-15
5378.673828,5.2062e-15
5381.412598,5.0606e-15
5384.151367,4.9745e-15
5386.890137,5.0299e-15
5389.628906,4.8843e-15
5392.367188,4.8539e-15
5395.105957,4.8112e-15
5397.844727,4.8777e-15
5400.583008,4.7805e-15
5403.321777,4.7216e-15
5406.060059,4.6712e-15
5408.79834,4.5854e-15
5411.536621,4.5331e-15
5414.274902,4.6162e-15
5417.013184,4.6004e-15
5419.751465,4.6042e-15
5422.489746,4.6513e-15
5425.228027,4.7064e-15
5427.966309,4.7924e-15
5430.704102,4.8195e-15
5433.442383,4.7257e-15
5436.180664,4.7888e-15
5438.918457,4.7665e-15
5441.65625,4.8716e-15
5444.394531,4.7751e-15
5447.132324,4.8311e-15
5449.870117,4.9075e-15
5453.802734,4.8082e-15
5458.673828,4.8046e-15
5463.544922,4.8118e-15
5468.416016,4.818e-15
5473.287598,4.8841e-15
5478.15918,4.8736e-15
5483.030273,4.8096e-15
5487.901855,4.8232e-15
5492.773438,4.8375e-15
5497.64502,4.7821e-15
5502.516602,4.7793e-15
5507.388672,4.7787e-15
5512.260254,4.7514e-15
5517.132324,4.7152e-15
5522.003906,4.7559e-15
5526.875977,4.7147e-15
5531.748047,4.7436e-15
5536.620117,4.729e-15
5541.492188,4.6871e-15
5546.364258,4.7101e-15
5551.236328,4.6732e-15
5556.108887,4.6342e-15
5560.980957,4.6598e-15
5565.853516,4.6267e-15
5570.726074,4.6065e-15
5575.598145,4.5789e-15
5580.470703,4.5897e-15
5585.343262,4.5409e-15
5590.216309,4.5038e-15
5595.088867,4.5084e-15
5599.961426,4.5207e-15
5604.834473,4.4632e-15
5609.707031,4.4628e-15
5614.580078,4.4503e-15
5619.453125,4.4594e-15
5624.326172,4.4443e-15
5629.199219,4.4252e-15
5634.072266,4.4385e-15
5638.945312,4.3594e-15
5643.818359,4.3135e-15
5648.691895,4.3254e-15
5653.564941,4.4094e-15
5658.438477,4.3642e-15
5663.312012,4.304e-15
5668.185547,4.2853e-15
5673.059082,4.2849e-15
5677.932617,4.2853e-15
5682.806152,4.2581e-15
5687.679688,4.2574e-15
5692.553711,4.2325e-15
5697.427246,4.2731e-15
5702.30127,4.2474e-15
5707.174805,4.2098e-15
5712.048828,4.2012e-15
5716.922852,4.1862e-15
5721.796875,4.1526e-15
5726.670898,4.1234e-15
5731.544922,4.1312e-15
5736.419434,4.0938e-15
5741.293457,4.1005e-15
5746.16748,4.1134e-15
5751.041992,4.1008e-15
5755.916504,4.0803e-15
5760.791016,4.0522e-15
5765.665527,4.0375e-15
5770.540039,4.008e-15
5775.414551,3.9782e-15
5780.289062,3.9787e-15
5785.163574,3.9777e-15
5790.038574,3.9679e-15
5794.913086,3.954e-15
5799.788086,3.9252e-15
5804.662598,3.9522e-15
5809.537598,3.9192e-15
5814.412598,3.8957e-15
5819.287598,3.9036e-15
5824.162598,3.8906e-15
5829.037598,3.8769e-15
5833.913086,3.8483e-15
5838.788086,3.7962e-15
5843.663086,3.8209e-15
5848.538574,3.7904e-15
5853.414062,3.7655e-15
5858.289062,3.7648e-15
5863.164551,3.7285e-15
5868.040039,3.6507e-15
5872.915527,3.54e-15
5877.791016,3.4452e-15
5882.666992,3.4648e-15
5887.54248,3.5764e-15
5892.417969,3.6433e-15
5897.293945,3.671e-15
5902.169434,3.6539e-15
5907.04541,3.67e-15
5911.921387,3.6716e-15
5916.797363,3.619e-15
5921.67334,3.6473e-15
5926.549316,3.6123e-15
5931.425293,3.6214e-15
5936.30127,3.6285e-15
5941.177734,3.5974e-15
5946.053711,3.5924e-15
5950.930176,3.5804e-15
5955.806152,3.548e-15
5960.682617,3.5387e-15
5965.559082,3.5246e-15
5970.435547,3.5335e-15
5975.312012,3.5109e-15
5980.188477,3.5339e-15
5985.064941,3.5078e-15
5989.941406,3.499e-15
5994.818359,3.4828e-15
5999.694824,3.4751e-15
6004.571777,3.4694e-15
6009.448242,3.4446e-15
6014.325195,3.429e-15
6019.202148,3.3923e-15
6024.078613,3.4121e-15
6028.955566,3.405e-15
6033.83252,3.4202e-15
6038.709961,3.3915e-15
6043.586914,3.3738e-15
6048.463867,3.395e-15
6053.341309,3.3428e-15
6058.218262,3.3452e-15
6063.095703,3.285e-15
6067.972656,3.3292e-15
6072.850098,3.2818e-15
6077.727539,3.2807e-15
6082.60498,3.2632e-15
6087.482422,3.2746e-15
6092.359863,3.2669e-15
6097.237305,3.2384e-15
6102.114746,3.2466e-15
6106.992676,3.2419e-15
6111.870117,3.2051e-15
6116.747559,3.2114e-15
6121.625488,3.2045e-15
6126.503418,3.1912e-15
6131.380859,3.1953e-15
6136.258789,3.2043e-15
6141.136719,3.1829e-15
6146.014648,3.1609e-15
6150.892578,3.1635e-15
6155.770508,3.108e-15
6160.648926,3.1326e-15
6165.526855,3.1353e-15
6170.404785,3.1282e-15
6175.283203,3.0917e-15
6180.161133,3.0675e-15
6185.039551,3.0685e-15
6189.917969,3.0775e-15
6194.796387,3.0653e-15
6199.674316,3.0602e-15
6204.552734,3.0466e-15
6209.431152,3.0453e-15
6214.310059,3.0104e-15
6219.188477,3.013e-15
6224.066895,3.0308e-15
6228.945312,3.0181e-15
6233.824219,2.9892e-15
6238.702637,2.9697e-15
6243.581543,2.9713e-15
6248.460449,2.9889e-15
6253.338867,2.963e-15
6258.217773,2.9537e-15
6263.09668,2.9221e-15
6267.975586,2.9341e-15
6272.854492,2.9403e-15
6277.733398,2.9373e-15
6282.612305,2.9328e-15
6287.491699,2.9224e-15
6292.370605,2.8971e-15
6297.249512,2.8739e-15
6302.128906,2.8451e-15
6307.007812,2.8819e-15
6311.887207,2.8906e-15
6316.766602,2.8459e-15
6321.645996,2.8338e-15
6326.524902,2.8179e-15
6331.404297,2.7952e-15
6336.283691,2.7696e-15
6341.163086,2.7681e-15
6346.042969,2.7735e-15
6350.922363,2.775e-15
6355.801758,2.7657e-15
6360.681152,2.7532e-15
6365.561035,2.7537e-15
6370.44043,2.7616e-15
6375.320312,2.7448e-15
6380.200195,2.734e-15
6385.07959,2.7387e-15
6389.959473,2.7142e-15
6394.839355,2.6994e-15
6399.719238,2.6875e-15
6404.599121,2.6865e-15
6409.479004,2.6839e-15
6414.358887,2.6706e-15
6419.23877,2.6546e-15
6424.119141,2.6694e-15
6428.999023,2.6525e-15
6433.879395,2.6288e-15
6438.759277,2.6345e-15
6443.639648,2.6319e-15
6448.519531,2.6293e-15
6453.399902,2.6042e-15
6458.280273,2.5881e-15
6463.160156,2.5912e-15
6468.040527,2.596e-15
6472.920898,2.5924e-15
6477.80127,2.5463e-15
6482.681641,2.5631e-15
6487.5625,2.552e-15
6492.442871,2.5404e-15
6497.323242,2.5437e-15
6502.203613,2.5434e-15
6507.084473,2.4819e-15
6511.964844,2.4983e-15
6516.845703,2.4691e-15
6521.726074,2.4365e-15
6526.606934,2.4332e-15
6531.487793,2.4051e-15
6536.368652,2.3767e-15
6541.249512,2.3517e-15
6546.130371,2.3375e-15
6551.010742,2.2659e-15
6555.89209,2.2238e-15
6560.772949,2.1892e-15
6565.653809,2.1989e-15
6570.534668,2.2353e-15
6575.415527,2.2797e-15
6580.296875,2.2891e-15
6585.177734,2.294e-15
6590.059082,2.293e-15
6594.939941,2.2953e-15
6599.821289,2.3318e-15
6604.702148,2.3245e-15
6609.583496,2.3303e-15
6614.464844,2.3246e-15
6619.346191,2.3296e-15
6624.227539,2.3368e-15
6629.108887,2.3271e-15
6633.990234,2.3088e-15
6638.871582,2.3459e-15
6643.75293,2.3083e-15
6648.634277,2.2912e-15
6653.515625,2.321e-15
6658.397461,2.2782e-15
6663.278809,2.2773e-15
6668.160156,2.2694e-15
6673.041992,2.243e-15
6677.923828,2.203e-15
6682.805176,2.1739e-15
6687.687012,2.1869e-15
6692.568359,2.2049e-15
6697.450195,2.2379e-15
6702.332031,2.2123e-15
6707.213867,2.2108e-15
6712.095703,2.2293e-15
6716.977539,2.2042e-15
6721.859375,2.2143e-15
6726.741211,2.2269e-15
6731.623047,2.2437e-15
6736.504883,2.2138e-15
6741.387207,2.2109e-15
6746.269043,2.1943e-15
6751.150879,2.2045e-15
6756.033203,2.1903e-15
6760.915039,2.1796e-15
6765.797363,2.1751e-15
6770.679199,2.1827e-15
6775.561523,2.1777e-15
6780.443848,2.1702e-15
6785.325684,2.1766e-15
6790.208008,2.1515e-15
6795.090332,2.1377e-15
6799.972656,2.1443e-15
6804.85498,2.1232e-15
6809.737305,2.1197e-15
6814.619629,2.1236e-15
6819.501953,2.127e-15
6824.384277,2.1154e-15
6829.266602,2.0858e-15
6834.148926,2.0879e-15
6839.031738,2.0943e-15
6843.914062,2.0755e-15
6848.796387,2.088e-15
6853.679199,2.0747e-15
6858.561523,2.0695e-15
6863.444336,2.0496e-15
6868.32666,2.038e-15
6873.209473,2.0291e-15
6878.092285,2.0298e-15
6882.974609,2.0394e-15
6887.857422,2.0278e-15
6892.740234,2.0294e-15
6897.623047,2.0187e-15
6902.505859,2.0024e-15
6907.388672,1.9913e-15
6912.271484,2.0105e-15
6917.154297,2e-15
6922.037109,1.9914e-15
6926.919922,1.9871e-15
6931.802734,1.9795e-15
6936.685547,1.9771e-15
6941.568359,1.9937e-15
6946.45166,1.98e-15
6951.334473,1.9566e-15
6956.217285,1.9278e-15
6961.100586,1.9333e-15
6965.983398,1.9399e-15
6970.866699,1.9521e-15
6975.749512,1.943e-15
6980.632812,1.9451e-15
6985.516113,1.9331e-15
6990.398926,1.9353e-15
6995.282227,1.9288e-15
7000.165527,1.9093e-15
7005.048828,1.9151e-15
7009.932129,1.9082e-15
7014.814941,1.8949e-15
7019.698242,1.8851e-15
7024.581543,1.8932e-15
7029.464844,1.8759e-15
7034.348145,1.8679e-15
7039.231445,1.8641e-15
7044.115234,1.8569e-15
7048.998535,1.8566e-15
7053.881836,1.8672e-15
7058.765137,1.8398e-15
7063.648438,1.8054e-15
7068.532227,1.7818e-15
7073.415527,1.7833e-15
7078.299316,1.8015e-15
7083.182617,1.8043e-15
7088.065918,1.8027e-15
7092.949707,1.7983e-15
7097.833496,1.7984e-15
7102.716797,1.7858e-15
7107.600586,1.7891e-15
7112.483887,1.7823e-15
7117.367676,1.7787e-15
7122.251465,1.7843e-15
7127.135254,1.7712e-15
7132.018555,1.7748e-15
7136.902344,1.784e-15
7141.786133,1.7623e-15
7146.669922,1.7558e-15
7151.553711,1.7521e-15
7156.4375,1.7436e-15
7161.321289,1.7308e-15
7166.205078,1.7259e-15
7171.088867,1.7376e-15
7175.972656,1.7421e-15
7180.856445,1.7088e-15
7185.740234,1.7086e-15
7190.624512,1.7149e-15
7195.508301,1.7072e-15
7200.39209,1.7116e-15
7205.275879,1.7056e-15
7210.160156,1.6872e-15
7215.043945,1.6886e-15
7219.927734,1.6888e-15
7224.812012,1.6929e-15
7229.695801,1.6751e-15
7234.580078,1.6838e-15
7239.463867,1.6794e-15
7244.348145,1.6606e-15
7249.231934,1.6779e-15
7254.116211,1.6723e-15
7259.000488,1.6668e-15
7263.884277,1.6478e-15
7268.768555,1.651e-15
7273.652832,1.6361e-15
7278.536621,1.6234e-15
7283.420898,1.6228e-15
7288.305176,1.6202e-15
7293.189453,1.6226e-15
7298.07373,1.6233e-15
7302.95752,1.621e-15
7307.841797,1.613e-15
7312.726074,1.6068e-15
7317.610352,1.622e-15
7322.494629,1.5939e-15
7327.378906,1.5935e-15
7332.263184,1.6015e-15
7337.147461,1.5817e-15
7342.031738,1.5986e-15
7346.916016,1.5881e-15
7351.800781,1.581e-15
7356.685059,1.5803e-15
7361.569336,1.5744e-15
7366.453613,1.5895e-15
7371.337891,1.5516e-15
7376.222656,1.5703e-15
7381.106934,1.5717e-15
7385.991211,1.5713e-15
7390.875488,1.556e-15
7395.760254,1.5697e-15
7400.644531,1.5401e-15
7405.528809,1.5336e-15
7410.413574,1.5367e-15
7415.297852,1.5372e-15
7420.182617,1.5313e-15
7425.066895,1.5152e-15
7429.95166,1.5265e-15
7434.835938,1.5284e-15
7439.720703,1.5152e-15
7444.60498,1.5202e-15
7449.489746,1.5056e-15
7454.374023,1.51e-15
7459.258789,1.5147e-15
7464.143555,1.4993e-15
7469.027832,1.4826e-15
7473.912598,1.4859e-15
7478.797363,1.4699e-15
7483.681641,1.4685e-15
7488.566406,1.4866e-15
7493.451172,1.5005e-15
7498.335938,1.5259e-15
7503.220215,1.4645e-15
7508.10498,1.4414e-15
7512.989746,1.448e-15
7517.874512,1.465e-15
7522.759277,1.4648e-15
7527.643555,1.4599e-15
7532.52832,1.4491e-15
7537.413086,1.4415e-15
7542.297852,1.435e-15
7547.182617,1.4366e-15
7552.067383,1.424e-15
7556.952148,1.4131e-15
7561.836914,1.4222e-15
7566.72168,1.4148e-15
7571.606445,1.3966e-15
7576.491211,1.3793e-15
7581.375977,1.3803e-15
7586.260742,1.3588e-15
7591.145508,1.3817e-15
7596.030273,1.3567e-15
7600.915039,1.3569e-15
7605.799805,1.3512e-15
7610.68457,1.3733e-15
7615.569336,1.3609e-15
7620.454102,1.3644e-15
7625.338867,1.3638e-15
7630.224121,1.3685e-15
7635.108887,1.3635e-15
7639.993652,1.3491e-15
7644.878418,1.3496e-15
7649.763184,1.3482e-15
7654.647949,1.3444e-15
7659.533203,1.3306e-15
7664.417969,1.3267e-15
7669.302734,1.3383e-15
7674.1875,1.3418e-15
7679.072754,1.3343e-15
7683.95752,1.3356e-15
7688.842285,1.3277e-15
7693.727051,1.3223e-15
7698.612305,1.3133e-15
7703.49707,1.322e-15
7708.381836,1.2988e-15
7713.266602,1.3096e-15
7718.151855,1.309e-15
7723.036621,1.3037e-15
7727.921387,1.3106e-15
7732.806641,1.3073e-15
7737.691406,1.3114e-15
7742.576172,1.2921e-15
7747.461426,1.2947e-15
7752.346191,1.2855e-15
7757.230957,1.2852e-15
7762.116211,1.2807e-15
7767.000977,1.2855e-15
7771.885742,1.2787e-15
7776.770996,1.2711e-15
7781.655762,1.2483e-15
7786.540527,1.2667e-15
7791.425781,1.2725e-15
7796.310547,1.2598e-15
7801.195801,1.2549e-15
7806.080566,1.2682e-15
7810.965332,1.2533e-15
7815.850586,1.2496e-15
7820.735352,1.2469e-15
7825.620117,1.2438e-15
7830.505371,1.2448e-15
7835.390137,1.236e-15
7840.275391,1.2485e-15
7845.160156,1.2371e-15
7850.044922,1.2398e-15
7854.930176,1.2386e-15
7859.814941,1.2004e-15
7864.700195,1.1889e-15
7869.584961,1.2249e-15
7874.469727,1.2122e-15
7879.35498,1.2059e-15
7884.239746,1.1916e-15
7889.125,1.2132e-15
7894.009766,1.2155e-15
7898.894531,1.217e-15
7903.779785,1.1933e-15
7908.664551,1.2074e-15
7913.549316,1.2027e-15
7918.43457,1.1996e-15
7923.319336,1.1882e-15
7928.20459,1.1609e-15
7933.089355,1.1568e-15
7937.974121,1.1806e-15
7942.859375,1.1627e-15
7947.744141,1.1614e-15
7952.628906,1.1692e-15
7957.51416,1.1763e-15
7962.398926,1.1736e-15
7967.283691,1.1625e-15
7972.168945,1.1691e-15
7977.053711,1.1521e-15
7981.938477,1.1455e-15
7986.82373,1.1721e-15
7991.708496,1.1469e-15
7996.593262,1.1333e-15
8001.478516,1.1173e-15
8006.363281,1.1281e-15
8011.248047,1.1389e-15
8016.132812,1.1484e-15
8021.018066,1.1194e-15
8025.902832,1.1293e-15
8030.787598,1.1305e-15
8035.672363,1.1326e-15
8040.557617,1.1158e-15
8045.442383,1.1217e-15
8050.327148,1.1083e-15
8055.211914,1.1107e-15
8060.097168,1.1031e-15
8064.981934,1.0809e-15
8069.866699,1.0804e-15
8074.751465,1.1173e-15
8079.63623,1.1111e-15
8084.520996,1.1224e-15
8089.40625,1.106e-15
8094.291016,1.0978e-15
8099.175781,1.1051e-15
8104.060547,1.1036e-15
8108.945312,1.0984e-15
8113.830078,1.0916e-15
8118.714844,1.074e-15
8123.599609,1.0569e-15
8128.484375,1.0715e-15
8133.369141,1.0637e-15
8138.253906,1.0462e-15
8143.138672,1.0444e-15
8148.023438,1.0754e-15
8152.908203,1.0587e-15
8157.792969,1.0553e-15
8162.677734,1.0536e-15
8167.5625,1.0384e-15
8172.447266,1.0411e-15
8177.332031,1.049e-15
8182.216797,1.0625e-15
8187.101562,1.051e-15
8191.98584,1.0181e-15
8196.871094,1e-15
8201.755859,1.0271e-15
8206.639648,1.0215e-15
8211.524414,1.0112e-15
8216.40918,9.9997e-16
8221.293945,1.0001e-15
8226.178711,1.0167e-15
8231.063477,1.0135e-15
8235.948242,9.7345e-16
8240.832031,9.8116e-16
8245.716797,9.726e-16
8250.601562,9.5868e-16
8255.486328,9.8703e-16
8260.371094,9.8539e-16
8265.255859,9.8805e-16
8270.139648,9.7005e-16
8275.024414,9.5818e-16
8279.90918,9.6947e-16
8284.793945,9.6246e-16
8289.677734,9.753e-16
8294.5625,9.8623e-16
8299.447266,9.7015e-16
8304.332031,9.472e-16
8309.21582,9.7894e-16
8314.100586,9.8597e-16
8318.985352,9.635e-16
8323.869141,9.7214e-16
8328.753906,9.7883e-16
8333.638672,9.7737e-16
8338.522461,9.7648e-16
8343.407227,9.457e-16
8348.291016,9.5588e-16
8353.175781,9.3533e-16
8358.060547,9.4982e-16
8362.944336,9.3871e-16
8367.829102,9.5153e-16
8372.712891,9.6037e-16
8377.597656,9.4563e-16
8382.481445,9.4042e-16
8387.366211,9.32e-16
8392.25,9.4126e-16
8397.134766,9.6357e-16
8402.018555,9.4706e-16
8406.90332,9.4754e-16
8411.787109,9.3587e-16
8416.671875,9.2778e-16
8421.555664,9.313e-16
8426.439453,9.2729e-16
8431.324219,9.1964e-16
8436.208008,9.2392e-16
8441.092773,9.194e-16
8445.976562,9.1125e-16
8450.860352,9.0363e-16
8455.745117,8.9534e-16
8460.628906,9.14e-16
8465.512695,9.1123e-16
8470.397461,9.2004e-16
8475.28125,9.3353e-16
8480.165039,9.4609e-16
8485.048828,9.106e-16
8489.933594,8.9389e-16
8494.817383,8.9377e-16
8499.701172,9.0785e-16
8504.584961,8.7967e-16
8509.46875,8.8091e-16
8514.352539,8.8359e-16
8519.237305,8.7358e-16
8524.121094,8.7899e-16
8529.004883,8.6172e-16
8533.888672,8.7723e-16
8538.772461,8.8594e-16
8543.65625,8.8589e-16
8548.540039,8.6567e-16
8553.423828,8.9856e-16
8558.307617,8.9008e-16
8563.191406,8.8085e-16
8568.075195,8.9054e-16
8572.958984,8.791e-16
8577.842773,8.735e-16
8582.726562,8.7831e-16
8587.610352,8.8899e-16
8592.493164,8.9036e-16
8597.376953,8.6311e-16
8602.260742,8.4242e-16
8607.144531,8.5721e-16
8612.02832,8.6226e-16
8616.912109,8.4974e-16
8621.794922,8.3541e-16
8626.678711,8.6025e-16
8631.5625,8.4244e-16
8636.446289,8.5515e-16
8641.329102,8.4221e-16
8646.212891,8.4808e-16
8651.09668,8.2313e-16
8655.979492,8.2019e-16
8660.863281,8.3392e-16
8665.746094,8.2986e-16
8670.629883,8.3197e-16
8675.513672,8.3284e-16
8680.396484,8.3592e-16
8685.280273,8.1198e-16
8690.163086,8.2746e-16
8695.046875,8.3772e-16
8699.929688,8.4897e-16
8704.813477,8.358e-16
8709.696289,8.3473e-16
8714.579102,8.1862e-16
8719.462891,8.1299e-16
8724.345703,8.0468e-16
8729.228516,8.1144e-16
8734.112305,8.1563e-16
8738.995117,8.1467e-16
8743.87793,8.1754e-16
8748.761719,8.1692e-16
8753.644531,7.9799e-16
8758.527344,7.887e-16
8763.410156,7.9637e-16
8768.292969,8.13e-16
8773.176758,8.1692e-16
8778.05957,7.8966e-16
8782.942383,7.8541e-16
8787.825195,7.9358e-16
8792.708008,7.9757e-16
8797.59082,7.7861e-16
8802.473633,7.7694e-16
8807.356445,7.8105e-16
8812.239258,7.8833e-16
8817.12207,7.8421e-16
8822.004883,7.662e-16
8826.887695,7.7908e-16
8831.770508,7.7509e-16
8836.652344,7.7808e-16
8841.535156,7.7266e-16
8846.417969,7.8509e-16
8851.300781,7.8465e-16
8856.183594,7.7082e-16
8861.06543,7.6296e-16
8865.948242,7.539e-16
8870.831055,7.5163e-16
8875.712891,7.5571e-16
8880.595703,7.712e-16
8885.478516,7.6404e-16
8890.360352,7.3783e-16
8895.243164,7.5055e-16
8900.125,7.3685e-16
8905.007812,7.5202e-16
8909.889648,7.5141e-16
8914.772461,7.4646e-16
8919.654297,7.4847e-16
8924.537109,7.4937e-16
8929.418945,7.5128e-16
8934.300781,7.3976e-16
8939.183594,7.3277e-16
8944.06543,7.3902e-16
8948.947266,7.3221e-16
8953.830078,7.4828e-16
8958.711914,7.3979e-16
8963.59375,7.4208e-16
8968.475586,7.2014e-16
8973.357422,7.3367e-16
8978.239258,7.3802e-16
8983.12207,7.3257e-16
8988.003906,7.104e-16
8992.885742,7.3097e-16
8997.767578,7.3188e-16
9002.649414,7.3752e-16
9007.53125,7.1061e-16
9012.413086,7.0531e-16
9017.293945,7.1656e-16
9022.175781,7.3811e-16
9027.057617,7.0773e-16
9031.939453,6.9211e-16
9036.821289,7.1764e-16
9041.703125,7.0694e-16
9046.583984,7.1866e-16
9051.46582,7.1005e-16
9056.347656,7.03e-16
9061.228516,7.0094e-16
9066.110352,6.981e-16
9070.992188,7.0693e-16
9075.873047,7.1729e-16
9080.754883,7.0725e-16
9085.635742,6.7958e-16
9090.517578,6.8753e-16
9095.398438,6.7166e-16
9100.280273,6.8347e-16
9105.161133,6.9116e-16
9110.041992,6.7932e-16
9114.923828,6.8807e-16
9119.804688,6.7332e-16
9124.685547,6.6272e-16
9129.566406,6.9318e-16
9134.448242,6.9056e-16
9139.329102,6.7823e-16
9144.209961,6.7137e-16
9149.09082,6.6333e-16
9153.97168,6.6531e-16
9158.852539,6.7701e-16
9163.733398,6.7243e-16
9168.614258,6.7562e-16
9173.495117,6.6029e-16
9178.375977,6.6108e-16
9183.256836,6.7344e-16
9188.137695,6.4955e-16
9193.018555,6.5457e-16
9197.898438,6.5961e-16
9202.779297,6.5406e-16
9207.660156,6.5e-16
9212.541016,6.5771e-16
9217.420898,6.4004e-16
9222.301758,6.4109e-16
9227.182617,6.2432e-16
9232.0625,6.4421e-16
9236.943359,6.3579e-16
9241.823242,6.4418e-16
9246.704102,6.4237e-16
9251.583984,6.4906e-16
9256.464844,6.3383e-16
9261.344727,6.2903e-16
9266.224609,6.2826e-16
9271.105469,6.1866e-16
9275.985352,6.3265e-16
9280.865234,6.3043e-16
9285.745117,6.2785e-16
9290.625,6.1439e-16
9295.505859,6.2107e-16
9300.385742,6.2619e-16
9305.265625,6.2347e-16
9310.145508,6.2938e-16
9315.025391,6.067e-16
9319.905273,6.0544e-16
9324.785156,6.035e-16
9329.665039,6.152e-16
9334.543945,6.0841e-16
9339.423828,5.9572e-16
9344.303711,5.8029e-16
9349.183594,5.8387e-16
9354.063477,5.8842e-16
9358.942383,5.832e-16
9363.822266,5.9776e-16
9368.701172,5.9232e-16
9373.581055,5.9792e-16
9378.460938,5.9029e-16
9383.339844,6.0079e-16
9388.219727,6.1288e-16
9393.098633,5.9833e-16
9397.977539,5.984e-16
9402.857422,5.8703e-16
9407.736328,6.0085e-16
9412.615234,5.86e-16
9417.495117,6.0602e-16
9422.374023,5.883e-16
9427.25293,5.8176e-16
9432.131836,6.0009e-16
9437.010742,5.9401e-16
9441.889648,5.8738e-16
9446.768555,5.7317e-16
9451.647461,5.7439e-16
9456.526367,5.8059e-16
9461.405273,5.8268e-16
9466.28418,5.735e-16
9471.163086,5.9983e-16
9476.041016,5.887e-16
9480.919922,5.7705e-16
9485.798828,5.9336e-16
9490.677734,5.6297e-16
9495.555664,5.6795e-16
9500.43457,5.6933e-16
9505.3125,5.7337e-16
9510.191406,5.8647e-16
9515.069336,5.8567e-16
9519.948242,5.7608e-16
9524.826172,5.8804e-16
9529.705078,5.8736e-16
9534.583008,5.6641e-16
9539.460938,5.7108e-16
9544.338867,5.6769e-16
9549.217773,5.7078e-16
9554.095703,5.5957e-16
9558.973633,5.6562e-16
9563.851562,5.8195e-16
9568.729492,5.8691e-16
9573.607422,5.7027e-16
9578.485352,5.5305e-16
9583.363281,5.5871e-16
9588.241211,5.7244e-16
9593.118164,5.5347e-16
9597.996094,5.472e-16
9602.874023,5.4363e-16
9607.751953,5.6111e-16
9612.628906,5.5816e-16
9617.506836,5.7583e-16
9622.384766,5.5533e-16
9627.261719,5.4917e-16
9632.139648,5.5008e-16
9637.016602,5.3438e-16
9641.893555,5.3834e-16
9646.771484,5.611e-16
9651.648438,5.5943e-16
9656.525391,5.3054e-16
9661.40332,5.2276e-16
9666.280273,5.5687e-16
9671.157227,5.3586e-16
9676.03418,5.2091e-16
9680.911133,5.3692e-16
9685.788086,5.2864e-16
9690.665039,5.3762e-16
9695.541992,5.3742e-16
9700.418945,5.4601e-16
9705.295898,5.4334e-16
9710.172852,5.1956e-16
9715.048828,5.3005e-16
9719.925781,5.3532e-16
9724.802734,5.3166e-16
9729.678711,5.3946e-16
9734.555664,5.5531e-16
9739.431641,5.2809e-16
9744.308594,5.4596e-16
9749.18457,5.2775e-16
9754.061523,5.3993e-16
9758.9375,5.5418e-16
9763.813477,5.4221e-16
9768.69043,5.3527e-16
9773.566406,5.1491e-16
9778.442383,5.0564e-16
9783.318359,5.0767e-16
9788.194336,4.9547e-16
9793.070312,5.0747e-16
9797.946289,5.2416e-16
9802.822266,4.8845e-16
9807.698242,5.3134e-16
9812.574219,5.0615e-16
9817.450195,4.9367e-16
9822.325195,4.6405e-16
9827.201172,5.3165e-16
9832.077148,5.0975e-16
9836.952148,5.1734e-16
9841.828125,5.1574e-16
9846.703125,5.1704e-16
9851.579102,5.1665e-16
9856.454102,4.9701e-16
9861.330078,5.0487e-16
9866.205078,5.023e-16
9871.080078,5.0287e-16
9875.956055,4.8221e-16
9880.831055,5.0803e-16
9885.706055,5.0141e-16
9890.581055,4.9809e-16
9895.456055,4.9674e-16
9900.331055,4.702e-16
9905.206055,5.2207e-16
9910.081055,5.3164e-16
9914.956055,5.1329e-16
9919.830078,4.9933e-16
9924.705078,5.0534e-16
9929.580078,4.5583e-16
9934.454102,4.6013e-16
9939.329102,4.9393e-16
9944.204102,4.9672e-16
9949.078125,4.7294e-16
9953.953125,4.8279e-16
9958.827148,4.9205e-16
9963.701172,4.7966e-16
9968.576172,4.7911e-16
9973.450195,5.1316e-16
9978.324219,5.1456e-16
9983.198242,4.9861e-16
9988.072266,4.9409e-16
9992.946289,4.7454e-16
9997.820312,4.6873e-16
10002.694336,4.6254e-16
10007.568359,4.3323e-16
10012.442383,4.6822e-16
10017.316406,4.5253e-16
10022.189453,4.3719e-16
10027.063477,4.9138e-16
10031.9375,4.8331e-16
10036.810547,4.7346e-16
10041.68457,4.4679e-16
10046.557617,4.5411e-16
10051.431641,4.4801e-16
10056.304688,4.6899e-16
10061.177734,4.324e-16
10066.051758,4.4605e-16
10070.924805,4.5091e-16
10075.797852,4.3303e-16
10080.670898,4.2555e-16
10085.543945,4.3696e-16
10090.416992,4.7847e-16
10095.290039,4.6311e-16
10100.163086,4.8364e-16
10105.036133,4.6324e-16
10109.90918,4.2612e-16
10114.78125,4.556e-16
10119.654297,4.2579e-16
10124.527344,4.5807e-16
10129.399414,4.3502e-16
10134.272461,4.4031e-16
10139.144531,3.7436e-16
10144.017578,4.3852e-16
10148.889648,4.3809e-16
10153.761719,3.9119e-16
10158.634766,3.9418e-16
10163.506836,3.7821e-16
10168.378906,4.2256e-16
10173.250977,4.3613e-16
10178.123047,4.0576e-16
10182.995117,4.5772e-16
10187.867188,4.2397e-16
10192.739258,3.9651e-16
10197.610352,4.1905e-16
10202.482422,4.2261e-16
10207.354492,4.1908e-16
10212.226562,3.5642e-16
10217.097656,3.6319e-16
10221.969727,4.2623e-16
10226.84082,4.7115e-16
10231.712891,4.2325e-16
10236.583984,4.34e-16
10241.455078,3.6958e-16
