wave,flux
1140.5999755859375,8.728202e-12
1141.5999755859375,1.0082291e-11
1142.5999755859375,9.543865e-12
1143.5999755859375,8.918657e-12
1144.5999755859375,8.858324e-12
1145.5999755859375,9.35259e-12
1146.5999755859375,1.0051491e-11
1147.5999755859375,1.02992545e-11
1148.5999755859375,9.918139e-12
1149.6500244140625,1.0617299e-11
1150.6500244140625,9.810617e-12
1151.6500244140625,9.238628e-12
1152.6500244140625,1.0070247e-11
1153.6500244140625,9.423898e-12
1154.6500244140625,9.272751e-12
1155.6500244140625,9.205085e-12
1156.675048828125,9.456975e-12
1157.7000732421875,8.713274e-12
1158.7000732421875,8.9249285e-12
1159.7000732421875,9.470563e-12
1160.7000732421875,9.121388e-12
1161.7000732421875,9.130402e-12
1162.7000732421875,9.528701e-12
1163.7000732421875,9.8050335e-12
1164.72509765625,9.977409e-12
1165.75,8.898642e-12
1166.75,8.96652e-12
1167.75,9.32198e-12
1168.75,9.29763e-12
1169.75,8.465491e-12
1170.75,8.9246275e-12
1171.800048828125,9.035431e-12
1172.800048828125,8.668863e-12
1173.800048828125,8.789115e-12
1174.800048828125,7.893032e-12
1175.800048828125,5.894132e-12
1176.800048828125,6.9924426e-12
1177.800048828125,8.445111e-12
1178.8250732421875,8.711425e-12
1179.8499755859375,7.9765e-12
1180.8499755859375,8.368108e-12
1181.8499755859375,8.612182e-12
1182.8499755859375,7.984959e-12
1183.8499755859375,7.332125e-12
1184.875,7.147958e-12
1185.9000244140625,7.823607e-12
1186.9000244140625,8.4620505e-12
1187.9000244140625,8.091501e-12
1188.9000244140625,7.9473424e-12
1189.9000244140625,7.754289e-12
1190.9000244140625,7.2202457e-12
1191.925048828125,7.823255e-12
1192.9500732421875,6.7949006e-12
1193.9500732421875,6.570318e-12
1194.9500732421875,7.2858455e-12
1195.9500732421875,7.289252e-12
1196.9500732421875,7.904337e-12
1197.97509765625,7.358793e-12
1199.0,6.6003206e-12
1200.0,5.884956e-12
1201.0,5.9268987e-12
1202.0,6.7329037e-12
1203.0,7.696167e-12
1204.0,7.588033e-12
1205.050048828125,7.689843e-12
1206.050048828125,7.5554216e-12
1207.050048828125,6.4906457e-12
1208.050048828125,7.357798e-12
1209.050048828125,7.569766e-12
1210.0750732421875,7.1916683e-12
1211.0999755859375,6.9959303e-12
1212.0999755859375,6.214442e-12
1213.0999755859375,4.9010375e-12
1214.0999755859375,3.175519e-12
1215.0999755859375,1.5471601e-12
1216.125,1.1734007e-12
1217.1500244140625,2.0808739e-12
1218.1500244140625,4.046643e-12
1219.1500244140625,5.7806897e-12
1220.1500244140625,6.641029e-12
1221.1500244140625,7.421373e-12
1222.2000732421875,7.54854e-12
1223.2000732421875,7.611739e-12
1224.2000732421875,8.559807e-12
1225.2000732421875,8.781212e-12
1226.2000732421875,8.426508e-12
1227.2000732421875,8.141311e-12
1228.25,7.72375e-12
1229.25,7.8497495e-12
1230.25,7.975421e-12
1231.25,8.54634e-12
1232.25,8.638878e-12
1233.2750244140625,8.0766565e-12
1234.300048828125,8.1675005e-12
1235.300048828125,8.5103495e-12
1236.300048828125,8.094417e-12
1237.300048828125,7.664207e-12
1238.300048828125,7.328639e-12
1239.3250732421875,7.2515787e-12
1240.3499755859375,7.727503e-12
1241.3499755859375,7.877567e-12
1242.3499755859375,7.853366e-12
1243.3499755859375,7.502102e-12
1244.375,8.155028e-12
1245.4000244140625,8.10453e-12
1246.4000244140625,8.299045e-12
1247.4000244140625,7.84702e-12
1248.4000244140625,7.3349755e-12
1249.4000244140625,7.311061e-12
1250.4500732421875,7.0252623e-12
1251.4500732421875,7.228334e-12
1252.4500732421875,7.1537025e-12
1253.4500732421875,7.101581e-12
1254.4500732421875,6.971684e-12
1255.47509765625,7.341833e-12
1256.5,7.911308e-12
1257.5,7.5171215e-12
1258.5,7.2849825e-12
1259.5,6.8593425e-12
1260.5,6.340539e-12
1261.550048828125,7.0245728e-12
1262.550048828125,7.556222e-12
1263.550048828125,7.890852e-12
1264.550048828125,8.2081815e-12
1265.550048828125,8.310473e-12
1266.5999755859375,8.317529e-12
1267.5999755859375,7.996483e-12
1268.5999755859375,8.04009e-12
1269.5999755859375,8.024104e-12
1270.5999755859375,7.880134e-12
1271.625,7.77054e-12
1272.6500244140625,7.755696e-12
1273.6500244140625,7.794908e-12
1274.6500244140625,7.979435e-12
1275.6500244140625,7.7031445e-12
1276.675048828125,7.712167e-12
1277.7000732421875,7.727099e-12
1278.7000732421875,7.908888e-12
1279.7000732421875,7.740496e-12
1280.7000732421875,7.67531e-12
1281.7000732421875,7.573135e-12
1282.75,7.742955e-12
1283.75,7.596406e-12
1284.75,7.446773e-12
1285.75,7.464875e-12
1286.75,7.459121e-12
1287.800048828125,7.383559e-12
1288.800048828125,7.472305e-12
1289.800048828125,7.541992e-12
1290.800048828125,7.567003e-12
1291.800048828125,7.802321e-12
1292.800048828125,7.9269395e-12
1293.8499755859375,8.0765e-12
1294.8499755859375,8.0249765e-12
1295.8499755859375,7.6214824e-12
1296.8499755859375,7.0200243e-12
1297.8499755859375,7.2420867e-12
1298.9000244140625,7.041818e-12
1299.9000244140625,7.101407e-12
1300.9000244140625,6.8332167e-12
1301.9000244140625,5.991709e-12
1302.9000244140625,6.18316e-12
1303.925048828125,6.910583e-12
1304.9500732421875,6.8796193e-12
1305.9500732421875,7.447369e-12
1306.9500732421875,7.305914e-12
1307.9500732421875,7.532151e-12
1308.97509765625,7.6227575e-12
1310.0,7.449589e-12
1311.0,8.112807e-12
1312.0,7.751895e-12
1313.0,7.2743166e-12
1314.0,7.645814e-12
1315.050048828125,7.1107287e-12
1316.050048828125,7.186507e-12
1317.050048828125,7.477212e-12
1318.050048828125,7.340243e-12
1319.050048828125,7.410263e-12
1320.0999755859375,7.579898e-12
1321.0999755859375,7.578572e-12
1322.0999755859375,7.68858e-12
1323.0999755859375,7.624868e-12
1324.0999755859375,7.290422e-12
1325.0999755859375,7.1007393e-12
1326.1500244140625,7.802531e-12
1327.1500244140625,7.681417e-12
1328.1500244140625,7.347383e-12
1329.1500244140625,7.1381043e-12
1330.1500244140625,7.183532e-12
1331.2000732421875,7.436466e-12
1332.2000732421875,7.1484372e-12
1333.2000732421875,6.8175244e-12
1334.2000732421875,6.3418537e-12
1335.2000732421875,5.824829e-12
1336.22509765625,6.7714783e-12
1337.25,7.1018664e-12
1338.25,6.865569e-12
1339.25,6.930153e-12
1340.25,6.9157054e-12
1341.25,7.0840586e-12
1342.300048828125,7.1898047e-12
1343.300048828125,7.0610306e-12
1344.300048828125,6.9150384e-12
1345.300048828125,7.0303537e-12
1346.300048828125,6.6050186e-12
1347.300048828125,6.738662e-12
1348.3499755859375,6.33653e-12
1349.3499755859375,6.767403e-12
1350.3499755859375,6.8019652e-12
1351.3499755859375,6.9811153e-12
1352.3499755859375,7.190717e-12
1353.375,7.0760546e-12
1354.4000244140625,7.302166e-12
1355.4000244140625,6.949201e-12
1356.4000244140625,6.54175e-12
1357.4000244140625,6.558853e-12
1358.4000244140625,6.7920877e-12
1359.425048828125,6.759849e-12
1360.4500732421875,6.9950963e-12
1361.4500732421875,6.8993973e-12
1362.4500732421875,6.479065e-12
1363.4500732421875,6.4586483e-12
1364.4500732421875,6.81828e-12
1365.5,6.8567495e-12
1366.5,6.9105936e-12
1367.5,6.826472e-12
1368.5,6.9902955e-12
1369.5,7.0728835e-12
1370.5,7.081001e-12
1371.550048828125,6.865819e-12
1372.550048828125,6.6603277e-12
1373.550048828125,6.836476e-12
1374.550048828125,6.3961857e-12
1375.550048828125,6.484079e-12
1376.550048828125,6.6961805e-12
1377.5999755859375,6.6103225e-12
1378.5999755859375,6.4509166e-12
1379.5999755859375,6.679049e-12
1380.5999755859375,6.7720994e-12
1381.5999755859375,6.76012e-12
1382.5999755859375,6.616831e-12
1383.625,6.7396744e-12
1384.6500244140625,6.349143e-12
1385.6500244140625,6.212094e-12
1386.6500244140625,5.932928e-12
1387.6500244140625,5.6363737e-12
1388.6500244140625,5.86456e-12
1389.6500244140625,6.5075163e-12
1390.7000732421875,6.4680453e-12
1391.7000732421875,6.3504167e-12
1392.7000732421875,5.6344556e-12
1393.7000732421875,4.2626137e-12
1394.7000732421875,4.208137e-12
1395.7000732421875,5.4436117e-12
1396.72509765625,5.863686e-12
1397.75,6.0148596e-12
1398.75,6.1558324e-12
1399.75,6.4662668e-12
1400.75,5.8630253e-12
1401.75,5.670731e-12
1402.75,4.672991e-12
1403.7750244140625,4.9381345e-12
1404.800048828125,5.860194e-12
1405.800048828125,6.1244365e-12
1406.800048828125,6.013059e-12
1407.800048828125,5.921811e-12
1408.800048828125,5.901337e-12
1409.800048828125,5.683132e-12
1410.800048828125,5.79805e-12
1411.85009765625,5.877415e-12
1412.85009765625,6.183526e-12
1413.85009765625,6.15078e-12
1414.85009765625,5.642141e-12
1415.85009765625,5.8864033e-12
1416.85009765625,5.910902e-12
1417.85009765625,5.6276676e-12
1418.900146484375,5.5647357e-12
1419.900146484375,5.3809405e-12
1420.900146484375,5.4689777e-12
1421.900146484375,5.7638525e-12
1422.900146484375,5.863626e-12
1423.900146484375,5.953673e-12
1424.900146484375,6.0480145e-12
1425.900146484375,5.6096404e-12
1426.925048828125,5.028831e-12
1427.9500732421875,4.983882e-12
1428.9500732421875,5.7518786e-12
1429.9500732421875,5.535441e-12
1430.9500732421875,5.207934e-12
1431.9500732421875,5.3256314e-12
1432.9500732421875,5.6122906e-12
1433.9500732421875,5.652985e-12
1434.9749755859375,5.6491964e-12
1436.0,5.6302133e-12
1437.0,5.839653e-12
1438.0,5.489534e-12
1439.0,5.515299e-12
1440.0,5.4472945e-12
1441.0,5.4992118e-12
1442.0,5.6060863e-12
1443.0,5.4530594e-12
1444.0,5.7070932e-12
1445.050048828125,5.496353e-12
1446.050048828125,5.682072e-12
1447.050048828125,5.445343e-12
1448.050048828125,5.7003694e-12
1449.050048828125,5.4056013e-12
1450.050048828125,5.2395093e-12
1451.050048828125,5.495597e-12
1452.050048828125,5.075074e-12
1453.050048828125,4.9959e-12
1454.050048828125,5.1269757e-12
1455.0999755859375,5.1440805e-12
1456.0999755859375,5.1982056e-12
1457.0999755859375,5.4043727e-12
1458.0999755859375,5.4669385e-12
1459.0999755859375,5.3149147e-12
1460.0999755859375,5.176911e-12
1461.0999755859375,4.89498e-12
1462.0999755859375,5.0994577e-12
1463.0999755859375,5.3923315e-12
1464.0999755859375,5.5892656e-12
1465.0999755859375,5.381659e-12
1466.0999755859375,5.214991e-12
1467.1500244140625,4.950077e-12
1468.1500244140625,4.8450332e-12
1469.1500244140625,5.129394e-12
1470.1500244140625,5.42155e-12
1471.1500244140625,5.444748e-12
1472.1500244140625,5.2764707e-12
1473.1500244140625,5.091999e-12
1474.1500244140625,5.3734825e-12
1475.1500244140625,5.465765e-12
1476.1500244140625,5.3212526e-12
1477.1500244140625,5.1097837e-12
1478.1500244140625,5.1448225e-12
1479.1500244140625,5.247545e-12
1480.1500244140625,5.4582562e-12
1481.175048828125,5.257522e-12
1482.2000732421875,5.2105937e-12
1483.2000732421875,4.9980857e-12
1484.2000732421875,4.8713134e-12
1485.2000732421875,4.866445e-12
1486.2000732421875,5.1006703e-12
1487.2000732421875,5.1096267e-12
1488.2000732421875,5.411773e-12
1489.2000732421875,5.52476e-12
1490.2000732421875,5.1625327e-12
1491.2000732421875,5.1832544e-12
1492.2000732421875,5.1268313e-12
1493.2000732421875,5.1106675e-12
1494.2000732421875,5.0442784e-12
1495.2000732421875,4.9100385e-12
1496.2000732421875,4.8766004e-12
1497.2000732421875,5.0260004e-12
1498.2000732421875,4.701881e-12
1499.2000732421875,4.3211177e-12
1500.2000732421875,4.237859e-12
1501.2000732421875,4.3887606e-12
1502.2000732421875,4.3616053e-12
1503.2000732421875,4.5732146e-12
1504.2000732421875,4.581714e-12
1505.2000732421875,4.611313e-12
1506.2000732421875,4.7918488e-12
1507.25,5.1346327e-12
1508.25,5.300013e-12
1509.25,5.2980623e-12
1510.25,5.0934643e-12
1511.25,4.8003598e-12
1512.25,4.7133053e-12
1513.25,4.714749e-12
1514.25,4.8790043e-12
1515.25,5.000215e-12
1516.25,4.7383473e-12
1517.25,4.7111867e-12
1518.25,5.0304127e-12
1519.25,5.0861806e-12
1520.25,5.028514e-12
1521.25,4.9783723e-12
1522.25,4.9325765e-12
1523.25,5.142471e-12
1524.25,4.8909696e-12
1525.25,4.334211e-12
1526.25,3.9414656e-12
1527.25,3.645112e-12
1528.25,4.2748825e-12
1529.25,4.6586047e-12
1530.25,4.4367327e-12
1531.25,4.3180867e-12
1532.25,4.0952224e-12
1533.22509765625,3.9530393e-12
1534.2000732421875,3.898802e-12
1535.2000732421875,4.214184e-12
1536.2000732421875,4.336857e-12
1537.2000732421875,4.3354717e-12
1538.2000732421875,4.1456465e-12
1539.2000732421875,4.1933926e-12
1540.2000732421875,4.521906e-12
1541.2000732421875,4.4357235e-12
1542.2000732421875,4.3372e-12
1543.2000732421875,4.088225e-12
1544.2000732421875,4.1075914e-12
1545.2000732421875,4.151023e-12
1546.2000732421875,4.173282e-12
1547.2000732421875,4.0234456e-12
1548.2000732421875,3.8126798e-12
1549.2000732421875,3.7995032e-12
1550.2000732421875,3.950316e-12
1551.2000732421875,3.69245e-12
1552.2000732421875,3.9988126e-12
1553.2000732421875,3.840096e-12
1554.2000732421875,4.196692e-12
1555.2000732421875,4.290311e-12
1556.175048828125,4.1197393e-12
1557.1500244140625,4.129786e-12
1558.1500244140625,4.0692462e-12
1559.1500244140625,3.9537323e-12
1560.1500244140625,3.7987742e-12
1561.1500244140625,3.7443213e-12
1562.1500244140625,3.972555e-12
1563.1500244140625,3.785696e-12
1564.1500244140625,3.794777e-12
1565.1500244140625,3.796634e-12
1566.1500244140625,3.9692707e-12
1567.1500244140625,3.757948e-12
1568.1500244140625,3.9734036e-12
1569.125,3.9316952e-12
1570.0999755859375,3.933175e-12
1571.0999755859375,3.985776e-12
1572.0999755859375,4.129893e-12
1573.0999755859375,4.208485e-12
1574.0999755859375,4.139887e-12
1575.0999755859375,4.0240584e-12
1576.0999755859375,3.8239707e-12
1577.0999755859375,3.9528346e-12
1578.0999755859375,3.9067295e-12
1579.074951171875,3.973998e-12
1580.050048828125,3.8959612e-12
1581.050048828125,3.898545e-12
1582.050048828125,3.861823e-12
1583.050048828125,3.857914e-12
1584.050048828125,3.8684624e-12
1585.050048828125,4.0102288e-12
1586.050048828125,4.1259812e-12
1587.050048828125,4.373924e-12
1588.0,4.3213644e-12
1589.0,4.2785367e-12
1590.0,4.349112e-12
1591.0,4.1784245e-12
1592.0,3.803234e-12
1593.0,3.835954e-12
1594.0,3.9273706e-12
1594.97509765625,3.8038687e-12
1595.9500732421875,3.7725443e-12
1596.9500732421875,3.939982e-12
1597.9500732421875,3.894597e-12
1599.3250732421875,3.9352757e-12
1600.775146484375,3.8748588e-12
1602.2501220703125,3.6457803e-12
1603.72509765625,3.7158453e-12
1605.175048828125,3.6388752e-12
1606.650146484375,3.5681126e-12
1608.1251220703125,3.5460103e-12
1609.5750732421875,3.346665e-12
1611.050048828125,3.2664934e-12
1612.5250244140625,3.4690371e-12
1613.97509765625,3.6856893e-12
1615.4500732421875,3.7206844e-12
1616.925048828125,3.9032857e-12
1618.375,3.868946e-12
1619.8499755859375,3.7833356e-12
1621.3250732421875,3.680641e-12
1622.775146484375,3.686915e-12
1624.275146484375,3.7285426e-12
1625.7501220703125,3.7723583e-12
1627.22509765625,3.6398514e-12
1628.675048828125,3.6190614e-12
1630.150146484375,3.4624712e-12
1631.6251220703125,3.4117928e-12
1633.0750732421875,3.5437105e-12
1634.550048828125,3.6014618e-12
1636.0250244140625,3.5972403e-12
1637.47509765625,3.50518e-12
1638.9500732421875,3.090227e-12
1640.4500732421875,2.6275484e-12
1641.925048828125,2.8170983e-12
1643.375,3.3276227e-12
1644.8499755859375,3.5664679e-12
1646.3250732421875,3.7580984e-12
1647.775146484375,3.795219e-12
1649.2501220703125,3.8658295e-12
1650.72509765625,3.783978e-12
1652.175048828125,3.659882e-12
1653.675048828125,3.573344e-12
1655.150146484375,3.6865467e-12
1656.6251220703125,3.478009e-12
1658.0750732421875,3.403613e-12
1659.550048828125,3.5849175e-12
1661.0250244140625,3.6500356e-12
1662.47509765625,3.6683595e-12
1663.9500732421875,3.7107054e-12
1665.4500732421875,3.6231014e-12
1666.925048828125,3.7320438e-12
1668.375,3.5360337e-12
1669.8499755859375,3.355677e-12
1670.015869,3.3082e-12
1671.386353,3.2302e-12
1672.756958,3.4032e-12
1674.127563,3.4262e-12
1675.498169,3.5483e-12
1676.868774,3.9132e-12
1678.23938,3.9545e-12
1679.609985,3.9295e-12
1680.980591,3.7833e-12
1682.351318,3.8175e-12
1683.721924,3.8517e-12
1685.092651,3.7047e-12
1686.463379,3.5348e-12
1687.834106,3.5892e-12
1689.204834,3.5665e-12
1690.575562,3.5297e-12
1691.946411,3.6163e-12
1693.317139,3.6787e-12
1694.687988,3.5814e-12
1696.058716,3.5941e-12
1697.429565,3.4779e-12
1698.800415,3.4241e-12
1700.171265,3.4145e-12
1701.542114,3.6522e-12
1702.912964,3.6482e-12
1704.283936,3.5852e-12
1705.654785,3.4986e-12
1707.025757,3.5044e-12
1708.396606,3.5874e-12
1709.767578,3.5438e-12
1711.13855,3.6406e-12
1712.509521,3.5526e-12
1713.880493,3.4766e-12
1715.251587,3.3654e-12
1716.622559,3.0723e-12
1717.993652,2.8567e-12
1719.364624,3.1769e-12
1720.735718,3.1438e-12
1722.106812,3.1e-12
1723.477905,3.1373e-12
1724.848999,3.2575e-12
1726.220093,3.2737e-12
1727.591187,3.3886e-12
1728.962402,3.2444e-12
1730.333496,3.1904e-12
1731.704712,3.2918e-12
1733.075806,3.3e-12
1734.447021,3.4057e-12
1735.818237,3.4252e-12
1737.189453,3.4004e-12
1738.560791,3.2149e-12
1739.932007,3.1903e-12
1741.303223,3.1556e-12
1742.674561,3.325e-12
1744.045776,3.4775e-12
1745.417114,3.4128e-12
1746.788452,3.0977e-12
1748.15979,3.165e-12
1749.531128,3.1611e-12
1750.902466,2.9941e-12
1752.273804,3.0791e-12
1753.645142,3.203e-12
1755.016602,3.352e-12
1756.387939,3.4816e-12
1757.759399,3.308e-12
1759.130859,3.3158e-12
1760.502319,3.254e-12
1761.873779,3.1979e-12
1763.245239,3.1692e-12
1764.616699,3.2228e-12
1765.988159,3.2353e-12
1767.359741,3.2338e-12
1768.731201,3.2226e-12
1770.102783,3.2478e-12
1771.474365,3.2697e-12
1772.845825,3.1906e-12
1774.217407,3.2556e-12
1775.588989,3.1241e-12
1776.960571,3.167e-12
1778.332275,3.2209e-12
1779.703857,3.2099e-12
1781.075439,3.1789e-12
1782.447144,3.153e-12
1783.818848,3.1396e-12
1785.19043,3.1453e-12
1786.562134,3.0801e-12
1787.933838,2.9991e-12
1789.305542,2.9736e-12
1790.677246,2.929e-12
1792.04895,2.9291e-12
1793.420776,3.0502e-12
1794.79248,3.0411e-12
1796.164307,3.1367e-12
1797.536011,3.0786e-12
1798.907837,3.0539e-12
1800.279663,3.0878e-12
1801.651489,3.0321e-12
1803.023315,3.0213e-12
1804.395142,2.9328e-12
1805.766968,2.951e-12
1807.138794,2.8926e-12
1808.510742,2.8795e-12
1809.882568,2.8367e-12
1811.254517,2.8225e-12
1812.626343,2.8953e-12
1813.998291,2.9894e-12
1815.370239,2.9952e-12
1816.742188,3.0836e-12
1818.114136,3.0208e-12
1819.486084,2.9346e-12
1820.858032,3.0572e-12
1822.230103,3.0262e-12
1823.602051,3.0333e-12
1824.974121,2.9904e-12
1826.346069,2.9793e-12
1827.71814,2.9899e-12
1829.09021,2.9995e-12
1830.46228,2.9907e-12
1831.834351,3.0578e-12
1833.206421,3.097e-12
1834.578491,3.1479e-12
1835.950562,3.0171e-12
1837.322754,2.8946e-12
1838.694824,2.9084e-12
1840.066895,2.8272e-12
1841.439087,2.7839e-12
1842.811279,2.7087e-12
1844.183472,2.7141e-12
1845.555542,2.6453e-12
1846.927734,2.7049e-12
1848.299927,2.7768e-12
1849.672241,2.7529e-12
1851.044434,2.7987e-12
1852.416626,2.7894e-12
1853.78894,2.7433e-12
1855.161133,2.8035e-12
1856.533447,2.9887e-12
1857.90564,2.9166e-12
1859.277954,2.8954e-12
1860.650269,2.8415e-12
1862.022583,2.8446e-12
1863.394897,2.8564e-12
1864.767212,2.8895e-12
1866.139526,2.8906e-12
1867.511841,2.9392e-12
1868.884277,2.8941e-12
1870.256592,2.8225e-12
1871.629028,2.8063e-12
1873.001343,2.7411e-12
1874.373779,2.7702e-12
1875.746216,2.8183e-12
1877.118652,2.8764e-12
1878.491089,2.933e-12
1879.863525,2.9033e-12
1881.235962,2.7717e-12
1882.608398,2.6621e-12
1883.980835,2.5424e-12
1885.353271,2.5362e-12
1886.72583,2.5997e-12
1888.098267,2.6628e-12
1889.470825,2.7178e-12
1890.843384,2.6164e-12
1892.21582,2.6221e-12
1893.588379,2.6498e-12
1894.960938,2.6693e-12
1896.333496,2.6593e-12
1897.706055,2.7598e-12
1899.078613,2.7282e-12
1900.451172,2.6746e-12
1901.823853,2.6681e-12
1903.196411,2.6566e-12
1904.569092,2.632e-12
1905.94165,2.6266e-12
1907.314331,2.5167e-12
1908.68689,2.6103e-12
1910.05957,2.6109e-12
1911.432251,2.6911e-12
1912.804932,2.6599e-12
1914.177612,2.6098e-12
1915.550293,2.5586e-12
1916.922974,2.5288e-12
1918.295654,2.4631e-12
1919.668457,2.4493e-12
1921.041138,2.5047e-12
1922.413818,2.5647e-12
1923.786621,2.5674e-12
1925.159424,2.5939e-12
1926.532104,2.5309e-12
1927.904907,2.4659e-12
1929.27771,2.4812e-12
1930.650513,2.5931e-12
1932.023315,2.6942e-12
1933.396118,2.7611e-12
1934.768921,2.6926e-12
1936.141724,2.6018e-12
1937.514526,2.4917e-12
1938.887329,2.4723e-12
1940.260254,2.5059e-12
1941.633057,2.5979e-12
1943.005981,2.5309e-12
1944.378784,2.4982e-12
1945.751709,2.4937e-12
1947.124634,2.5513e-12
1948.497559,2.4879e-12
1949.870361,2.4244e-12
1951.243286,2.3774e-12
1952.616211,2.3018e-12
1953.989136,2.2846e-12
1955.362183,2.4256e-12
1956.735107,2.4362e-12
1958.108032,2.4153e-12
1959.480957,2.406e-12
1960.854004,2.3871e-12
1962.226929,2.4085e-12
1963.599976,2.2742e-12
1964.9729,2.3412e-12
1966.345947,2.3897e-12
1967.718994,2.4322e-12
1969.092041,2.5307e-12
1970.465088,2.5445e-12
1971.838013,2.4631e-12
1973.21106,2.4856e-12
1974.584229,2.5341e-12
1975.957275,2.5028e-12
1977.330322,2.5037e-12
1978.703369,2.4767e-12
1980.076416,2.4598e-12
1981.449585,2.4438e-12
1982.822632,2.4105e-12
1984.195801,2.3739e-12
1985.568848,2.399e-12
1986.942017,2.3963e-12
1988.315186,2.3598e-12
1989.688232,2.2975e-12
1991.061401,2.278e-12
1992.43457,2.2753e-12
1993.807739,2.3158e-12
1995.180908,2.3507e-12
1996.554077,2.3707e-12
1997.927246,2.3284e-12
1999.300415,2.3052e-12
2000.673706,2.3074e-12
2002.046875,2.3346e-12
2003.420044,2.3894e-12
2004.793335,2.4177e-12
2006.166504,2.3711e-12
2007.539795,2.4213e-12
2008.912964,2.4166e-12
2010.286255,2.3863e-12
2011.659546,2.3625e-12
2013.032715,2.3691e-12
2014.406006,2.3847e-12
2015.779297,2.4171e-12
2017.152588,2.4266e-12
2018.525879,2.4145e-12
2019.89917,2.4655e-12
2021.272461,2.4394e-12
2022.645752,2.4255e-12
2024.019165,2.3794e-12
2025.392456,2.347e-12
2026.765747,2.3015e-12
2028.139038,2.3052e-12
2029.512451,2.3632e-12
2030.885742,2.4005e-12
2032.259155,2.3856e-12
2033.632568,2.3282e-12
2035.005859,2.2774e-12
2036.379272,2.2878e-12
2037.752686,2.2774e-12
2039.125977,2.274e-12
2040.49939,2.2464e-12
2041.872803,2.3242e-12
2043.246216,2.3375e-12
2044.619629,2.2509e-12
2045.993042,2.2227e-12
2047.366455,2.2774e-12
2048.73999,2.3064e-12
2050.113281,2.2669e-12
2051.486816,2.2957e-12
2052.860352,2.2954e-12
2054.233643,2.266e-12
2055.607178,2.2337e-12
2056.980713,2.1469e-12
2058.354004,2.1386e-12
2059.727539,2.1963e-12
2061.101074,2.1927e-12
2062.474609,2.1315e-12
2063.848145,2.1571e-12
2065.221436,2.1536e-12
2066.594971,2.1541e-12
2067.968506,2.0497e-12
2069.342041,2.0956e-12
2070.715576,2.1559e-12
2072.089111,2.2093e-12
2073.462646,2.2496e-12
2074.836182,2.2532e-12
2076.209717,2.2375e-12
2077.583252,2.1975e-12
2078.956787,2.1149e-12
2080.330322,2.1813e-12
2081.704102,2.2287e-12
2083.077637,2.2087e-12
2084.451172,2.1122e-12
2085.824707,2.1317e-12
2087.198242,2.1543e-12
2088.572021,2.1497e-12
2089.945557,2.0943e-12
2091.319092,2.1005e-12
2092.692627,2.1427e-12
2094.066406,2.1211e-12
2095.439941,2.1279e-12
2096.813721,2.0798e-12
2098.187256,2.015e-12
2099.560791,2.0547e-12
2100.93457,2.0706e-12
2102.308105,2.0799e-12
2103.681885,1.9914e-12
2105.05542,1.9993e-12
2106.429199,2.0598e-12
2107.802734,2.0343e-12
2109.176514,2.0831e-12
2110.550049,2.1446e-12
2111.923828,2.1316e-12
2113.297607,2.0785e-12
2114.671143,1.9711e-12
2116.044922,2.0311e-12
2117.418457,2.0545e-12
2118.792236,2.031e-12
2120.166016,2.0216e-12
2121.539795,2.0331e-12
2122.91333,2.022e-12
2124.287109,2.0183e-12
2125.660889,2.0188e-12
2127.034668,2.0259e-12
2128.408203,2.0188e-12
2129.781982,2.0141e-12
2131.155762,2.0165e-12
2132.529541,2.0301e-12
2133.90332,2.0286e-12
2135.2771,2.0017e-12
2136.650879,1.9999e-12
2138.024414,1.9755e-12
2139.398193,2.0087e-12
2140.771973,1.9744e-12
2142.145752,1.9924e-12
2143.519531,1.9906e-12
2144.893311,1.9495e-12
2146.26709,1.9426e-12
2147.640869,1.9033e-12
2149.014648,1.8936e-12
2150.388428,1.9101e-12
2151.762451,1.9612e-12
2153.13623,1.9563e-12
2154.51001,1.9786e-12
2155.883789,2.0175e-12
2157.257568,2.0072e-12
2158.631348,1.985e-12
2160.005127,1.961e-12
2161.378906,1.9587e-12
2162.75293,1.93e-12
2164.126709,1.8785e-12
2165.500488,1.8975e-12
2166.874268,1.8977e-12
2168.248291,1.9006e-12
2169.62207,1.9459e-12
2170.99585,1.9067e-12
2172.369629,1.9281e-12
2173.743652,1.9515e-12
2175.117432,1.9465e-12
2176.491211,1.9948e-12
2177.865234,1.9558e-12
2179.239014,1.9446e-12
2180.612793,1.9268e-12
2181.986816,1.8709e-12
2183.360596,1.8553e-12
2184.734619,1.8269e-12
2186.108398,1.8073e-12
2187.482178,1.7944e-12
2188.856201,1.7658e-12
2190.22998,1.7973e-12
2191.604004,1.8087e-12
2192.977783,1.8466e-12
2194.351807,1.9132e-12
2195.725586,1.9433e-12
2197.099609,1.941e-12
2198.473389,1.9364e-12
2199.847412,1.9193e-12
2201.221191,1.9181e-12
2202.595215,1.9094e-12
2203.968994,1.8968e-12
2205.343018,1.8855e-12
2206.717041,1.8854e-12
2208.09082,1.8729e-12
2209.464844,1.8377e-12
2210.838623,1.8109e-12
2212.212646,1.7785e-12
2213.58667,1.7496e-12
2214.960449,1.7219e-12
2216.334473,1.7002e-12
2217.708496,1.7162e-12
2219.082275,1.7399e-12
2220.456299,1.7766e-12
2221.830322,1.817e-12
2223.204102,1.8619e-12
2224.578125,1.8848e-12
2225.952148,1.8828e-12
2227.325928,1.864e-12
2228.699951,1.8575e-12
2230.073975,1.8553e-12
2231.447998,1.8591e-12
2232.821777,1.8613e-12
2234.195801,1.8456e-12
2235.569824,1.8496e-12
2236.943848,1.8369e-12
2238.317627,1.8233e-12
2239.69165,1.8452e-12
2241.065674,1.8406e-12
2242.439697,1.8243e-12
2243.813477,1.7709e-12
2245.1875,1.7323e-12
2246.561523,1.7548e-12
2247.935547,1.7003e-12
2249.30957,1.5968e-12
2250.683594,1.5605e-12
2252.057373,1.5403e-12
2253.431396,1.5268e-12
2254.80542,1.5714e-12
2256.179443,1.6201e-12
2257.553467,1.6276e-12
2258.92749,1.6519e-12
2260.30127,1.7165e-12
2261.675293,1.7154e-12
2263.049316,1.7283e-12
2264.42334,1.7633e-12
2265.797363,1.7767e-12
2267.171387,1.7733e-12
2268.54541,1.7714e-12
2269.919434,1.7571e-12
2271.293457,1.7053e-12
2272.667236,1.7305e-12
2274.04126,1.7391e-12
2275.415283,1.753e-12
2276.789307,1.734e-12
2278.16333,1.7297e-12
2279.537354,1.7542e-12
2280.911377,1.7606e-12
2282.2854,1.779e-12
2283.659424,1.7556e-12
2285.033447,1.7071e-12
2286.407471,1.6957e-12
2287.781494,1.636e-12
2289.155273,1.6876e-12
2290.529297,1.677e-12
2291.90332,1.6856e-12
2293.277344,1.686e-12
2294.651367,1.6755e-12
2296.025391,1.628e-12
2297.399414,1.5467e-12
2298.773438,1.5647e-12
2300.147461,1.5737e-12
2301.521484,1.5594e-12
2302.895508,1.5279e-12
2304.269531,1.4856e-12
2305.643555,1.4312e-12
2307.017578,1.3894e-12
2308.391602,1.4218e-12
2309.765625,1.462e-12
2311.139648,1.511e-12
2312.513428,1.5572e-12
2313.887451,1.586e-12
2315.261475,1.5887e-12
2316.635498,1.557e-12
2318.009521,1.5507e-12
2319.383545,1.5663e-12
2320.757568,1.619e-12
2322.131592,1.61e-12
2323.505615,1.5904e-12
2324.879639,1.6076e-12
2326.253662,1.6163e-12
2327.627686,1.6216e-12
2329.001709,1.6162e-12
2330.375732,1.605e-12
2331.749756,1.5857e-12
2333.123535,1.5709e-12
2334.497559,1.5653e-12
2335.871582,1.5645e-12
2337.245605,1.5864e-12
2338.619629,1.5815e-12
2339.993652,1.5736e-12
2341.367676,1.5866e-12
2342.741699,1.5486e-12
2344.115723,1.4843e-12
2345.489746,1.5255e-12
2346.86377,1.5712e-12
2348.237549,1.5872e-12
2349.611572,1.5951e-12
2350.985596,1.5775e-12
2352.359619,1.5558e-12
2353.733643,1.5557e-12
2355.107666,1.5509e-12
2356.481689,1.5463e-12
2357.855713,1.5427e-12
2359.229492,1.5152e-12
2360.603516,1.4896e-12
2361.977539,1.5196e-12
2363.351562,1.5335e-12
2364.725586,1.5184e-12
2366.099609,1.4815e-12
2367.473633,1.4769e-12
2368.847412,1.4736e-12
2370.221436,1.4915e-12
2371.595459,1.4855e-12
2372.969482,1.4453e-12
2374.343506,1.3962e-12
2375.717285,1.429e-12
2377.091309,1.4374e-12
2378.465332,1.4388e-12
2379.839355,1.4032e-12
2381.213135,1.3206e-12
2382.587158,1.1024e-12
2383.961182,1.1478e-12
2385.335205,1.1662e-12
2386.708984,1.1813e-12
2388.083008,1.2335e-12
2389.457031,1.2782e-12
2390.831055,1.3235e-12
2392.204834,1.3516e-12
2393.578857,1.3741e-12
2394.952881,1.3868e-12
2396.32666,1.3793e-12
2397.700684,1.3723e-12
2399.074707,1.3309e-12
2400.448486,1.3337e-12
2401.82251,1.3692e-12
2403.196533,1.3818e-12
2404.570312,1.3591e-12
2405.944336,1.3655e-12
2407.318115,1.3693e-12
2408.692139,1.3766e-12
2410.066162,1.3858e-12
2411.439941,1.3568e-12
2412.813965,1.3704e-12
2414.187744,1.3686e-12
2415.561768,1.3604e-12
2416.935547,1.3735e-12
2418.30957,1.3848e-12
2419.683594,1.3742e-12
2421.057373,1.3793e-12
2422.431396,1.37e-12
2423.805176,1.3398e-12
2425.179199,1.3387e-12
2426.552979,1.3799e-12
2427.926758,1.3805e-12
2429.300781,1.3721e-12
2430.674561,1.3702e-12
2432.048584,1.3744e-12
2433.422363,1.3719e-12
2434.796387,1.3733e-12
2436.170166,1.3557e-12
2437.543945,1.3657e-12
2438.917969,1.3576e-12
2440.291748,1.3727e-12
2441.665527,1.3822e-12
2443.039551,1.3747e-12
2444.41333,1.3704e-12
2445.787109,1.3453e-12
2447.160889,1.3668e-12
2448.534912,1.3482e-12
2449.908691,1.357e-12
2451.282471,1.3631e-12
2452.65625,1.3837e-12
2454.030273,1.3662e-12
2455.404053,1.3502e-12
2456.777832,1.3499e-12
2458.151611,1.3687e-12
2459.525391,1.3732e-12
2460.899414,1.3592e-12
2462.273193,1.3457e-12
2463.646973,1.354e-12
2465.020752,1.3759e-12
2466.394531,1.3636e-12
2467.768311,1.3503e-12
2469.14209,1.3595e-12
2470.515869,1.3496e-12
2471.889648,1.3542e-12
2473.263428,1.3172e-12
2474.637207,1.3301e-12
2476.010986,1.3282e-12
2477.384766,1.3223e-12
2478.758545,1.3185e-12
2480.132324,1.3122e-12
2481.506104,1.3022e-12
2482.879883,1.3028e-12
2484.253662,1.2993e-12
2485.627197,1.3026e-12
2487.000977,1.2955e-12
2488.374756,1.2958e-12
2489.748535,1.2844e-12
2491.122314,1.2932e-12
2492.49585,1.3147e-12
2493.869629,1.2946e-12
2495.243408,1.2898e-12
2496.617188,1.2742e-12
2497.990723,1.2698e-12
2499.364502,1.2689e-12
2500.738281,1.2686e-12
2502.111816,1.2627e-12
2503.485596,1.2424e-12
2504.859375,1.2208e-12
2506.23291,1.1942e-12
2507.606689,1.1653e-12
2508.980225,1.1059e-12
2510.354004,1.0335e-12
2511.727539,9.8165e-13
2513.101318,1.0123e-12
2514.474854,1.0753e-12
2515.848633,1.0931e-12
2517.222168,1.1035e-12
2518.595947,1.1166e-12
2519.969482,1.1771e-12
2521.343018,1.2082e-12
2522.716797,1.2053e-12
2524.090332,1.2252e-12
2525.463867,1.2175e-12
2526.837646,1.2162e-12
2528.211182,1.1995e-12
2529.584717,1.2109e-12
2530.958252,1.2183e-12
2532.332031,1.1985e-12
2533.705566,1.221e-12
2535.079102,1.2336e-12
2536.452637,1.2196e-12
2537.826172,1.2078e-12
2539.199707,1.1904e-12
2540.573242,1.1837e-12
2541.946777,1.1653e-12
2543.320312,1.1687e-12
2544.694092,1.1973e-12
2546.067383,1.1753e-12
2547.440918,1.1628e-12
2548.814453,1.1826e-12
2550.187988,1.2059e-12
2551.561523,1.1922e-12
2552.935059,1.1825e-12
2554.308594,1.1836e-12
2555.682129,1.1903e-12
2557.055664,1.1977e-12
2558.428955,1.177e-12
2559.80249,1.1638e-12
2561.176025,1.1645e-12
2562.549316,1.1545e-12
2563.922852,1.1426e-12
2565.296387,1.1536e-12
2566.669678,1.1343e-12
2568.043213,1.1463e-12
2569.416748,1.1499e-12
2570.790039,1.1593e-12
2572.163574,1.154e-12
2573.536865,1.1639e-12
2574.9104,1.1508e-12
2576.283691,1.1332e-12
2577.657227,1.1381e-12
2579.030518,1.1391e-12
2580.403809,1.1527e-12
2581.777344,1.143e-12
2583.150635,1.1318e-12
2584.523926,1.1129e-12
2585.897461,1.0352e-12
2587.270752,1.0531e-12
2588.644043,1.0968e-12
2590.017334,1.113e-12
2591.390625,1.123e-12
2592.76416,1.1292e-12
2594.137451,1.1081e-12
2595.510742,1.113e-12
2596.884033,1.0966e-12
2598.257324,1.0761e-12
2599.630615,9.4366e-13
2601.003906,9.8994e-13
2602.377197,1.0873e-12
2603.750488,1.1179e-12
2605.123779,1.1203e-12
2606.496826,1.111e-12
2607.870117,1.0992e-12
2609.243408,1.096e-12
2610.616699,1.0949e-12
2611.98999,1.0994e-12
2613.363037,1.0922e-12
2614.736328,1.0867e-12
2616.109619,1.0745e-12
2617.482666,1.089e-12
2618.855957,1.0897e-12
2620.229004,1.0811e-12
2621.602295,1.0648e-12
2622.975342,1.0674e-12
2624.348633,1.0619e-12
2625.72168,1.0527e-12
2627.094971,1.0677e-12
2628.468018,1.0707e-12
2629.841064,1.0805e-12
2631.214355,1.0749e-12
2632.587402,1.0735e-12
2633.960449,1.0687e-12
2635.33374,1.0449e-12
2636.706787,1.0538e-12
2638.079834,1.0643e-12
2639.452881,1.047e-12
2640.825928,1.0418e-12
2642.198975,1.0545e-12
2643.572021,1.039e-12
2644.945068,1.0413e-12
2646.318115,1.0341e-12
2647.691162,1.0317e-12
2649.064209,1.051e-12
2650.437256,1.0419e-12
2651.810303,1.0279e-12
2653.18335,1.0119e-12
2654.556152,1.0238e-12
2655.929199,1.0123e-12
2657.302246,1.026e-12
2658.675293,1.0255e-12
2660.048096,1.0148e-12
2661.421143,1.0111e-12
2662.793945,1.0049e-12
2664.166992,1.0207e-12
2665.540039,9.9309e-13
2666.912842,9.7209e-13
2668.285645,1.0066e-12
2669.658691,1.0056e-12
2671.031494,1.0004e-12
2672.404541,1.0128e-12
2673.777344,1.015e-12
2675.150146,1.0001e-12
2676.522949,9.701e-13
2677.895996,9.7123e-13
2679.268799,9.6151e-13
2680.641602,9.8134e-13
2682.014404,9.8114e-13
2683.387207,9.9258e-13
2684.76001,9.9289e-13
2686.132812,9.8456e-13
2687.505615,9.6119e-13
2688.878418,9.5515e-13
2690.251221,9.5635e-13
2691.624023,9.6123e-13
2692.996582,9.6974e-13
2694.369385,9.6498e-13
2695.742188,9.4227e-13
2697.11499,9.3005e-13
2698.487549,9.4945e-13
2699.860352,9.5581e-13
2701.23291,9.5629e-13
2702.605713,9.5108e-13
2703.978271,9.519e-13
2705.351074,9.3903e-13
2706.723633,9.6203e-13
2708.096436,9.5063e-13
2709.468994,9.4356e-13
2710.841553,9.4284e-13
2712.214355,9.487e-13
2713.586914,9.3848e-13
2714.959473,9.398e-13
2716.332031,9.42e-13
2717.70459,9.4617e-13
2719.077148,9.3272e-13
2720.449707,9.2112e-13
2721.822266,9.1888e-13
2723.194824,9.0174e-13
2724.567383,8.8688e-13
2725.939941,8.8381e-13
2727.3125,8.8821e-13
2728.685059,8.7394e-13
2730.057617,8.5042e-13
2731.429932,8.1833e-13
2732.80249,7.5571e-13
2734.175049,7.0523e-13
2735.547363,7.5706e-13
2736.919922,8.0889e-13
2738.292236,8.4671e-13
2739.664795,8.6593e-13
2741.037109,8.7922e-13
2742.409668,9.0587e-13
2743.781982,9.0615e-13
2745.154297,9.0356e-13
2746.526855,9.1292e-13
2747.89917,9.0884e-13
2749.271484,8.9985e-13
2750.643799,8.978e-13
2752.016113,9.1508e-13
2753.388428,9.1232e-13
2754.760742,9.1263e-13
2756.133057,9.0856e-13
2757.505371,9.0078e-13
2758.877686,8.8275e-13
2760.25,8.8316e-13
2761.622314,8.8129e-13
2762.994385,8.714e-13
2764.366699,8.5057e-13
2765.739014,8.4688e-13
2767.111084,8.8213e-13
2768.483398,8.9242e-13
2769.855713,8.9861e-13
2771.227783,9.0275e-13
2772.600098,8.9745e-13
2773.972168,8.9963e-13
2775.344238,8.8944e-13
2776.716553,8.9284e-13
2778.088623,8.8684e-13
2779.460693,8.8649e-13
2780.832764,8.877e-13
2782.204834,8.8323e-13
2783.577148,8.7537e-13
2784.949219,8.7451e-13
2786.321289,8.7724e-13
2787.693359,8.6989e-13
2789.065186,8.5346e-13
2790.437256,8.5089e-13
2791.809326,8.3857e-13
2793.181396,8.3715e-13
2794.553467,7.8131e-13
2795.925293,6.5596e-13
2797.297363,6.9577e-13
2798.669434,7.7989e-13
2800.04126,8.2461e-13
2801.41333,8.2943e-13
2802.785156,7.2644e-13
2804.156982,6.8846e-13
2805.529053,7.9842e-13
2806.900879,8.4899e-13
2808.272705,8.5443e-13
2809.644531,8.3947e-13
2811.016602,8.4075e-13
2812.388428,8.559e-13
2813.760254,8.4568e-13
2815.13208,8.3456e-13
2816.503906,8.3478e-13
2817.875732,8.4196e-13
2819.247559,8.3503e-13
2820.619141,8.2764e-13
2821.990967,8.2689e-13
2823.362793,8.3289e-13
2824.734619,8.283e-13
2826.106201,8.2232e-13
2827.478027,8.0992e-13
2828.849609,7.7608e-13
2830.221436,7.3315e-13
2831.593018,7.6553e-13
2832.964844,7.9656e-13
2834.336426,8.2221e-13
2835.708008,8.292e-13
2837.07959,8.1733e-13
2838.451416,8.2313e-13
2839.822998,8.2266e-13
2841.19458,8.1638e-13
2842.566162,8.0734e-13
2843.937744,8.0807e-13
2845.309326,8.155e-13
2846.680664,8.1581e-13
2848.052246,8.1498e-13
2849.423828,8.0493e-13
2850.79541,8.1018e-13
2852.166748,7.8363e-13
2853.53833,7.7363e-13
2854.909912,7.9005e-13
2856.28125,8.0022e-13
2857.652832,7.9478e-13
2859.02417,7.8811e-13
2860.395508,7.9331e-13
2861.76709,7.7829e-13
2863.138428,7.498e-13
2864.509766,7.7038e-13
2865.881104,7.8267e-13
2867.252441,7.7745e-13
2868.623779,7.9152e-13
2869.995117,7.8738e-13
2871.366455,7.906e-13
2872.737793,7.878e-13
2874.109131,7.8779e-13
2875.480469,7.8981e-13
2876.851562,7.8643e-13
2878.2229,7.7723e-13
2879.593994,7.7603e-13
2880.965332,7.717e-13
2882.33667,7.6805e-13
2883.707764,7.7057e-13
2885.078857,7.5694e-13
2886.450195,7.5856e-13
2887.821289,7.743e-13
2889.192383,7.6635e-13
2890.563477,7.6481e-13
2891.93457,7.6193e-13
2893.305664,7.5472e-13
2894.676758,7.5151e-13
2896.047852,7.5391e-13
2897.418945,7.4247e-13
2898.790039,7.4434e-13
2900.161133,7.3907e-13
2901.532227,7.4906e-13
2902.903076,7.5954e-13
2904.27417,7.5172e-13
2905.64502,7.3948e-13
2907.016113,7.437e-13
2908.386963,7.5039e-13
2909.758057,7.5302e-13
2911.128906,7.4511e-13
2912.499756,7.406e-13
2913.870605,7.4544e-13
2915.241455,7.5129e-13
2916.612549,7.4642e-13
2917.983398,7.4563e-13
2919.354248,7.4578e-13
2920.724854,7.408e-13
2922.095703,7.4334e-13
2923.466553,7.3737e-13
2924.837402,7.2639e-13
2926.208008,7.2674e-13
2927.578857,7.278e-13
2928.949707,7.2952e-13
2930.320312,7.2896e-13
2931.691162,7.3128e-13
2933.061768,7.348e-13
2934.432373,7.3273e-13
2935.802979,7.267e-13
2937.173828,7.1676e-13
2938.544434,7.1468e-13
2939.915039,7.1446e-13
2941.285645,7.2086e-13
2942.65625,7.1145e-13
2944.026855,6.9314e-13
2945.397461,6.2834e-13
2946.767822,6.3871e-13
2948.138428,6.8167e-13
2949.509033,6.981e-13
2950.879395,6.9683e-13
2952.25,7.0466e-13
2953.620361,7.1191e-13
2954.990967,7.0945e-13
2956.361328,7.0279e-13
2957.731689,7.0908e-13
2959.102295,7.1185e-13
2960.472656,7.0742e-13
2961.843018,7.0482e-13
2963.213379,7.0436e-13
2964.58374,7.0337e-13
2965.954102,7.0519e-13
2967.324463,7.0752e-13
2968.69458,7.0636e-13
2970.064941,7.0121e-13
2971.435303,7.0939e-13
2972.80542,6.93e-13
2974.175781,6.9084e-13
2975.545898,6.9457e-13
2976.91626,6.7958e-13
2978.286377,6.7795e-13
2979.656494,6.7889e-13
2981.026855,6.8346e-13
2982.396973,6.8067e-13
2983.76709,6.703e-13
2985.137207,6.7216e-13
2986.507324,6.7538e-13
2987.877441,6.7023e-13
2989.247314,6.5664e-13
2990.617432,6.5685e-13
2991.987549,6.711e-13
2993.357666,6.7424e-13
2994.727539,6.8367e-13
2996.097656,6.6814e-13
2997.467529,6.7615e-13
2998.837402,6.7887e-13
3000.20752,6.7974e-13
3001.577393,6.7302e-13
3002.947266,6.6438e-13
3004.317139,6.6952e-13
3005.687012,6.6189e-13
3007.056885,6.5258e-13
3008.426758,6.4702e-13
3009.796631,6.6367e-13
3011.166504,6.7132e-13
3012.536133,6.6803e-13
3013.906006,6.5786e-13
3015.275879,6.5851e-13
3016.645508,6.6278e-13
3018.015381,6.6024e-13
3019.38501,6.6158e-13
3020.754639,6.6343e-13
3022.124512,6.6362e-13
3023.494141,6.5034e-13
3024.86377,6.5285e-13
3026.233398,6.4959e-13
3027.603027,6.4499e-13
3028.972656,6.4017e-13
3030.342041,6.4505e-13
3031.71167,6.4911e-13
3033.081299,6.4427e-13
3034.450928,6.3472e-13
3035.820312,6.3116e-13
3037.189941,6.3673e-13
3038.559326,6.2864e-13
3039.928711,6.4341e-13
3041.29834,6.4781e-13
3042.667725,6.4904e-13
3044.037109,6.4271e-13
3045.406494,6.3296e-13
3046.775879,6.3115e-13
3048.145264,6.3315e-13
3049.514648,6.3714e-13
3050.884033,6.3468e-13
3052.253174,6.3e-13
3053.622559,6.2591e-13
3054.991699,6.2654e-13
3056.361084,6.2741e-13
3057.730225,6.2495e-13
3059.099609,6.3087e-13
3060.46875,6.2433e-13
3061.837891,6.2742e-13
3066.686035,6.3241e-13
3069.432617,6.2674e-13
3072.178955,6.2336e-13
3074.925293,6.2078e-13
3077.671631,6.2304e-13
3080.417969,6.1996e-13
3083.164551,6.0183e-13
3085.910889,6.0787e-13
3088.657471,6.0172e-13
3091.403809,6.0227e-13
3094.150391,5.9818e-13
3096.896973,5.9659e-13
3099.643555,6.0902e-13
3102.390137,6.1312e-13
3105.136719,6.0318e-13
3107.883301,6.0247e-13
3110.629883,6.0309e-13
3113.376465,6.0238e-13
3116.123047,5.857e-13
3118.869873,5.8516e-13
3121.616455,5.8748e-13
3124.363037,5.9497e-13
3127.109863,5.8244e-13
3129.856689,5.8991e-13
3132.603271,5.8992e-13
3135.350098,5.8187e-13
3138.096924,5.814e-13
3140.84375,5.8114e-13
3143.590576,5.8019e-13
3146.337402,5.7486e-13
3149.084229,5.6796e-13
3151.831055,5.6758e-13
3154.577881,5.6956e-13
3157.324951,5.584e-13
3160.071777,5.6284e-13
3162.818848,5.6975e-13
3165.565674,5.5277e-13
3168.312744,5.57e-13
3171.05957,5.5663e-13
3173.806641,5.5239e-13
3176.553711,5.5198e-13
3179.300781,5.4695e-13
3182.047852,5.4644e-13
3184.794922,5.3325e-13
3187.541992,5.0488e-13
3190.289062,5.097e-13
3193.036133,5.2604e-13
3195.783203,5.1851e-13
3198.530273,4.9915e-13
3201.277588,4.6723e-13
3204.024658,4.4666e-13
3206.771973,4.7742e-13
3209.519043,4.9799e-13
3212.266357,5.1346e-13
3215.013672,5.1718e-13
3217.760742,5.2073e-13
3220.508057,5.204e-13
3223.255371,5.2283e-13
3226.002686,5.2591e-13
3228.75,5.1924e-13
3231.497314,5.0445e-13
3234.244629,5.1493e-13
3236.991943,5.1936e-13
3239.739258,5.1951e-13
3242.486816,5.1437e-13
3245.234131,5.0781e-13
3247.981445,5.1468e-13
3250.729004,5.1337e-13
3253.476318,5.0929e-13
3256.223877,5.0867e-13
3258.971436,5.0844e-13
3261.71875,5.0785e-13
3264.466309,5.0532e-13
3267.213867,5.0497e-13
3269.961426,5.0318e-13
3272.708984,5.0242e-13
3275.456543,5.0181e-13
3278.204102,4.9988e-13
3280.95166,4.9633e-13
3283.699219,4.9428e-13
3286.446777,4.9207e-13
3289.194336,4.9043e-13
3291.942139,4.8976e-13
3294.689697,4.8778e-13
3297.437256,4.8522e-13
3300.185059,4.7873e-13
3302.932617,4.7554e-13
3305.68042,4.7587e-13
3308.428223,4.7472e-13
3311.175781,4.7546e-13
3313.923584,4.7469e-13
3316.671387,4.7333e-13
3319.419189,4.7167e-13
3322.166992,4.6993e-13
3324.914795,4.6466e-13
3327.662598,4.5986e-13
3330.4104,4.5613e-13
3333.158203,4.6024e-13
3335.906006,4.581e-13
3338.653809,4.5493e-13
3341.401611,4.5189e-13
3344.149658,4.4759e-13
3346.897461,4.4868e-13
3349.645264,4.5367e-13
3352.393311,4.4895e-13
3355.141113,4.3749e-13
3357.88916,4.3945e-13
3360.636963,4.4271e-13
3363.38501,4.4363e-13
3366.133057,4.4157e-13
3368.880859,4.4024e-13
3371.628906,4.4078e-13
3374.376953,4.3763e-13
3377.125,4.4163e-13
3379.873047,4.4136e-13
3382.621094,4.4149e-13
3385.369141,4.4573e-13
3388.117188,4.4094e-13
3390.865234,4.3981e-13
3393.613281,4.3812e-13
3396.361328,4.3965e-13
3399.109619,4.385e-13
3401.857666,4.3781e-13
3404.605713,4.3556e-13
3407.354004,4.3118e-13
3410.102051,4.2941e-13
3412.850098,4.3134e-13
3415.598389,4.3063e-13
3418.34668,4.2793e-13
3421.094727,4.2752e-13
3423.843018,4.2429e-13
3426.591064,4.2467e-13
3429.339355,4.2405e-13
3432.087646,4.22e-13
3434.835938,4.2058e-13
3437.584229,4.1805e-13
3440.332275,4.1773e-13
3443.080566,4.1642e-13
3445.828857,4.061e-13
3448.577148,4.0035e-13
3451.325439,4.0396e-13
3454.07373,4.0968e-13
3456.822021,4.1032e-13
3459.570557,4.1031e-13
3462.318848,4.0932e-13
3465.067139,4.0971e-13
3467.81543,4.117e-13
3470.563965,4.0607e-13
3473.312256,4.088e-13
3476.060547,4.036e-13
3478.809082,4.0027e-13
3481.557373,3.9612e-13
3484.305908,3.9178e-13
3487.054199,3.9351e-13
3489.802734,3.9514e-13
3492.551025,3.9453e-13
3495.299561,3.9289e-13
3498.048096,3.9074e-13
3500.796387,3.8946e-13
3503.544922,3.8891e-13
3506.293457,3.9147e-13
3509.041992,3.8526e-13
3511.790527,3.8088e-13
3514.538818,3.7978e-13
3517.287354,3.827e-13
3520.035889,3.8127e-13
3522.784424,3.8356e-13
3525.532959,3.8266e-13
3528.281494,3.7978e-13
3531.030029,3.7524e-13
3533.778564,3.7879e-13
3536.527344,3.7654e-13
3539.275879,3.7156e-13
3542.024414,3.7428e-13
3544.772949,3.7423e-13
3547.521484,3.7632e-13
3550.270264,3.7066e-13
3553.018799,3.69e-13
3555.767334,3.6426e-13
3558.516113,3.6185e-13
3561.264648,3.6446e-13
3564.013428,3.6697e-13
3566.761963,3.6906e-13
3569.510742,3.6614e-13
3572.259277,3.6402e-13
3575.008057,3.6185e-13
3577.756592,3.6021e-13
3580.505371,3.6215e-13
3583.253906,3.5562e-13
3586.002686,3.5068e-13
3588.751465,3.4594e-13
3591.5,3.5094e-13
3594.248779,3.5279e-13
3596.997559,3.5421e-13
3599.746338,3.5416e-13
3602.494873,3.5598e-13
3605.243652,3.5476e-13
3607.992432,3.542e-13
3610.741211,3.4961e-13
3613.48999,3.3526e-13
3616.23877,3.397e-13
3618.987549,3.4731e-13
3621.736328,3.5101e-13
3624.485107,3.4968e-13
3627.233887,3.4318e-13
3629.982666,3.3546e-13
3632.731445,3.2585e-13
3635.480225,3.2195e-13
3638.229004,3.2258e-13
3640.977783,3.3017e-13
3643.726562,3.3769e-13
3646.475342,3.3739e-13
3649.224365,3.421e-13
3651.973145,3.3799e-13
3654.721924,3.3974e-13
3657.470703,3.4306e-13
3660.219727,3.4041e-13
3662.968506,3.3833e-13
3665.717285,3.3828e-13
3668.466309,3.3936e-13
3671.215088,3.3627e-13
3673.963867,3.3608e-13
3676.712891,3.3581e-13
3679.46167,3.356e-13
3682.210449,3.3477e-13
3684.959473,3.3515e-13
3687.708252,3.3385e-13
3690.457275,3.3054e-13
3693.206055,3.2839e-13
3695.955078,3.1833e-13
3698.703857,3.1453e-13
3701.452881,3.0316e-13
3704.20166,2.8607e-13
3706.950684,2.7887e-13
3709.699463,2.9202e-13
3712.448486,3.0326e-13
3715.19751,3.0506e-13
3717.946289,3.1014e-13
3720.695312,3.1692e-13
3723.444336,3.2091e-13
3726.193115,3.1876e-13
3728.942139,3.1668e-13
3731.691162,3.1915e-13
3734.439941,3.148e-13
3737.188965,3.1395e-13
3739.937988,3.1663e-13
3742.686768,3.1578e-13
3745.435791,3.1579e-13
3748.184814,3.1191e-13
3750.933838,3.0924e-13
3753.682617,3.1095e-13
3756.431641,3.0838e-13
3759.180664,3.0899e-13
3761.929688,3.0924e-13
3764.678711,3.074e-13
3767.42749,3.0486e-13
3770.176514,3.0291e-13
3772.925537,2.9722e-13
3775.674561,3.0283e-13
3778.423584,3.0559e-13
3781.172607,3.0499e-13
3783.921631,3.0571e-13
3786.67041,3.0415e-13
3789.419434,3.0222e-13
3792.168457,3.0052e-13
3794.91748,2.9254e-13
3797.666504,2.8798e-13
3800.415527,2.899e-13
3803.164551,2.8898e-13
3805.913574,2.9087e-13
3808.662598,2.8671e-13
3811.411621,2.8595e-13
3814.160645,2.7905e-13
3816.909424,2.6939e-13
3819.658447,2.3996e-13
3822.407471,2.507e-13
3825.156494,2.5644e-13
3827.905518,2.6824e-13
3830.654541,2.7265e-13
3833.403564,2.7272e-13
3836.152588,2.719e-13
3838.901611,2.7055e-13
3841.650635,2.7728e-13
3844.399658,2.8084e-13
3847.148682,2.8609e-13
3849.897705,2.8777e-13
3852.646729,2.8984e-13
3855.395752,2.9058e-13
3858.144775,2.9003e-13
3860.893799,2.8889e-13
3863.642822,2.9099e-13
3866.391846,2.7989e-13
3869.140869,2.7408e-13
3871.889893,2.7521e-13
3874.638916,2.7869e-13
3877.387939,2.7869e-13
3880.136963,2.7594e-13
3882.885986,2.6894e-13
3885.63501,2.6123e-13
3888.384033,2.4689e-13
3891.133057,2.4057e-13
3893.881836,2.5099e-13
3896.630859,2.6065e-13
3899.379883,2.6853e-13
3902.128906,2.7432e-13
3904.87793,2.7643e-13
3907.626953,2.7499e-13
3910.375977,2.7541e-13
3913.125,2.8023e-13
3915.874023,2.7992e-13
3918.623047,2.7547e-13
3921.37207,2.7241e-13
3924.121094,2.7023e-13
3926.870117,2.6625e-13
3929.619141,2.6798e-13
3932.36792,2.707e-13
3935.116943,2.6524e-13
3937.865967,2.6674e-13
3940.61499,2.6585e-13
3943.364014,2.6702e-13
3946.113037,2.6893e-13
3948.862061,2.7095e-13
3951.61084,2.6588e-13
3954.359863,2.6328e-13
3957.108887,2.5941e-13
3959.85791,2.5677e-13
3962.606934,2.472e-13
3965.355713,2.315e-13
3968.104736,2.2344e-13
3970.85376,2.1623e-13
3973.602783,2.1804e-13
3976.351562,2.2989e-13
3979.100586,2.3978e-13
3981.849609,2.4726e-13
3984.598633,2.5329e-13
3987.347412,2.5554e-13
3990.096436,2.5837e-13
3992.845459,2.5718e-13
3995.594238,2.5609e-13
3998.343262,2.5062e-13
4001.092285,2.5102e-13
4003.841064,2.4896e-13
4006.590088,2.4208e-13
4009.338867,2.3996e-13
4012.087891,2.3981e-13
4014.836914,2.4072e-13
4017.585693,2.3685e-13
4020.334717,2.3082e-13
4023.083496,2.1524e-13
4025.83252,1.9711e-13
4028.581299,1.896e-13
4031.330322,2.0842e-13
4034.079102,2.2453e-13
4036.828125,2.3326e-13
4039.576904,2.3906e-13
4042.325684,2.3938e-13
4045.074707,2.3843e-13
4047.823486,2.4074e-13
4050.572266,2.4511e-13
4053.321289,2.4613e-13
4056.070068,2.4696e-13
4058.818848,2.4412e-13
4061.567871,2.4303e-13
4064.31665,2.4137e-13
4067.06543,2.4253e-13
4069.814209,2.405e-13
4072.563232,2.4089e-13
4075.312012,2.4018e-13
4078.060791,2.3869e-13
4080.80957,2.3487e-13
4083.55835,2.3366e-13
4086.307129,2.314e-13
4089.055908,2.2764e-13
4091.804688,2.2024e-13
4094.553467,2.1618e-13
4097.302246,2.0426e-13
4100.05127,1.9112e-13
4102.799805,1.7971e-13
4105.548828,1.8203e-13
4108.297363,1.9798e-13
4111.045898,2.0869e-13
4113.794922,2.1609e-13
4116.543457,2.1793e-13
4119.29248,2.1594e-13
4122.041016,2.1217e-13
4124.790039,2.1593e-13
4127.538574,2.2442e-13
4130.287109,2.2654e-13
4133.036133,2.2213e-13
4135.784668,2.2095e-13
4138.533203,2.1794e-13
4141.282227,2.1272e-13
4144.030762,2.0424e-13
4146.779297,2.0227e-13
4149.527832,2.1031e-13
4152.276855,2.172e-13
4155.025391,2.2294e-13
4157.773926,2.2534e-13
4160.522461,2.2389e-13
4163.270996,2.2355e-13
4166.02002,2.216e-13
4168.768555,2.2053e-13
4171.51709,2.1692e-13
4174.265625,2.1787e-13
4177.01416,2.1473e-13
4179.762695,2.151e-13
4182.51123,2.1176e-13
4185.259766,2.1493e-13
4188.008301,2.1539e-13
4190.757324,2.1479e-13
4193.505859,2.1314e-13
4196.254395,2.0803e-13
4199.00293,2.0631e-13
4201.751465,2.0558e-13
4204.499512,2.0662e-13
4207.248047,2.0674e-13
4209.996582,2.0776e-13
4212.745117,2.0881e-13
4215.493652,2.0963e-13
4218.242188,2.1005e-13
4220.990723,2.1021e-13
4223.739258,2.0946e-13
4226.487793,2.0995e-13
4229.23584,2.0826e-13
4231.984375,2.0847e-13
4234.73291,2.0919e-13
4237.481445,2.0725e-13
4240.229492,2.06e-13
4242.978027,2.0385e-13
4245.726562,2.0696e-13
4248.474609,2.0738e-13
4251.223145,2.0782e-13
4253.97168,2.0627e-13
4256.719727,2.0532e-13
4259.468262,2.0617e-13
4262.216797,2.0711e-13
4264.964844,2.0638e-13
4267.713379,2.0454e-13
4270.461426,2.0471e-13
4273.209961,2.0265e-13
4275.958008,2.0351e-13
4278.706543,2.0121e-13
4281.45459,2.0044e-13
4284.202637,1.9773e-13
4286.951172,1.9601e-13
4289.699219,1.9455e-13
4292.447754,1.9332e-13
4295.195801,1.9433e-13
4297.943848,1.968e-13
4300.692383,1.9788e-13
4303.44043,1.9583e-13
4306.188477,1.9469e-13
4308.936523,1.9471e-13
4311.685059,1.9363e-13
4314.433105,1.9284e-13
4317.181152,1.907e-13
4319.929199,1.8981e-13
4322.677246,1.8678e-13
4325.425293,1.846e-13
4328.17334,1.791e-13
4330.921387,1.7477e-13
4333.669922,1.6979e-13
4336.417969,1.6276e-13
4339.166016,1.5227e-13
4341.913574,1.452e-13
4344.661621,1.4466e-13
4347.409668,1.5666e-13
4350.157715,1.6599e-13
4352.905762,1.7437e-13
4355.653809,1.7784e-13
4358.401855,1.7937e-13
4361.149902,1.8006e-13
4363.897461,1.811e-13
4366.645508,1.8071e-13
4369.393555,1.8107e-13
4372.141602,1.8052e-13
4374.88916,1.7894e-13
4377.637207,1.7656e-13
4380.385254,1.7481e-13
4383.132812,1.7266e-13
4385.880859,1.674e-13
4388.628418,1.5718e-13
4391.376465,1.5543e-13
4394.124023,1.654e-13
4396.87207,1.74e-13
4399.619629,1.7633e-13
4402.367676,1.7788e-13
4405.115234,1.7821e-13
4407.862793,1.7735e-13
4410.61084,1.7915e-13
4413.358398,1.7907e-13
4416.105957,1.7824e-13
4418.854004,1.781e-13
4421.601562,1.7888e-13
4424.349121,1.7743e-13
4427.09668,1.7662e-13
4429.844727,1.7414e-13
4432.592285,1.7229e-13
4435.339844,1.7174e-13
4438.087402,1.717e-13
4440.834961,1.69e-13
4443.58252,1.7108e-13
4446.330078,1.7212e-13
4449.077637,1.7118e-13
4451.825195,1.7087e-13
4454.572754,1.6944e-13
4457.320312,1.6804e-13
4460.067383,1.6609e-13
4462.814941,1.6286e-13
4465.5625,1.5712e-13
4468.310059,1.4871e-13
4471.057617,1.3435e-13
4473.804688,1.2727e-13
4476.552246,1.3809e-13
4479.299805,1.5128e-13
4482.046875,1.5686e-13
4484.794434,1.5984e-13
4487.541504,1.6311e-13
4490.289062,1.6315e-13
4493.036133,1.6519e-13
4495.783691,1.6681e-13
4498.530762,1.6661e-13
4501.27832,1.6665e-13
4504.025391,1.6587e-13
4506.772461,1.6523e-13
4509.52002,1.6343e-13
4512.26709,1.6028e-13
4515.01416,1.5858e-13
4517.761719,1.5842e-13
4520.508789,1.6114e-13
4523.255859,1.6218e-13
4526.00293,1.5842e-13
4528.75,1.5833e-13
4531.49707,1.5512e-13
4534.244141,1.5399e-13
4536.991211,1.5194e-13
4539.738281,1.515e-13
4542.485352,1.4819e-13
4545.232422,1.4852e-13
4547.979492,1.4982e-13
4550.726562,1.5146e-13
4553.473633,1.5306e-13
4556.220215,1.5499e-13
4558.967285,1.5778e-13
4561.714355,1.5784e-13
4564.460938,1.5902e-13
4567.208008,1.5808e-13
4569.955078,1.5569e-13
4572.70166,1.5658e-13
4575.44873,1.5726e-13
4578.195312,1.5856e-13
4580.942383,1.5747e-13
4583.688965,1.5739e-13
4586.435547,1.5713e-13
4589.182617,1.5728e-13
4591.929199,1.5517e-13
4594.675781,1.5427e-13
4597.422852,1.5485e-13
4600.169434,1.5347e-13
4602.916016,1.5318e-13
4605.662598,1.5196e-13
4608.40918,1.4939e-13
4611.155762,1.4852e-13
4613.902344,1.4694e-13
4616.648926,1.4809e-13
4619.395508,1.4691e-13
4622.14209,1.4548e-13
4624.888672,1.4611e-13
4627.635254,1.4383e-13
4630.381836,1.4222e-13
4633.128418,1.3955e-13
4635.874512,1.41e-13
4638.621094,1.424e-13
4641.367676,1.4134e-13
4644.11377,1.4052e-13
4646.860352,1.4234e-13
4649.606934,1.4335e-13
4652.353027,1.4463e-13
4655.099609,1.4028e-13
4657.845703,1.4316e-13
4660.592285,1.4426e-13
4663.338379,1.4547e-13
4666.084473,1.4548e-13
4668.830566,1.4378e-13
4671.577148,1.438e-13
4674.323242,1.4247e-13
4677.069336,1.396e-13
4679.81543,1.3586e-13
4682.561523,1.3066e-13
4685.307617,1.2373e-13
4688.053711,1.2121e-13
4690.799805,1.2502e-13
4693.545898,1.3277e-13
4696.291992,1.3434e-13
4699.038086,1.378e-13
4701.78418,1.3902e-13
4704.530273,1.4043e-13
4707.275879,1.3959e-13
4710.021973,1.3793e-13
4712.768066,1.3475e-13
4715.513672,1.2963e-13
4718.259766,1.3617e-13
4721.005859,1.3785e-13
4723.751465,1.4013e-13
4726.49707,1.3993e-13
4729.243164,1.4039e-13
4731.98877,1.4104e-13
4734.734863,1.3935e-13
4737.480469,1.4047e-13
4740.226074,1.3828e-13
4742.97168,1.3865e-13
4745.717285,1.3927e-13
4748.463379,1.3874e-13
4751.208984,1.3818e-13
4753.95459,1.3757e-13
4756.700195,1.3636e-13
4759.445801,1.3649e-13
4762.190918,1.3648e-13
4764.936523,1.3483e-13
4767.682129,1.3587e-13
4770.427734,1.3625e-13
4773.17334,1.3625e-13
4775.918457,1.3472e-13
4778.664062,1.3424e-13
4781.409668,1.3342e-13
4784.154785,1.3388e-13
4786.900391,1.3351e-13
4789.645508,1.3233e-13
4792.390625,1.3284e-13
4795.13623,1.3191e-13
4797.881348,1.3153e-13
4800.626465,1.3225e-13
4803.37207,1.3118e-13
4806.117188,1.3152e-13
4808.862305,1.3143e-13
4811.607422,1.3111e-13
4814.352539,1.2988e-13
4817.097656,1.2942e-13
4819.842773,1.2923e-13
4822.587891,1.2937e-13
4825.333008,1.2889e-13
4828.078125,1.2872e-13
4830.823242,1.2807e-13
4833.567871,1.2785e-13
4836.312988,1.2704e-13
4839.058105,1.2588e-13
4841.802734,1.2485e-13
4844.547852,1.232e-13
4847.29248,1.2183e-13
4850.037598,1.176e-13
4852.782227,1.1565e-13
4855.526855,1.1027e-13
4858.271973,1.0385e-13
4861.016602,9.6121e-14
4863.76123,9.4339e-14
4866.505859,9.7034e-14
4869.250977,1.0452e-13
4871.995605,1.1063e-13
4874.740234,1.1452e-13
4877.484863,1.1664e-13
4880.229492,1.1897e-13
4882.973633,1.1998e-13
4885.718262,1.2071e-13
4888.462891,1.2032e-13
4891.20752,1.2155e-13
4893.95166,1.209e-13
4896.696289,1.199e-13
4899.440918,1.2128e-13
4902.185059,1.2027e-13
4904.929688,1.1965e-13
4907.673828,1.1805e-13
4910.417969,1.1766e-13
4913.162598,1.1684e-13
4915.906738,1.1383e-13
4918.650879,1.101e-13
4921.39502,1.0286e-13
4924.139648,9.6269e-14
4926.883789,1.0104e-13
4929.62793,1.0859e-13
4932.37207,1.1402e-13
4935.116211,1.1589e-13
4937.859863,1.1717e-13
4940.604004,1.1769e-13
4943.348145,1.18e-13
4946.092285,1.1619e-13
4948.835938,1.1676e-13
4951.580078,1.1748e-13
4954.324219,1.1798e-13
4957.067871,1.1805e-13
4959.812012,1.1803e-13
4962.555664,1.171e-13
4965.299316,1.1656e-13
4968.043457,1.1629e-13
4970.787109,1.1601e-13
4973.530762,1.1615e-13
4976.274414,1.1604e-13
4979.018066,1.1516e-13
4981.761719,1.153e-13
4984.505371,1.1489e-13
4987.249023,1.1415e-13
4989.992676,1.1344e-13
4992.736328,1.1335e-13
4995.47998,1.1307e-13
4998.223145,1.1282e-13
5000.966797,1.1172e-13
5003.710449,1.0983e-13
5006.453613,1.0984e-13
5009.197266,1.0926e-13
5011.94043,1.0851e-13
5014.683594,1.0543e-13
5017.427246,1.0177e-13
5020.17041,1.0437e-13
5022.913574,1.0805e-13
5025.656738,1.096e-13
5028.400391,1.0893e-13
5031.143555,1.0965e-13
5033.886719,1.1102e-13
5036.629395,1.0996e-13
5039.372559,1.0956e-13
5042.115723,1.0881e-13
5044.858887,1.0712e-13
5047.602051,1.0576e-13
5050.344727,1.0453e-13
5053.087891,1.0533e-13
5055.830566,1.0771e-13
5058.57373,1.0765e-13
5061.316406,1.064e-13
5064.05957,1.0646e-13
5066.802246,1.0793e-13
5069.544922,1.0785e-13
5072.287598,1.0805e-13
5075.030762,1.0762e-13
5077.773438,1.0736e-13
5080.516113,1.0676e-13
5083.258789,1.0612e-13
5086.001465,1.061e-13
5088.743652,1.0632e-13
5091.486328,1.0602e-13
5094.229004,1.0565e-13
5096.97168,1.0556e-13
5099.713867,1.047e-13
5102.456543,1.047e-13
5105.19873,1.0539e-13
5107.941406,1.0461e-13
5110.683594,1.0426e-13
5113.425781,1.0356e-13
5116.168457,1.0378e-13
5118.910645,1.0405e-13
5121.652832,1.0308e-13
5124.39502,1.0278e-13
5127.137207,1.0278e-13
5129.879395,1.0182e-13
5132.621582,1.0168e-13
5135.36377,1.0188e-13
5138.105469,1.0089e-13
5140.847656,1.0034e-13
5143.589844,1.0038e-13
5146.331543,9.9734e-14
5149.07373,9.9194e-14
5151.81543,9.9012e-14
5154.557617,9.9868e-14
5157.299316,9.9882e-14
5160.041016,9.9417e-14
5162.783203,9.8937e-14
5165.524902,9.9917e-14
5168.266602,9.9658e-14
5171.008301,9.7719e-14
5173.75,9.8129e-14
5176.491699,9.8291e-14
5179.233398,9.8165e-14
5181.974609,9.7544e-14
5184.716309,9.8123e-14
5187.458008,9.8853e-14
5190.199219,9.8456e-14
5192.940918,9.7192e-14
5195.682129,9.7057e-14
5198.423828,9.7703e-14
5201.165039,9.7629e-14
5203.90625,9.7306e-14
5206.647461,9.7294e-14
5209.38916,9.7209e-14
5212.130371,9.7403e-14
5214.871582,9.7129e-14
5217.612793,9.6563e-14
5220.354004,9.5899e-14
5223.094727,9.5517e-14
5225.835938,9.5383e-14
5228.577148,9.5644e-14
5231.317871,9.6076e-14
5234.059082,9.5853e-14
5236.799805,9.4726e-14
5239.541016,9.4635e-14
5242.281738,9.4843e-14
5245.022949,9.4553e-14
5247.763672,9.3971e-14
5250.504395,9.3893e-14
5253.245117,9.4001e-14
5255.98584,9.403e-14
5258.726562,9.3737e-14
5261.467285,9.3419e-14
5264.208008,9.3838e-14
5266.94873,9.2617e-14
5269.688965,9.2493e-14
5272.429688,9.1771e-14
5275.169922,9.2569e-14
5277.910645,9.1705e-14
5280.650879,9.0804e-14
5283.391602,9.165e-14
5286.131836,9.1265e-14
5288.87207,9.1598e-14
5291.612305,9.1022e-14
5294.352539,9.126e-14
5297.092773,8.9897e-14
5299.833008,9.0919e-14
5302.573242,9.0334e-14
5305.313477,9.0561e-14
5308.053711,8.9819e-14
5310.172852,8.912e-14
5315.041992,8.976e-14
5319.911621,8.9312e-14
5324.78125,8.8798e-14
5329.650879,8.8205e-14
5334.520996,8.8764e-14
5339.390625,8.8581e-14
5344.260742,8.7978e-14
5349.130371,8.758e-14
5354.000488,8.6904e-14
5358.870605,8.7086e-14
5363.740723,8.6381e-14
5368.61084,8.5934e-14
5373.480957,8.5435e-14
5378.351074,8.4821e-14
5383.22168,8.4776e-14
5388.091797,8.3834e-14
5392.962402,8.3258e-14
5397.833008,8.183e-14
5402.703613,8.0142e-14
5407.574219,7.7274e-14
5412.444824,7.54e-14
5417.31543,7.632e-14
5422.186523,7.833e-14
5427.057129,7.9705e-14
5431.928223,8.0606e-14
5436.798828,8.0923e-14
5441.669922,8.048e-14
5446.541016,8.0954e-14
5451.412109,8.0329e-14
5456.283691,7.9954e-14
5461.154785,8.0107e-14
5466.025879,7.9101e-14
5470.897461,7.9368e-14
5475.768555,7.9424e-14
5480.640137,7.8671e-14
5485.511719,7.8483e-14
5490.383301,7.8489e-14
5495.254883,7.7896e-14
5500.126465,7.7716e-14
5504.998535,7.7816e-14
5509.870117,7.804e-14
5514.742188,7.7376e-14
5519.61377,7.7445e-14
5524.48584,7.7025e-14
5529.35791,7.653e-14
5534.22998,7.6174e-14
5539.102051,7.6018e-14
5543.974121,7.5935e-14
5548.84668,7.5513e-14
5553.71875,7.5415e-14
5558.59082,7.5289e-14
5563.463379,7.5253e-14
5568.335938,7.5004e-14
5573.208496,7.4604e-14
5578.081055,7.4054e-14
5582.953613,7.4041e-14
5587.826172,7.4059e-14
5592.69873,7.3751e-14
5597.571777,7.3475e-14
5602.444336,7.3009e-14
5607.317383,7.2626e-14
5612.19043,7.2351e-14
5617.062988,7.1654e-14
5621.936035,7.2199e-14
5626.809082,7.232e-14
5631.682617,7.1616e-14
5636.555664,7.1634e-14
5641.428711,6.9972e-14
5646.302246,7.0368e-14
5651.175293,7.0993e-14
5656.048828,7.0445e-14
5660.922363,7.0057e-14
5665.795898,6.9664e-14
5670.669434,6.9342e-14
5675.542969,6.8754e-14
5680.416504,6.8269e-14
5685.290039,6.8043e-14
5690.164062,6.8455e-14
5695.037598,6.8388e-14
5699.911621,6.7999e-14
5704.785156,6.8252e-14
5709.65918,6.846e-14
5714.533203,6.7379e-14
5719.407227,6.7601e-14
5724.28125,6.7191e-14
5729.155762,6.7303e-14
5734.029785,6.6547e-14
5738.903809,6.6422e-14
5743.77832,6.615e-14
5748.652344,6.6191e-14
5753.526855,6.6138e-14
5758.401367,6.5954e-14
5763.275879,6.5719e-14
5768.150391,6.542e-14
5773.024902,6.4963e-14
5777.899414,6.5035e-14
5782.774414,6.4671e-14
5787.648926,6.4748e-14
5792.523926,6.4526e-14
5797.398438,6.452e-14
5802.273438,6.3936e-14
5807.148438,6.3819e-14
5812.023438,6.3443e-14
5816.898438,6.3293e-14
5821.773438,6.288e-14
5826.648438,6.2968e-14
5831.523438,6.2501e-14
5836.398926,6.2236e-14
5841.273926,6.2051e-14
5846.149414,6.1543e-14
5851.024902,6.132e-14
5855.899902,6.1256e-14
5860.775391,6.0536e-14
5865.650879,5.9376e-14
5870.526367,5.7594e-14
5875.402344,5.3835e-14
5880.277832,5.377e-14
5885.15332,5.7232e-14
5890.029297,5.8426e-14
5894.904785,5.888e-14
5899.780762,5.905e-14
5904.656738,5.934e-14
5909.532227,5.9256e-14
5914.408203,5.9176e-14
5919.28418,5.8812e-14
5924.160156,5.8836e-14
5929.036621,5.8645e-14
5933.912598,5.8197e-14
5938.788574,5.7909e-14
5943.665039,5.7472e-14
5948.541016,5.7778e-14
5953.41748,5.7562e-14
5958.293945,5.7473e-14
5963.17041,5.7268e-14
5968.046875,5.7144e-14
5972.92334,5.7003e-14
5977.799805,5.7107e-14
5982.67627,5.6513e-14
5987.552734,5.6485e-14
5992.429688,5.6346e-14
5997.306152,5.6056e-14
6002.183105,5.6271e-14
6007.05957,5.5947e-14
6011.936523,5.5733e-14
6016.813477,5.5464e-14
6021.69043,5.5002e-14
6026.567383,5.5112e-14
6031.444336,5.4862e-14
6036.321289,5.4655e-14
6041.198242,5.4534e-14
6046.075684,5.4406e-14
6050.952637,5.4345e-14
6055.830078,5.4129e-14
6060.707031,5.3594e-14
6065.584473,5.3836e-14
6070.461914,5.3539e-14
6075.338867,5.329e-14
6080.216309,5.3208e-14
6085.09375,5.2892e-14
6089.97168,5.287e-14
6094.849121,5.2688e-14
6099.726562,5.2464e-14
6104.604004,5.2309e-14
6109.481934,5.1967e-14
6114.359375,5.2001e-14
6119.237305,5.1813e-14
6124.115234,5.185e-14
6128.992676,5.1795e-14
6133.870605,5.171e-14
6138.748535,5.1538e-14
6143.626465,5.123e-14
6148.504395,5.1153e-14
6153.382812,5.08e-14
6158.260742,5.0675e-14
6163.138672,5.0388e-14
6168.01709,5.0289e-14
6172.89502,5.0066e-14
6177.773438,4.9918e-14
6182.651367,4.988e-14
6187.529785,4.9929e-14
6192.408203,4.9939e-14
6197.286621,4.969e-14
6202.165039,4.961e-14
6207.043457,4.9378e-14
6211.921875,4.902e-14
6216.800293,4.8816e-14
6221.679199,4.8705e-14
6226.557617,4.864e-14
6231.436523,4.8643e-14
6236.314941,4.8268e-14
6241.193848,4.8254e-14
6246.072754,4.8097e-14
6250.951172,4.7952e-14
6255.830078,4.7733e-14
6260.708984,4.7604e-14
6265.587891,4.7505e-14
6270.466797,4.7435e-14
6275.345703,4.716e-14
6280.225098,4.7074e-14
6285.104004,4.7519e-14
6289.98291,4.7151e-14
6294.862305,4.6787e-14
6299.741211,4.6519e-14
6304.620605,4.6612e-14
6309.5,4.6528e-14
6314.378906,4.6443e-14
6319.258301,4.5987e-14
6324.137695,4.5863e-14
6329.01709,4.5329e-14
6333.896484,4.499e-14
6338.775879,4.4907e-14
6343.655273,4.4828e-14
6348.535156,4.4818e-14
6353.414551,4.4826e-14
6358.293945,4.4756e-14
6363.173828,4.4737e-14
6368.053223,4.4593e-14
6372.933105,4.4403e-14
6377.812988,4.4337e-14
6382.692871,4.4134e-14
6387.572266,4.4034e-14
6392.452148,4.3764e-14
6397.332031,4.3669e-14
6402.211914,4.3567e-14
6407.091797,4.3516e-14
6411.972168,4.3357e-14
6416.852051,4.3213e-14
6421.731934,4.2988e-14
6426.612305,4.3033e-14
6431.492188,4.2957e-14
6436.372559,4.2724e-14
6441.252441,4.2566e-14
6446.132812,4.2459e-14
6451.013184,4.2313e-14
6455.893066,4.2071e-14
6460.773438,4.1879e-14
6465.653809,4.1849e-14
6470.53418,4.1712e-14
6475.414551,4.1464e-14
6480.294922,4.1409e-14
6485.175781,4.1242e-14
6490.056152,4.1239e-14
6494.936523,4.1185e-14
6499.817383,4.1205e-14
6504.697754,4.1007e-14
6509.578613,4.0934e-14
6514.458984,4.0624e-14
6519.339844,4.0225e-14
6524.220703,3.9895e-14
6529.101074,3.9923e-14
6533.981934,3.9577e-14
6538.862793,3.9298e-14
6543.743652,3.896e-14
6548.624512,3.8063e-14
6553.505371,3.6678e-14
6558.38623,3.4839e-14
6563.267578,3.3143e-14
6568.148438,3.3378e-14
6573.029297,3.5483e-14
6577.910645,3.6899e-14
6582.791504,3.7897e-14
6587.672852,3.82e-14
6592.553711,3.8396e-14
6597.435059,3.856e-14
6602.316406,3.873e-14
6607.197266,3.8393e-14
6612.078613,3.8391e-14
6616.959961,3.8208e-14
6621.841309,3.8317e-14
6626.722656,3.8e-14
6631.604004,3.8032e-14
6636.485352,3.806e-14
6641.366699,3.7858e-14
6646.248535,3.7644e-14
6651.129883,3.7542e-14
6656.01123,3.7381e-14
6660.893066,3.7172e-14
6665.774414,3.6774e-14
6670.65625,3.5859e-14
6675.537598,3.4873e-14
6680.419434,3.3147e-14
6685.30127,3.4217e-14
6690.182617,3.5558e-14
6695.064453,3.6116e-14
6699.946289,3.6232e-14
6704.828125,3.608e-14
6709.709961,3.617e-14
6714.591797,3.6121e-14
6719.473633,3.6227e-14
6724.355469,3.6155e-14
6729.237793,3.6094e-14
6734.119629,3.5944e-14
6739.001465,3.5915e-14
6743.883301,3.5726e-14
6748.765625,3.5746e-14
6753.647461,3.5654e-14
6758.529785,3.5724e-14
6763.411621,3.526e-14
6768.293945,3.536e-14
6773.17627,3.5349e-14
6778.058105,3.5189e-14
6782.94043,3.5154e-14
6787.822754,3.499e-14
6792.705078,3.4891e-14
6797.587402,3.479e-14
6802.469727,3.4682e-14
6807.352051,3.4626e-14
6812.234375,3.4498e-14
6817.116699,3.4391e-14
6821.999023,3.4251e-14
6826.881348,3.4241e-14
6831.76416,3.3872e-14
6836.646484,3.3944e-14
6841.528809,3.3805e-14
6846.411621,3.3671e-14
6851.293945,3.357e-14
6856.176758,3.3501e-14
6861.059082,3.3414e-14
6865.941895,3.3276e-14
6870.824707,3.3087e-14
6875.707031,3.2989e-14
6880.589844,3.2814e-14
6885.472656,3.2742e-14
6890.355469,3.2796e-14
6895.238281,3.2633e-14
6900.121094,3.2585e-14
6905.003906,3.2529e-14
6909.886719,3.2582e-14
6914.769531,3.2516e-14
6919.652344,3.2311e-14
6924.535156,3.2287e-14
6929.417969,3.2272e-14
6934.30127,3.2058e-14
6939.184082,3.2046e-14
6944.066895,3.1971e-14
6948.950195,3.1878e-14
6953.833008,3.1706e-14
6958.716309,3.156e-14
6963.599121,3.1434e-14
6968.482422,3.1428e-14
6973.365234,3.1398e-14
6978.248535,3.1459e-14
6983.131836,3.1442e-14
6988.014648,3.1242e-14
6992.897949,3.1231e-14
6997.78125,3.0982e-14
7002.664551,3.0844e-14
7007.547852,3.0892e-14
7012.431152,3.0671e-14
7017.314453,3.0635e-14
7022.197754,3.0518e-14
7027.081055,3.0505e-14
7031.964355,3.0402e-14
7036.847656,3.0307e-14
7041.730957,3.0233e-14
7046.614746,3.0064e-14
7051.498047,2.9888e-14
7056.381348,2.9665e-14
7061.264648,2.9176e-14
7066.148438,2.8264e-14
7071.031738,2.8273e-14
7075.915527,2.9265e-14
7080.798828,2.9362e-14
7085.682617,2.924e-14
7090.565918,2.9385e-14
7095.449707,2.9283e-14
7100.333008,2.9172e-14
7105.216797,2.9216e-14
7110.100586,2.9261e-14
7114.984375,2.9012e-14
7119.867676,2.9e-14
7124.751465,2.8928e-14
7129.635254,2.8851e-14
7134.519043,2.8894e-14
7139.402832,2.8703e-14
7144.286621,2.8571e-14
7149.17041,2.8428e-14
7154.054199,2.8339e-14
7158.937988,2.8256e-14
7163.821777,2.8141e-14
7168.705566,2.7972e-14
7173.589355,2.7928e-14
7178.473145,2.7775e-14
7183.357422,2.7689e-14
7188.241211,2.7691e-14
7193.125,2.7727e-14
7198.008789,2.7648e-14
7202.893066,2.7657e-14
7207.776855,2.7501e-14
7212.661133,2.7464e-14
7217.544922,2.7511e-14
7222.429199,2.7512e-14
7227.312988,2.7425e-14
7232.197266,2.7198e-14
7237.081055,2.7175e-14
7241.965332,2.7184e-14
7246.849121,2.7165e-14
7251.733398,2.696e-14
7256.617676,2.6795e-14
7261.501465,2.6713e-14
7266.385742,2.6677e-14
7271.27002,2.6521e-14
7276.154297,2.6357e-14
7281.038574,2.5837e-14
7285.922363,2.5764e-14
7290.806641,2.6047e-14
7295.690918,2.6194e-14
7300.575195,2.616e-14
7305.459473,2.6157e-14
7310.34375,2.6037e-14
7315.228027,2.6147e-14
7320.112305,2.6045e-14
7324.996582,2.592e-14
7329.880859,2.6013e-14
7334.765137,2.6024e-14
7339.649414,2.5832e-14
7344.53418,2.5751e-14
7349.418457,2.5705e-14
7354.302734,2.5674e-14
7359.187012,2.5603e-14
7364.071777,2.5516e-14
7368.956055,2.5368e-14
7373.840332,2.5363e-14
7378.724609,2.5328e-14
7383.609375,2.532e-14
7388.493652,2.5108e-14
7393.378418,2.5078e-14
7398.262695,2.4984e-14
7403.146973,2.4847e-14
7408.031738,2.4845e-14
7412.916016,2.4819e-14
7417.800781,2.4803e-14
7422.685059,2.4666e-14
7427.569824,2.4664e-14
7432.45459,2.4749e-14
7437.338867,2.4574e-14
7442.223633,2.4449e-14
7447.10791,2.4417e-14
7451.992676,2.436e-14
7456.877441,2.4198e-14
7461.761719,2.4251e-14
7466.646484,2.4077e-14
7471.53125,2.4154e-14
7476.416016,2.4197e-14
7481.300293,2.4025e-14
7486.185059,2.3868e-14
7491.069824,2.3835e-14
7495.95459,2.3691e-14
7500.839355,2.3533e-14
7505.723633,2.35e-14
7510.608398,2.3532e-14
7515.493164,2.3429e-14
7520.37793,2.3513e-14
7525.262695,2.3502e-14
7530.147461,2.3342e-14
7535.032227,2.3251e-14
7539.916992,2.3128e-14
7544.801758,2.3096e-14
7549.686523,2.2928e-14
7554.571289,2.2847e-14
7559.456055,2.2879e-14
7564.34082,2.2918e-14
7569.225586,2.2758e-14
7574.110352,2.2566e-14
7578.995117,2.2507e-14
7583.879883,2.2295e-14
7588.764648,2.2174e-14
7593.649414,2.2195e-14
7598.534668,2.2134e-14
7603.419434,2.2083e-14
7608.304199,2.2092e-14
7613.188965,2.2178e-14
7618.07373,2.2146e-14
7622.958496,2.2132e-14
7627.84375,2.2422e-14
7632.728516,2.2283e-14
7637.613281,2.1936e-14
7642.498047,2.1822e-14
7647.382812,2.1833e-14
7652.268066,2.1784e-14
7657.152832,2.1795e-14
7662.037598,2.1784e-14
7666.922852,2.1668e-14
7671.807617,2.164e-14
7676.692383,2.1583e-14
7681.577148,2.1325e-14
7686.462402,2.1321e-14
7691.347168,2.1227e-14
7696.231934,2.116e-14
7701.117188,2.1201e-14
7706.001953,2.1149e-14
7710.886719,2.1073e-14
7715.771973,2.0929e-14
7720.656738,2.0823e-14
7725.541992,2.0828e-14
7730.426758,2.0819e-14
7735.311523,2.0993e-14
7740.196777,2.0841e-14
7745.081543,2.0924e-14
7749.966797,2.0797e-14
7754.851562,2.0833e-14
7759.736328,2.0759e-14
7764.621582,2.0717e-14
7769.506348,2.0593e-14
7774.391602,2.0631e-14
7779.276367,2.0634e-14
7784.161133,2.0566e-14
7789.046387,2.0364e-14
7793.931152,2.0335e-14
7798.816406,2.0227e-14
7803.701172,2.0316e-14
7808.586426,2.0257e-14
7813.471191,2.0047e-14
7818.356445,2.0112e-14
7823.241211,2.0067e-14
7828.126465,1.9997e-14
7833.01123,2.0009e-14
7837.895996,1.9972e-14
7842.78125,1.9877e-14
7847.666016,1.978e-14
7852.55127,1.994e-14
7857.436035,1.9814e-14
7862.321289,1.9632e-14
7867.206055,1.9781e-14
7872.091309,1.9629e-14
7876.976074,1.9488e-14
7881.861328,1.9543e-14
7886.746094,1.9421e-14
7891.631348,1.9414e-14
7896.516113,1.9327e-14
7901.400879,1.9444e-14
7906.286133,1.9274e-14
7911.170898,1.9223e-14
7916.056152,1.9087e-14
7920.940918,1.8965e-14
7925.826172,1.8901e-14
7930.710938,1.8903e-14
7935.596191,1.8962e-14
7940.480957,1.8834e-14
7945.365723,1.8907e-14
7950.250977,1.8837e-14
7955.135742,1.8749e-14
7960.020996,1.8798e-14
7964.905762,1.8801e-14
7969.790527,1.866e-14
7974.675781,1.8593e-14
7979.560547,1.8582e-14
7984.445801,1.8586e-14
7989.330566,1.8538e-14
7994.215332,1.8467e-14
7999.100586,1.8473e-14
8003.985352,1.8435e-14
8008.870117,1.8261e-14
8013.755371,1.8216e-14
8018.640137,1.8186e-14
8023.525391,1.8201e-14
8028.410156,1.8237e-14
8033.294922,1.8214e-14
8038.179688,1.7948e-14
8043.064941,1.7943e-14
8047.949707,1.7907e-14
8052.834473,1.7881e-14
8057.719727,1.7873e-14
8062.604492,1.7815e-14
8067.489258,1.7912e-14
8072.374023,1.7897e-14
8077.259277,1.7813e-14
8082.144043,1.7924e-14
8087.028809,1.7679e-14
8091.913574,1.7526e-14
8096.79834,1.7451e-14
8101.683594,1.7436e-14
8106.568359,1.7371e-14
8111.453125,1.7456e-14
8116.337891,1.7421e-14
8121.222656,1.7381e-14
8126.107422,1.7323e-14
8130.992188,1.7594e-14
8135.876953,1.7321e-14
8140.761719,1.7198e-14
8145.646973,1.7199e-14
8150.531738,1.7069e-14
8155.416504,1.7047e-14
8160.30127,1.7115e-14
8165.186035,1.7101e-14
8170.070801,1.6991e-14
8174.955566,1.6969e-14
8179.840332,1.6805e-14
8184.725098,1.6806e-14
8189.609375,1.6813e-14
8194.494141,1.657e-14
8199.378906,1.6422e-14
8204.263672,1.6505e-14
8209.148438,1.6395e-14
8214.033203,1.6393e-14
8218.917969,1.6238e-14
8223.802734,1.6278e-14
8228.6875,1.6061e-14
8233.572266,1.5935e-14
8238.456055,1.5833e-14
8243.34082,1.5862e-14
8248.225586,1.6129e-14
8253.110352,1.5926e-14
8257.995117,1.5994e-14
8262.879883,1.6003e-14
8267.763672,1.5936e-14
8272.648438,1.5844e-14
8277.533203,1.6005e-14
8282.417969,1.5869e-14
8287.302734,1.5832e-14
8292.186523,1.5895e-14
8297.071289,1.5681e-14
8301.956055,1.5632e-14
8306.84082,1.5627e-14
8311.724609,1.5692e-14
8316.609375,1.5709e-14
8321.494141,1.5783e-14
8326.378906,1.5667e-14
8331.262695,1.5541e-14
8336.147461,1.5523e-14
8341.032227,1.5585e-14
8345.916016,1.5518e-14
8350.800781,1.5404e-14
8355.68457,1.5302e-14
8360.569336,1.5286e-14
8365.454102,1.5219e-14
8370.337891,1.5226e-14
8375.222656,1.535e-14
8380.106445,1.53e-14
8384.991211,1.5322e-14
8389.875,1.5327e-14
8394.759766,1.5368e-14
8399.644531,1.532e-14
8404.52832,1.521e-14
8409.413086,1.5297e-14
8414.296875,1.5107e-14
8419.180664,1.5044e-14
8424.06543,1.5129e-14
8428.949219,1.5008e-14
8433.833984,1.5243e-14
8438.717773,1.4992e-14
8443.602539,1.4857e-14
8448.486328,1.4792e-14
8453.370117,1.4691e-14
8458.254883,1.4747e-14
8463.138672,1.4847e-14
8468.022461,1.4855e-14
8472.907227,1.4736e-14
8477.791016,1.4744e-14
8482.674805,1.4741e-14
8487.558594,1.4662e-14
8492.443359,1.4661e-14
8497.327148,1.4606e-14
8502.210938,1.455e-14
8507.094727,1.4449e-14
8511.979492,1.4353e-14
8516.863281,1.4274e-14
8521.74707,1.4251e-14
8526.630859,1.4299e-14
8531.514648,1.4354e-14
8536.398438,1.4312e-14
8541.282227,1.4379e-14
8546.166016,1.4364e-14
8551.049805,1.4323e-14
8555.933594,1.4194e-14
8560.817383,1.4099e-14
8565.701172,1.4174e-14
8570.584961,1.4055e-14
8575.46875,1.4075e-14
8580.352539,1.4e-14
8585.236328,1.3989e-14
8590.120117,1.3942e-14
8595.003906,1.3772e-14
8599.887695,1.3687e-14
8604.771484,1.377e-14
8609.655273,1.3799e-14
8614.539062,1.3804e-14
8619.421875,1.3825e-14
8624.305664,1.3931e-14
8629.189453,1.3851e-14
8634.073242,1.3681e-14
8638.956055,1.3582e-14
8643.839844,1.3588e-14
8648.723633,1.3563e-14
8653.607422,1.3471e-14
8658.490234,1.3464e-14
8663.374023,1.3429e-14
8668.256836,1.3374e-14
8673.140625,1.3429e-14
8678.024414,1.3489e-14
8682.907227,1.3448e-14
8687.791016,1.3307e-14
8692.673828,1.3307e-14
8697.557617,1.3423e-14
8702.44043,1.3235e-14
8707.324219,1.3259e-14
8712.207031,1.3116e-14
8717.09082,1.3229e-14
8721.973633,1.3029e-14
8726.856445,1.32e-14
8731.740234,1.305e-14
8736.623047,1.3046e-14
8741.505859,1.3105e-14
8746.389648,1.2918e-14
8751.272461,1.2918e-14
8756.155273,1.2874e-14
8761.039062,1.2919e-14
8765.921875,1.2905e-14
8770.804688,1.2867e-14
8775.6875,1.2743e-14
8780.570312,1.2669e-14
8785.453125,1.2671e-14
8790.335938,1.2631e-14
8795.219727,1.267e-14
8800.102539,1.2581e-14
8804.985352,1.2731e-14
8809.868164,1.2717e-14
8814.750977,1.2761e-14
8819.633789,1.2529e-14
8824.516602,1.2508e-14
8829.398438,1.2435e-14
8834.28125,1.2427e-14
8839.164062,1.255e-14
8844.046875,1.256e-14
8848.929688,1.2536e-14
8853.8125,1.241e-14
8858.694336,1.2285e-14
8863.577148,1.2244e-14
8868.459961,1.2267e-14
8873.342773,1.2279e-14
8878.224609,1.2322e-14
8883.107422,1.2198e-14
8887.990234,1.2258e-14
8892.87207,1.2222e-14
8897.754883,1.2188e-14
8902.636719,1.2163e-14
8907.519531,1.2127e-14
8912.401367,1.2178e-14
8917.28418,1.215e-14
8922.166016,1.2224e-14
8927.048828,1.2248e-14
8931.930664,1.2035e-14
8936.813477,1.2047e-14
8941.695312,1.2099e-14
8946.577148,1.1913e-14
8951.459961,1.1915e-14
8956.341797,1.2031e-14
8961.223633,1.1988e-14
8966.105469,1.1828e-14
8970.988281,1.1782e-14
8975.870117,1.1681e-14
8980.751953,1.1651e-14
8985.633789,1.159e-14
8990.515625,1.1688e-14
8995.397461,1.1649e-14
9000.279297,1.152e-14
9005.161133,1.1432e-14
9010.042969,1.1403e-14
9014.924805,1.1527e-14
9019.806641,1.1535e-14
9024.688477,1.1502e-14
9029.570312,1.1372e-14
9034.452148,1.1392e-14
9039.333008,1.1344e-14
9044.214844,1.1178e-14
9049.09668,1.1201e-14
9053.978516,1.114e-14
9058.859375,1.1151e-14
9063.741211,1.1133e-14
9068.623047,1.1147e-14
9073.503906,1.1296e-14
9078.385742,1.1314e-14
9083.266602,1.1118e-14
9088.148438,1.1282e-14
9093.029297,1.1192e-14
9097.911133,1.1109e-14
9102.791992,1.1113e-14
9107.673828,1.1145e-14
9112.554688,1.1156e-14
9117.435547,1.121e-14
9122.317383,1.1006e-14
9127.198242,1.1047e-14
9132.079102,1.1008e-14
9136.960938,1.0934e-14
9141.841797,1.1017e-14
9146.722656,1.1038e-14
9151.603516,1.0932e-14
9156.484375,1.0983e-14
9161.365234,1.0947e-14
9166.246094,1.0878e-14
9171.126953,1.0892e-14
9176.007812,1.073e-14
9180.888672,1.072e-14
9185.769531,1.0836e-14
9190.650391,1.073e-14
9195.53125,1.0709e-14
9200.412109,1.051e-14
9205.291992,1.0658e-14
9210.172852,1.0435e-14
9215.053711,1.0311e-14
9219.93457,1.0152e-14
9224.814453,1.0199e-14
9229.695312,1.0178e-14
9234.575195,1.0244e-14
9239.456055,1.0488e-14
9244.336914,1.0272e-14
9249.216797,1.0302e-14
9254.09668,1.0311e-14
9258.977539,1.0448e-14
9263.857422,1.0487e-14
9268.738281,1.0332e-14
9273.618164,1.0285e-14
9278.498047,1.0339e-14
9283.37793,1.0306e-14
9288.258789,1.0275e-14
9293.138672,1.0271e-14
9298.018555,1.0319e-14
9302.898438,1.0342e-14
9307.77832,1.0321e-14
9312.658203,1.0233e-14
9317.538086,1.0117e-14
9322.417969,1.01e-14
9327.297852,1.003e-14
9332.177734,1.003e-14
9337.057617,9.9832e-15
9341.9375,9.9511e-15
9346.817383,9.8709e-15
9351.696289,9.9157e-15
9356.576172,9.9073e-15
9361.456055,9.9996e-15
9366.334961,9.9257e-15
9371.214844,9.9114e-15
9376.094727,9.9423e-15
9380.973633,9.9929e-15
9385.853516,1.0229e-14
9390.732422,9.8832e-15
9395.612305,9.99e-15
9400.491211,9.9499e-15
9405.370117,9.8635e-15
9410.25,9.8509e-15
9415.128906,9.8983e-15
9420.007812,9.8027e-15
9424.886719,9.8208e-15
9429.766602,9.8277e-15
9434.645508,9.7892e-15
9439.524414,9.7657e-15
9444.40332,9.7278e-15
9449.282227,9.7039e-15
9454.161133,9.5808e-15
9459.040039,9.4763e-15
9463.918945,9.4229e-15
9468.797852,9.2768e-15
9473.676758,9.3975e-15
9478.554688,9.5331e-15
9483.433594,9.4666e-15
9488.3125,9.3894e-15
9493.191406,9.3081e-15
9498.069336,9.1925e-15
9502.948242,9.1153e-15
9507.826172,9.0822e-15
9512.705078,9.0907e-15
9517.583008,8.974e-15
9522.461914,8.903e-15
9527.339844,8.8846e-15
9532.21875,8.7827e-15
9537.09668,8.8151e-15
9541.974609,8.6678e-15
9546.852539,8.7601e-15
9551.731445,8.7444e-15
9556.609375,8.75e-15
9561.487305,8.7594e-15
9566.365234,8.9562e-15
9571.243164,8.8707e-15
9576.121094,9.0203e-15
9580.999023,9.0206e-15
9585.876953,9.1457e-15
9590.754883,8.9988e-15
9595.632812,9.0465e-15
9600.509766,8.9675e-15
9605.387695,8.961e-15
9610.265625,8.9506e-15
9615.143555,8.8888e-15
9620.020508,8.9941e-15
9624.898438,8.9543e-15
9629.775391,9.0525e-15
9634.65332,8.9984e-15
9639.530273,9.0302e-15
9644.408203,8.8997e-15
9649.285156,8.8321e-15
9654.162109,8.8723e-15
9659.040039,8.9083e-15
9663.916992,8.8889e-15
9668.793945,8.8445e-15
9673.670898,8.8289e-15
9678.547852,8.8624e-15
9683.424805,8.7791e-15
9688.301758,8.6795e-15
9693.178711,8.7385e-15
9698.055664,8.7918e-15
9702.932617,8.7696e-15
9707.80957,8.662e-15
9712.686523,8.5072e-15
9717.563477,8.6132e-15
9722.439453,8.6309e-15
9727.316406,8.6902e-15
9732.193359,8.6594e-15
9737.069336,8.7507e-15
9741.946289,8.7414e-15
9746.822266,8.6336e-15
9751.699219,8.6829e-15
9756.575195,8.6274e-15
9761.451172,8.6195e-15
9766.328125,8.5366e-15
9771.204102,8.5104e-15
9776.080078,8.5116e-15
9780.956055,8.464e-15
9785.833008,8.419e-15
9790.708984,8.444e-15
9795.584961,8.4066e-15
9800.460938,8.4956e-15
9805.336914,8.5312e-15
9810.212891,8.4381e-15
9815.087891,8.423e-15
9819.963867,8.4705e-15
9824.839844,8.3488e-15
9829.71582,8.2149e-15
9834.59082,8.2524e-15
9839.466797,8.2926e-15
9844.341797,8.2775e-15
9849.217773,8.3566e-15
9854.092773,8.3314e-15
9858.96875,8.1923e-15
9863.84375,8.1723e-15
9868.719727,8.1727e-15
9873.594727,8.1662e-15
9878.469727,8.1397e-15
9883.344727,8.2253e-15
9888.219727,8.0923e-15
9893.095703,8.131e-15
9897.970703,8.0693e-15
9902.845703,7.9638e-15
9907.719727,8.1092e-15
9912.594727,7.9729e-15
9917.469727,8.0904e-15
9922.344727,8.0312e-15
9927.219727,7.9184e-15
9932.09375,7.9027e-15
9936.96875,8.0302e-15
9941.84375,8.0214e-15
9946.717773,7.9343e-15
9951.592773,7.8907e-15
9956.466797,7.9178e-15
9961.341797,7.847e-15
9966.21582,7.8549e-15
9971.089844,7.8238e-15
9975.963867,7.7524e-15
9980.838867,7.7182e-15
9985.712891,7.6857e-15
9990.586914,7.6377e-15
9995.460938,7.5701e-15
10000.334961,7.5259e-15
10005.208984,7.5956e-15
10010.083008,7.5989e-15
10014.957031,7.5204e-15
10019.830078,7.4627e-15
10024.704102,7.2601e-15
10029.578125,7.2359e-15
10034.451172,7.1291e-15
10039.325195,7.102e-15
10044.199219,7.0638e-15
10049.072266,7.0324e-15
10053.945312,7.0339e-15
10058.819336,7.216e-15
10063.692383,7.0385e-15
10068.56543,7.1537e-15
10073.439453,7.1035e-15
10078.3125,7.2134e-15
10083.185547,7.3169e-15
10088.058594,7.276e-15
10092.931641,7.2976e-15
10097.804688,7.124e-15
10102.677734,7.2206e-15
10107.550781,7.1609e-15
10112.422852,7.1286e-15
10117.295898,7.1254e-15
10122.168945,7.1473e-15
10127.041016,6.9647e-15
10131.914062,6.9648e-15
10136.787109,7.0821e-15
10141.65918,7.22e-15
10146.53125,7.0121e-15
10151.404297,7.1105e-15
10156.276367,7.3974e-15
10161.148438,7.3129e-15
10166.021484,7.2364e-15
10170.893555,7.0998e-15
10175.765625,7.2511e-15
10180.637695,7.2045e-15
10185.509766,7.0946e-15
10190.381836,7.3468e-15
10195.253906,7.069e-15
10200.125,7.2645e-15
10204.99707,7.2005e-15
10209.869141,7.1434e-15
10214.740234,7.2438e-15
10219.612305,7.0899e-15
10224.483398,7.014e-15
10229.355469,6.9957e-15
10234.226562,7.1094e-15
10239.098633,6.9065e-15
