wave flux
1140.1944580078125 3.8424e-14
1140.778076 1.8473e-14
1141.361694 3.3302e-14
1141.945312 2.8761e-14
1142.528931 3.2893e-14
1143.112549 2.168e-14
1143.696167 2.7813e-14
1144.279785 2.3752e-14
1144.863403 2.687e-14
1145.447021 2.4164e-14
1146.03064 2.3195e-14
1146.614258 2.5103e-14
1147.197876 1.9867e-14
1147.781372 2.6169e-14
1148.36499 2.0012e-14
1148.948608 2.0671e-14
1149.532227 2.1234e-14
1150.115845 2.1722e-14
1150.699463 1.9941e-14
1151.283081 1.9696e-14
1151.866699 1.6971e-14
1152.450195 1.5489e-14
1153.033813 1.6044e-14
1153.617432 1.4945e-14
1154.20105 1.6277e-14
1154.784546 1.5624e-14
1155.368164 1.5044e-14
1155.951782 1.3356e-14
1156.5354 1.4721e-14
1157.118896 1.3352e-14
1157.702515 1.283e-14
1158.286133 1.306e-14
1158.869629 1.4063e-14
1159.453247 1.2852e-14
1160.036865 1.1037e-14
1160.620361 1.069e-14
1161.203979 1.0178e-14
1161.787598 1.1561e-14
1162.371094 9.4631e-15
1162.954712 9.3095e-15
1163.538208 1.0691e-14
1164.121826 9.5121e-15
1164.705444 8.3211e-15
1165.28894 7.8673e-15
1165.872559 7.5427e-15
1166.456055 1.0204e-14
1167.039673 7.8785e-15
1167.623169 6.7319e-15
1168.206787 6.9141e-15
1168.790283 6.6031e-15
1169.373901 7.3491e-15
1169.957397 6.1699e-15
1170.540894 6.9593e-15
1171.124512 6.6506e-15
1171.708008 6.5992e-15
1172.291626 5.4444e-15
1172.875122 4.8882e-15
1173.458618 5.081e-15
1174.042236 4.2509e-15
1174.625732 5.1495e-15
1175.209351 4.1359e-15
1175.792847 5.0617e-15
1176.376343 4.9636e-15
1176.959839 4.5376e-15
1177.543457 3.5785e-15
1178.126953 3.6862e-15
1178.710449 3.8643e-15
1179.293945 3.389e-15
1179.877563 3.4627e-15
1180.46106 2.9938e-15
1181.044556 3.1257e-15
1181.628052 2.9349e-15
1182.21167 3.4642e-15
1182.795166 2.9882e-15
1183.378662 2.8187e-15
1183.962158 2.1546e-15
1184.545654 2.0802e-15
1185.12915 2.3948e-15
1185.712646 1.9623e-15
1186.296143 2.1564e-15
1186.879761 2.313e-15
1187.463257 2.2115e-15
1188.046753 2.0264e-15
1188.630249 2.1683e-15
1189.213745 1.7865e-15
1189.797241 1.9083e-15
1190.380737 1.9699e-15
1190.964233 1.9527e-15
1191.547729 1.4692e-15
1192.131226 1.2247e-15
1192.714722 1.4856e-15
1193.298218 1.8274e-15
1193.881714 1.7912e-15
1194.46521 1.0977e-15
1195.048584 1.4427e-15
1195.63208 3.5591e-16
1196.215576 9.6602e-16
1196.799072 1.6595e-15
1197.382568 9.6703e-16
1197.966064 7.2255e-16
1198.549561 1.7978e-15
1199.132935 3.1961e-16
1199.716431 1.2741e-15
1200.299927 1.7272e-15
1200.883423 4.4994e-16
1201.466919 1.2048e-15
1202.050293 7.7943e-16
1202.633789 8.1806e-16
1203.217285 1.4211e-15
1203.800781 9.8241e-16
1204.384155 1.0487e-15
1204.967651 6.8092e-16
1205.551147 1.3052e-15
1206.134521 8.1109e-16
1206.718018 8.3603e-16
1207.301514 8.5605e-16
1207.884888 1.1225e-15
1208.468384 3.0079e-16
1209.05188 7.0264e-16
1209.635254 4.6394e-16
1210.21875 7.4637e-16
1210.802124 1.2291e-15
1211.38562 4.1134e-16
1211.968994 1.1079e-15
1212.55249 6.3415e-16
1213.135986 3.8891e-16
1213.71936 8.8105e-17
1214.302856 2.9278e-17
1214.88623 1.2473e-16
1215.469727 5.5356e-16
1216.053101 3.2761e-16
1216.636475 3.0387e-16
1217.219971 7.4553e-16
1217.803345 2.3333e-16
1218.386841 8.6429e-16
1218.970215 5.2644e-16
1219.553711 6.8598e-16
1220.137085 1.664e-15
1220.720459 8.5788e-16
1221.303955 8.688e-16
1221.887329 4.2655e-16
1222.470703 7.3745e-16
1223.054199 6.6254e-16
1223.637573 1.1592e-15
1224.220947 9.2774e-16
1224.804321 1.1164e-15
1225.387817 8.9854e-16
1225.971191 8.6439e-16
1226.554565 1.2888e-15
1227.137939 1.6125e-15
1227.721436 1.2702e-15
1228.30481 1.5572e-15
1228.888184 1.7992e-15
1229.471558 1.3135e-15
1230.054932 1.6269e-15
1230.638428 1.7639e-15
1231.221802 1.6708e-15
1231.805176 1.4209e-15
1232.38855 1.0601e-15
1232.971924 1.0398e-15
1233.555298 2.1705e-15
1234.138672 1.6541e-15
1234.722046 1.6696e-15
1235.30542 1.8413e-15
1235.888794 2.1989e-15
1236.472168 2.1028e-15
1237.055542 2.1602e-15
1237.638916 1.6236e-15
1238.22229 2.7874e-15
1238.805664 2.3648e-15
1239.389038 2.4865e-15
1239.972412 2.4709e-15
1240.555786 2.5863e-15
1241.13916 2.9485e-15
1241.722534 3.1103e-15
1242.305908 3.4919e-15
1242.889282 3.18e-15
1243.472656 3.759e-15
1244.05603 3.7387e-15
1244.639404 3.6684e-15
1245.222656 3.9332e-15
1245.80603 4.7389e-15
1246.389404 4.4076e-15
1246.972778 4.9935e-15
1247.556152 5.075e-15
1248.139404 5.161e-15
1248.722778 5.4666e-15
1249.306152 5.7996e-15
1249.889526 5.7258e-15
1250.472778 5.8795e-15
1251.056152 5.9849e-15
1251.639526 6.3474e-15
1252.2229 7.127e-15
1252.806152 6.8514e-15
1253.389526 7.632e-15
1253.9729 7.88e-15
1254.556152 7.778e-15
1255.139526 8.7199e-15
1255.7229 9.3728e-15
1256.306152 8.4575e-15
1256.889526 9.4196e-15
1257.472778 9.8558e-15
1258.056152 9.9087e-15
1258.639404 1.0583e-14
1259.222778 1.0249e-14
1259.806152 1.0976e-14
1260.389404 1.201e-14
1260.972778 1.2812e-14
1261.55603 1.2528e-14
1262.139404 1.2904e-14
1262.722656 1.3612e-14
1263.305908 1.3738e-14
1263.889282 1.4383e-14
1264.472534 1.4402e-14
1265.055908 1.5321e-14
1265.63916 1.5915e-14
1266.222534 1.6733e-14
1266.805786 1.6731e-14
1267.389038 1.6883e-14
1267.972412 1.7395e-14
1268.555664 1.8132e-14
1269.138916 1.9235e-14
1269.72229 1.9049e-14
1270.305542 1.9003e-14
1270.888794 2.0385e-14
1271.472168 2.0401e-14
1272.05542 2.1379e-14
1272.638672 2.1858e-14
1273.221924 2.1682e-14
1273.805298 2.2264e-14
1274.38855 2.2654e-14
1274.971802 2.2815e-14
1275.555054 2.2486e-14
1276.138306 2.3006e-14
1276.72168 2.3478e-14
1277.304932 2.341e-14
1277.888184 2.4314e-14
1278.471436 2.4989e-14
1279.054688 2.5456e-14
1279.637939 2.6765e-14
1280.221191 2.7455e-14
1280.804565 2.6962e-14
1281.387817 2.7882e-14
1281.971069 2.8122e-14
1282.554321 2.8412e-14
1283.137573 2.9325e-14
1283.720825 2.8177e-14
1284.304077 2.856e-14
1284.887329 3.034e-14
1285.470581 3.0333e-14
1286.053833 3.0994e-14
1286.637085 3.1174e-14
1287.220337 3.2398e-14
1287.803589 3.2213e-14
1288.386841 3.2607e-14
1288.969971 3.2968e-14
1289.553223 3.4649e-14
1290.136475 3.4498e-14
1290.719727 3.5291e-14
1291.302979 3.452e-14
1291.88623 3.4999e-14
1292.469482 3.5447e-14
1293.052734 3.5639e-14
1293.635864 3.6555e-14
1294.219116 3.7476e-14
1294.802368 3.7422e-14
1295.38562 3.8409e-14
1295.96875 3.8701e-14
1296.552002 3.9228e-14
1297.135254 3.9957e-14
1297.718506 3.8652e-14
1298.301636 4.131e-14
1298.884888 4.1096e-14
1299.46814 4.1719e-14
1300.05127 4.1878e-14
1300.634521 4.2187e-14
1301.217773 4.2204e-14
1301.800903 4.4032e-14
1302.384155 4.4356e-14
1302.967407 4.5576e-14
1303.550537 4.5603e-14
1304.133789 4.5258e-14
1304.716919 4.6151e-14
1305.300171 4.6501e-14
1305.883423 4.7907e-14
1306.466553 4.5845e-14
1307.049805 4.7486e-14
1307.632935 4.7585e-14
1308.216187 4.8115e-14
1308.799316 4.8665e-14
1309.382568 4.8326e-14
1309.965698 4.898e-14
1310.54895 5.0127e-14
1311.13208 4.935e-14
1311.715332 4.9891e-14
1312.298462 5.0417e-14
1312.881592 5.0946e-14
1313.464844 5.1061e-14
1314.047974 5.0909e-14
1314.631104 5.1558e-14
1315.214355 5.2678e-14
1315.797485 5.2619e-14
1316.380737 5.3309e-14
1316.963867 5.196e-14
1317.546997 5.3803e-14
1318.130127 5.2998e-14
1318.713379 5.4852e-14
1319.296509 5.4343e-14
1319.879639 5.5701e-14
1320.462769 5.527e-14
1321.046021 5.5529e-14
1321.62915 5.4731e-14
1322.21228 5.615e-14
1322.79541 5.4802e-14
1323.378662 5.7485e-14
1323.961792 5.6116e-14
1324.544922 5.7384e-14
1325.128052 5.6494e-14
1325.711182 5.8015e-14
1326.294312 5.6766e-14
1326.877441 5.7387e-14
1327.460571 5.6717e-14
1328.043823 5.9944e-14
1328.626953 5.8348e-14
1329.210083 5.7532e-14
1329.793213 6.0111e-14
1330.376343 5.8807e-14
1330.959473 5.9054e-14
1331.542603 5.9766e-14
1332.125732 5.8494e-14
1332.708862 5.8968e-14
1333.291992 6.0282e-14
1333.875122 5.7359e-14
1334.458252 6.1056e-14
1335.041382 6.1123e-14
1335.624512 6.1433e-14
1336.20752 6.3416e-14
1336.790649 6.1398e-14
1337.373779 6.0728e-14
1337.956909 6.1478e-14
1338.540039 6.1183e-14
1339.123169 6.2064e-14
1339.706299 6.3636e-14
1340.289429 6.5226e-14
1340.872437 6.2193e-14
1341.455566 6.3711e-14
1342.038696 6.2488e-14
1342.621826 6.2655e-14
1343.204834 6.381e-14
1343.787964 6.5096e-14
1344.371094 6.4446e-14
1344.954224 6.4605e-14
1345.537231 6.3802e-14
1346.120361 6.583e-14
1346.703491 6.6078e-14
1347.286499 6.4852e-14
1347.869629 6.6738e-14
1348.452759 6.6156e-14
1349.035767 6.4781e-14
1349.618896 6.6972e-14
1350.202026 6.7665e-14
1350.785034 6.565e-14
1351.368164 6.6377e-14
1351.951172 6.7666e-14
1352.534302 6.7675e-14
1353.117432 6.7041e-14
1353.700439 6.4909e-14
1354.283569 6.7029e-14
1354.866577 6.6637e-14
1355.449707 6.772e-14
1356.032715 6.5517e-14
1356.615845 6.804e-14
1357.198853 6.7315e-14
1357.781982 6.5781e-14
1358.36499 6.7556e-14
1358.947998 6.5084e-14
1359.531128 6.5113e-14
1360.114136 6.5865e-14
1360.697266 6.7366e-14
1361.280273 6.6222e-14
1361.863281 6.6915e-14
1362.446411 6.5924e-14
1363.029419 6.5835e-14
1363.612427 6.845e-14
1364.195557 6.5793e-14
1364.778564 6.5515e-14
1365.361572 6.5257e-14
1365.944702 6.4363e-14
1366.52771 6.479e-14
1367.110718 6.4731e-14
1367.693726 6.441e-14
1368.276855 6.6424e-14
1368.859863 6.5957e-14
1369.442871 6.427e-14
1370.025879 6.3183e-14
1370.608887 6.327e-14
1371.192017 6.3605e-14
1371.775024 6.4219e-14
1372.358032 6.3933e-14
1372.94104 6.2113e-14
1373.524048 6.3227e-14
1374.107056 6.2885e-14
1374.690063 6.2645e-14
1375.273071 6.1999e-14
1375.856079 6.13e-14
1376.439209 6.119e-14
1377.022217 5.9356e-14
1377.605225 5.958e-14
1378.188232 5.9837e-14
1378.77124 5.9926e-14
1379.354248 5.8415e-14
1379.937256 5.9447e-14
1380.520264 5.752e-14
1381.103271 5.7664e-14
1381.686157 5.6315e-14
1382.269165 5.68e-14
1382.852173 5.5455e-14
1383.435181 5.691e-14
1384.018188 5.5963e-14
1384.601196 5.44e-14
1385.184204 5.5623e-14
1385.767212 5.5369e-14
1386.35022 5.4517e-14
1386.933105 5.3915e-14
1387.516113 5.455e-14
1388.099121 5.4636e-14
1388.682129 5.4459e-14
1389.265137 5.4145e-14
1389.848022 5.4277e-14
1390.43103 5.5282e-14
1391.014038 5.3851e-14
1391.597046 5.3299e-14
1392.179932 5.3648e-14
1392.762939 5.4684e-14
1393.345947 5.3478e-14
1393.928833 5.3599e-14
1394.511841 5.4969e-14
1395.094849 5.422e-14
1395.677734 5.325e-14
1396.260742 5.4489e-14
1396.84375 5.5716e-14
1397.426636 5.679e-14
1398.009644 5.5694e-14
1398.592651 5.887e-14
1399.175537 5.7845e-14
1399.758545 5.9187e-14
1400.341431 5.9924e-14
1400.924438 5.9267e-14
1401.507324 6.0441e-14
1402.090332 6.181e-14
1402.673218 6.3156e-14
1403.256226 6.5193e-14
1403.839111 6.5456e-14
1404.422119 6.4746e-14
1405.005005 6.7447e-14
1405.588013 6.7713e-14
1406.170898 6.9578e-14
1406.753784 7.0588e-14
1407.336792 7.2158e-14
1407.919678 7.3594e-14
1408.502686 7.2533e-14
1409.085571 7.2466e-14
1409.668457 7.7436e-14
1410.251465 7.4492e-14
1410.834351 7.7402e-14
1411.417236 8.1723e-14
1412.000244 7.9218e-14
1412.58313 7.87e-14
1413.166016 8.1271e-14
1413.748901 8.1976e-14
1414.331909 8.171e-14
1414.914795 8.5322e-14
1415.497681 8.2433e-14
1416.080566 8.5419e-14
1416.663574 8.4497e-14
1417.24646 8.5011e-14
1417.829346 8.56e-14
1418.412231 8.5528e-14
1418.995117 8.5988e-14
1419.578003 8.4539e-14
1420.161011 8.3871e-14
1420.743896 8.7164e-14
1421.326782 8.5983e-14
1421.909668 8.9356e-14
1422.492554 8.6936e-14
1423.075439 8.7432e-14
1423.658325 8.508e-14
1424.241211 8.7202e-14
1424.824097 8.696e-14
1425.406982 8.7416e-14
1425.989868 8.808e-14
1426.572754 9.074e-14
1427.15564 8.6885e-14
1427.738525 8.7842e-14
1428.321411 8.6651e-14
1428.904297 8.8013e-14
1429.487183 8.733e-14
1430.070068 8.6815e-14
1430.652954 8.6376e-14
1431.23584 9.0021e-14
1431.818726 8.994e-14
1432.401489 8.8487e-14
1432.984375 8.7747e-14
1433.567261 8.8716e-14
1434.150146 8.7376e-14
1434.733032 8.7007e-14
1435.315918 8.7925e-14
1435.898682 8.7503e-14
1436.481567 8.8214e-14
1437.064453 8.8075e-14
1437.647339 8.9393e-14
1438.230225 8.828e-14
1438.812988 8.6909e-14
1439.395874 8.7503e-14
1439.97876 8.6416e-14
1440.561523 9.0057e-14
1441.144409 8.8413e-14
1441.727295 8.7469e-14
1442.310059 8.7745e-14
1442.892944 8.777e-14
1443.47583 8.6535e-14
1444.058594 8.8771e-14
1444.641479 8.7751e-14
1445.224365 8.6429e-14
1445.807129 8.7745e-14
1446.390015 8.5344e-14
1446.972778 8.8061e-14
1447.555664 9.0891e-14
1448.138428 8.6532e-14
1448.721313 8.8627e-14
1449.304077 8.8542e-14
1449.886963 8.9058e-14
1450.469727 8.569e-14
1451.052612 8.8637e-14
1451.635376 8.703e-14
1452.218262 8.7513e-14
1452.801025 8.6324e-14
1453.383911 8.821e-14
1453.966675 8.7104e-14
1454.549438 8.6645e-14
1455.132324 8.8924e-14
1455.715088 8.6125e-14
1456.297974 8.7998e-14
1456.880737 8.878e-14
1457.463501 8.72e-14
1458.046387 8.8595e-14
1458.62915 8.7341e-14
1459.211914 9.0568e-14
1459.794678 8.6105e-14
1460.377563 8.6198e-14
1460.960327 8.5458e-14
1461.543091 8.4924e-14
1462.125854 8.5034e-14
1462.70874 8.7226e-14
1463.291504 8.6032e-14
1463.874268 8.5608e-14
1464.457031 8.7523e-14
1465.039917 8.6521e-14
1465.622681 8.5658e-14
1466.205444 8.7119e-14
1466.788208 8.2638e-14
1467.370972 8.5737e-14
1467.953735 8.6416e-14
1468.536499 8.5593e-14
1469.119263 8.6955e-14
1469.702026 8.6234e-14
1470.284912 8.6054e-14
1470.867676 8.3393e-14
1471.450439 8.3936e-14
1472.033203 8.6035e-14
1472.615967 8.4634e-14
1473.19873 8.5692e-14
1473.781494 8.3624e-14
1474.364258 8.5098e-14
1474.947021 8.4574e-14
1475.529785 8.5029e-14
1476.112549 8.3274e-14
1476.69519 8.5933e-14
1477.277954 8.3247e-14
1477.860718 8.2993e-14
1478.443481 8.3981e-14
1479.026245 8.4943e-14
1479.609009 8.354e-14
1480.191772 8.4623e-14
1480.774536 8.3216e-14
1481.357178 8.2809e-14
1481.939941 8.4624e-14
1482.522705 8.1665e-14
1483.105469 8.4515e-14
1483.688232 8.3704e-14
1484.270874 8.5361e-14
1484.853638 8.5433e-14
1485.436401 8.3242e-14
1486.019165 8.4481e-14
1486.601807 8.6401e-14
1487.18457 8.604e-14
1487.767334 8.4732e-14
1488.350098 8.2723e-14
1488.932739 8.1823e-14
1489.515503 8.5426e-14
1490.098145 8.5633e-14
1490.680908 8.2053e-14
1491.263672 8.3292e-14
1491.846313 8.4039e-14
1492.429077 8.2761e-14
1493.011841 8.5533e-14
1493.594482 8.3853e-14
1494.177246 8.4719e-14
1494.759888 8.137e-14
1495.342651 8.3876e-14
1495.925293 8.3374e-14
1496.508057 8.5405e-14
1497.090698 8.4962e-14
1497.673462 8.129e-14
1498.256104 8.2137e-14
1498.838867 8.2025e-14
1499.421509 8.4106e-14
1500.004272 8.4092e-14
1500.586914 8.2839e-14
1501.169556 8.2738e-14
1501.752319 8.0836e-14
1502.334961 7.9759e-14
1502.917725 7.9421e-14
1503.500366 8.2201e-14
1504.083008 8.2008e-14
1504.665771 8.118e-14
1505.248413 8.1536e-14
1505.831055 8.027e-14
1506.413818 8.0177e-14
1506.99646 8.1311e-14
1507.579102 8.226e-14
1508.161743 7.9956e-14
1508.744507 8.0821e-14
1509.327148 8.1627e-14
1509.90979 7.8625e-14
1510.492432 7.9909e-14
1511.075195 7.6423e-14
1511.657837 7.7905e-14
1512.240479 8.1565e-14
1512.82312 7.9558e-14
1513.405762 8.3652e-14
1513.988403 8.0438e-14
1514.571045 8.0647e-14
1515.153809 8.1298e-14
1515.73645 8.0952e-14
1516.319092 7.9375e-14
1516.901733 7.9389e-14
1517.484375 7.8117e-14
1518.067017 8.1656e-14
1518.649658 8.1647e-14
1519.2323 7.8127e-14
1519.814941 7.8276e-14
1520.397583 7.9262e-14
1520.980225 7.999e-14
1521.562866 7.905e-14
1522.145508 8.0974e-14
1522.728149 8.1052e-14
1523.310791 8.203e-14
1523.893433 7.7539e-14
1524.476074 7.8569e-14
1525.058716 7.9544e-14
1525.641357 7.9488e-14
1526.223877 7.6539e-14
1526.806519 8.2788e-14
1527.38916 8.2274e-14
1527.971802 7.9842e-14
1528.554443 7.9568e-14
1529.137085 7.6755e-14
1529.719604 8.1031e-14
1530.302246 7.9609e-14
1530.884888 7.8266e-14
1531.467529 7.7112e-14
1532.050171 8.1211e-14
1532.63269 8.2031e-14
1533.215332 8.0149e-14
1533.797974 7.7437e-14
1534.380493 8.3092e-14
1534.963135 7.9571e-14
1535.545776 7.8749e-14
1536.128418 8.0702e-14
1536.710938 7.9172e-14
1537.293579 7.6674e-14
1537.876099 7.7677e-14
1538.45874 7.7247e-14
1539.041382 7.7967e-14
1539.623901 7.7395e-14
1540.206543 7.7303e-14
1540.789062 7.9197e-14
1541.371704 8.1462e-14
1541.954346 7.679e-14
1542.536865 7.8831e-14
1543.119507 7.5019e-14
1543.702026 7.8492e-14
1544.284668 7.9915e-14
1544.867188 7.8402e-14
1545.449829 7.6966e-14
1546.032349 7.282e-14
1546.61499 7.3571e-14
1547.19751 7.7763e-14
1547.780029 7.8777e-14
1548.362671 7.969e-14
1548.94519 7.7849e-14
1549.527832 7.6057e-14
1550.110352 7.3975e-14
1550.692871 7.6509e-14
1551.275513 7.6642e-14
1551.858032 7.7543e-14
1552.440552 7.5819e-14
1553.023193 7.4957e-14
1553.605713 7.5148e-14
1554.188232 7.5077e-14
1554.770874 7.6761e-14
1555.353394 7.5458e-14
1555.935913 7.4525e-14
1556.518433 7.6233e-14
1557.100952 7.2678e-14
1557.683594 7.3626e-14
1558.266113 7.5372e-14
1558.848633 7.2128e-14
1559.431152 7.2707e-14
1560.013672 7.255e-14
1560.596313 7.6732e-14
1561.178833 7.6781e-14
1561.761353 7.5587e-14
1562.343872 7.7582e-14
1562.926392 7.7033e-14
1563.508911 7.3465e-14
1564.091431 7.4256e-14
1564.67395 7.1734e-14
1565.25647 7.531e-14
1565.838989 7.3461e-14
1566.421509 7.3862e-14
1567.004028 7.5976e-14
1567.586548 7.2295e-14
1568.169067 7.4644e-14
1568.751587 7.39e-14
1569.334106 7.0867e-14
1569.916626 7.2766e-14
1570.499146 7.4747e-14
1571.081665 7.5138e-14
1571.664185 7.449e-14
1572.246704 7.236e-14
1572.829224 7.6186e-14
1573.411743 7.2975e-14
1573.994263 7.3563e-14
1574.576782 7.5263e-14
1575.15918 7.3668e-14
1575.741699 7.5171e-14
1576.324219 7.2836e-14
1576.906738 7.5374e-14
1577.489258 7.4414e-14
1578.071655 7.3425e-14
1578.654175 7.5648e-14
1579.236694 7.4145e-14
1579.819214 7.7176e-14
1580.401611 7.1087e-14
1580.984131 7.4659e-14
1581.56665 7.2815e-14
1582.14917 7.2778e-14
1582.731567 7.3642e-14
1583.314087 7.257e-14
1583.896606 7.409e-14
1584.479004 7.068e-14
1585.061523 7.2948e-14
1585.643921 7.8809e-14
1586.22644 7.3758e-14
1586.80896 7.4985e-14
1587.391357 7.1211e-14
1587.973877 7.2174e-14
1588.556274 7.3717e-14
1589.138794 7.2693e-14
1589.721191 7.3379e-14
1590.303711 7.48e-14
1590.886108 7.4929e-14
1591.468628 7.1429e-14
1592.051025 7.4464e-14
1592.633545 7.0346e-14
1593.215942 6.8659e-14
1593.798462 7.1007e-14
1594.380859 7.0372e-14
1594.963379 7.0693e-14
1595.545776 7.0711e-14
1596.128296 7.3503e-14
1596.710693 7.2311e-14
1597.293091 6.9972e-14
1597.87561 7.1393e-14
1598.458008 7.1962e-14
1599.040405 7.1874e-14
1599.622925 6.9015e-14
1600.205322 6.9578e-14
1600.78772 6.8601e-14
1601.370239 6.7437e-14
1601.952637 7.0218e-14
1602.535034 7.1108e-14
1603.117432 7.4596e-14
1603.699951 6.9197e-14
1604.282349 6.7066e-14
1604.864746 7.1921e-14
1605.447144 6.9508e-14
1606.029541 7.0104e-14
1606.612061 7.1471e-14
1607.194458 7.1608e-14
1607.776855 7.0904e-14
1608.359253 7.0602e-14
1608.94165 6.7188e-14
1609.524048 7.0367e-14
1610.106445 6.6872e-14
1610.688965 7.0273e-14
1611.271362 7.0659e-14
1611.85376 6.8204e-14
1612.436157 6.9897e-14
1613.018555 6.9446e-14
1613.600952 6.8867e-14
1614.18335 7.2579e-14
1614.765747 7.1529e-14
1615.348145 7.2728e-14
1615.930542 7.1469e-14
1616.512939 6.859e-14
1617.095337 7.0918e-14
1617.677734 7.0476e-14
1618.260132 6.9928e-14
1618.842407 6.8384e-14
1619.424805 6.8183e-14
1620.007202 7.0631e-14
1620.5896 6.8276e-14
1621.171997 6.816e-14
1621.754395 7.1058e-14
1622.336792 7.0858e-14
1622.919189 7.128e-14
1623.501465 6.6682e-14
1624.083862 7.1333e-14
1624.66626 6.6287e-14
1625.248657 6.9506e-14
1625.831055 6.7295e-14
1626.41333 6.8011e-14
1626.995728 7.0688e-14
1627.578125 6.8473e-14
1628.160522 6.9362e-14
1628.742798 6.8631e-14
1629.325195 7.0619e-14
1629.907593 6.8401e-14
1630.489868 6.7241e-14
1631.072266 6.9752e-14
1631.654663 6.6246e-14
1632.236938 6.7979e-14
1632.819336 6.3616e-14
1633.401611 6.903e-14
1633.984009 7.0285e-14
1634.566406 6.691e-14
1635.148682 6.9625e-14
1635.731079 6.5834e-14
1636.313354 6.9588e-14
1636.895752 7.0279e-14
1637.478027 6.8471e-14
1638.060425 7.0366e-14
1638.6427 7.2957e-14
1639.225098 6.6207e-14
1639.807373 6.9119e-14
1640.389771 6.7859e-14
1640.972046 6.9727e-14
1641.554443 6.8982e-14
1642.136719 6.814e-14
1642.719116 6.7913e-14
1643.301392 6.9002e-14
1643.883667 6.891e-14
1644.466064 7.0517e-14
1645.04834 6.7287e-14
1645.630615 6.9469e-14
1646.213013 6.8516e-14
1646.795288 6.5425e-14
1647.377563 6.9714e-14
1647.959961 6.6482e-14
1648.542236 6.9043e-14
1649.124512 6.4965e-14
1649.706909 6.9763e-14
1650.289185 6.8616e-14
1650.87146 6.9017e-14
1651.453735 6.9787e-14
1652.036011 7.0852e-14
1652.618408 6.7816e-14
1653.200684 6.7138e-14
1653.782959 6.7219e-14
1654.365234 6.5582e-14
1654.94751 6.8364e-14
1655.529907 6.7534e-14
1656.112183 6.7499e-14
1656.694458 6.5349e-14
1657.276733 6.7805e-14
1657.859009 6.8974e-14
1658.441284 6.9127e-14
1659.02356 6.4911e-14
1659.605835 6.5731e-14
1660.18811 6.7515e-14
1660.770386 6.6498e-14
1661.352661 6.6376e-14
1661.934937 6.7542e-14
1662.517212 6.8642e-14
1663.099487 6.5992e-14
1663.681763 6.9782e-14
1664.264038 6.5175e-14
1664.846313 6.5967e-14
1665.428589 7.1035e-14
1666.010864 6.641e-14
1666.59314 6.8572e-14
1667.175415 6.8655e-14
1667.75769 6.8849e-14
1668.339966 6.3284e-14
1668.922119 6.5752e-14
1669.504395 6.9276e-14
1670.08667 6.8155e-14
1670.668945 6.3588e-14
1671.251221 6.6682e-14
1671.833374 6.8579e-14
1672.415649 6.9767e-14
1672.997925 6.867e-14
1673.5802 6.4916e-14
1674.162476 6.7258e-14
1674.744629 6.712e-14
1675.326904 6.7535e-14
1675.90918 6.6535e-14
1676.491333 6.3247e-14
1677.073608 6.5242e-14
1677.655884 6.2045e-14
1678.112793 6.6386e-14
1679.65686 6.7875e-14
1681.20105 6.6043e-14
1682.745117 6.5859e-14
1684.289307 6.878e-14
1685.833496 6.4569e-14
1687.377686 6.5218e-14
1688.921875 6.762e-14
1690.466064 6.5265e-14
1692.010254 6.2949e-14
1693.554443 6.5464e-14
1695.098755 6.5092e-14
1696.642944 6.7691e-14
1698.187134 6.3939e-14
1699.731445 6.3167e-14
1701.275635 6.4791e-14
1702.819946 6.7634e-14
1704.364258 6.5642e-14
1705.908569 6.4636e-14
1707.452759 6.2656e-14
1708.99707 6.3664e-14
1710.541382 6.1925e-14
1712.085693 6.5814e-14
1713.630127 6.2962e-14
1715.174438 6.6127e-14
1716.71875 6.11e-14
1718.263062 6.3911e-14
1719.807495 6.491e-14
1721.351807 6.3396e-14
1722.89624 6.5823e-14
1724.440674 6.3938e-14
1725.984985 6.0244e-14
1727.529419 6.2843e-14
1729.073853 6.5138e-14
1730.618286 6.6036e-14
1732.16272 6.0158e-14
1733.707153 5.7546e-14
1735.251587 6.5418e-14
1736.796021 6.387e-14
1738.340576 6.2361e-14
1739.88501 6.5209e-14
1741.429565 6.1764e-14
1742.973999 6.3405e-14
1744.518555 6.0452e-14
1746.062988 6.2536e-14
1747.607544 6.0704e-14
1749.1521 6.1891e-14
1750.696655 6.2347e-14
1752.241211 6.4567e-14
1753.785767 6.0745e-14
1755.330322 6.0629e-14
1756.874878 6.098e-14
1758.419434 6.1611e-14
1759.964111 5.9918e-14
1761.508667 6.1262e-14
1763.053345 6.1773e-14
1764.5979 6.2382e-14
1766.142578 5.9954e-14
1767.687134 5.7912e-14
1769.231812 5.737e-14
1770.776489 5.9349e-14
1772.321167 6.3398e-14
1773.865845 6.0523e-14
1775.410522 5.7763e-14
1776.9552 6.1133e-14
1778.499878 5.8032e-14
1780.044678 6.2424e-14
1781.589355 5.874e-14
1783.134033 5.8681e-14
1784.678833 5.6399e-14
1786.223511 5.9429e-14
1787.768311 5.8571e-14
1789.31311 6.1319e-14
1790.85791 6.0593e-14
1792.402588 5.9607e-14
1793.947388 5.6867e-14
1795.492188 5.774e-14
1797.036987 5.6277e-14
1798.581909 5.9171e-14
1800.126709 5.7963e-14
1801.671509 6.0235e-14
1803.216309 5.67e-14
1804.76123 5.4744e-14
1806.30603 5.8024e-14
1807.850952 5.6331e-14
1809.395874 5.853e-14
1810.940674 5.4577e-14
1812.485596 5.8928e-14
1814.030518 5.7305e-14
1815.575439 5.8352e-14
1817.120361 5.4734e-14
1818.665283 5.3882e-14
1820.210205 5.5313e-14
1821.755127 5.4939e-14
1823.300171 5.2882e-14
1824.845093 5.5038e-14
1826.390137 5.7539e-14
1827.935059 5.3362e-14
1829.480103 5.5372e-14
1831.025024 5.3756e-14
1832.570068 5.3872e-14
1834.115112 5.6081e-14
1835.660156 5.3793e-14
1837.2052 5.4623e-14
1838.750244 5.5e-14
1840.295288 5.6761e-14
1841.840332 5.3376e-14
1843.385376 5.4975e-14
1844.930542 5.1657e-14
1846.475586 5.5637e-14
1848.02063 5.2902e-14
1849.565796 5.4243e-14
1851.110962 5.4565e-14
1852.656006 5.3507e-14
1854.201172 5.5976e-14
1855.746338 5.3953e-14
1857.291504 5.2878e-14
1858.83667 5.539e-14
1860.381836 5.3373e-14
1861.927002 5.3075e-14
1863.472168 5.2542e-14
1865.017334 5.0786e-14
1866.562622 5.3232e-14
1868.107788 5.5103e-14
1869.653076 5.3429e-14
1871.198242 5.2354e-14
1872.74353 5.0797e-14
1874.288818 5.2189e-14
1875.833984 5.2682e-14
1877.379272 5.2242e-14
1878.924561 5.2772e-14
1880.469849 5.3003e-14
1882.015137 5.0551e-14
1883.560425 5.0613e-14
1885.105835 5.0949e-14
1886.651123 5.0147e-14
1888.196411 4.888e-14
1889.741821 5.0447e-14
1891.287109 4.9617e-14
1892.83252 5.2907e-14
1894.377808 5.3304e-14
1895.923218 5.0933e-14
1897.468628 4.9896e-14
1899.014038 4.9514e-14
1900.559448 4.9654e-14
1902.104858 5.0899e-14
1903.650269 5.0125e-14
1905.195679 4.9062e-14
1906.741089 5.04e-14
1908.286621 5.0612e-14
1909.832031 4.8638e-14
1911.377441 4.9788e-14
1912.922974 5.0487e-14
1914.468506 5.1065e-14
1916.013916 4.9857e-14
1917.559448 4.979e-14
1919.10498 5.0108e-14
1920.650513 4.9994e-14
1922.196045 5.0374e-14
1923.741577 4.7896e-14
1925.287109 4.9539e-14
1926.832642 4.8482e-14
1928.378174 5.0165e-14
1929.923828 4.8096e-14
1931.46936 4.9454e-14
1933.014893 4.7744e-14
1934.560547 5.0495e-14
1936.106201 4.8408e-14
1937.651733 4.8515e-14
1939.197388 4.6477e-14
1940.743042 4.8272e-14
1942.288696 4.9394e-14
1943.834351 4.85e-14
1945.380005 4.8589e-14
1946.925659 4.8822e-14
1948.471313 4.7307e-14
1950.016968 4.7366e-14
1951.562744 4.7869e-14
1953.108398 4.7419e-14
1954.654175 4.791e-14
1956.199829 4.6055e-14
1957.745605 4.7248e-14
1959.291382 4.7683e-14
1960.837036 4.5956e-14
1962.382812 4.7088e-14
1963.928589 4.6728e-14
1965.474365 4.67e-14
1967.020142 4.6149e-14
1968.565918 4.6232e-14
1970.111816 4.6918e-14
1971.657593 4.4624e-14
1973.203369 4.6348e-14
1974.749268 4.7472e-14
1976.295044 4.6803e-14
1977.840942 4.5804e-14
1979.386719 4.3879e-14
1980.932617 4.6001e-14
1982.478516 4.6309e-14
1984.024414 4.7044e-14
1985.570312 4.5003e-14
1987.116211 4.5462e-14
1988.662109 4.5747e-14
1990.208008 4.5738e-14
1991.753906 4.6286e-14
1993.299927 4.6532e-14
1994.845825 4.5686e-14
1996.391724 4.5576e-14
1997.937744 4.3415e-14
1999.483765 4.5604e-14
2001.029663 4.602e-14
2002.575684 4.4147e-14
2004.121704 4.5119e-14
2005.667725 4.5175e-14
2007.213745 4.3836e-14
2008.759766 4.3521e-14
2010.305786 4.4322e-14
2011.851807 4.5343e-14
2013.397827 4.4332e-14
2014.94397 4.3716e-14
2016.48999 4.301e-14
2018.036133 4.4363e-14
2019.582153 4.2652e-14
2021.128296 4.3445e-14
2022.674316 4.3498e-14
2024.220459 4.4234e-14
2025.766602 4.4082e-14
2027.312744 4.4108e-14
2028.858887 4.2413e-14
2030.405029 4.4359e-14
2031.951172 4.4425e-14
2033.497314 4.325e-14
2035.043579 4.2915e-14
2036.589722 4.2559e-14
2038.135864 4.2425e-14
2039.682129 4.1572e-14
2041.228271 4.3004e-14
2042.774536 4.3466e-14
2044.320801 4.3901e-14
2045.867065 4.4389e-14
2047.41333 4.1352e-14
2048.959473 4.1315e-14
2050.505859 4.1104e-14
2052.052002 4.2913e-14
2053.598389 4.0985e-14
2055.144531 4.195e-14
2056.690918 4.1728e-14
2058.237305 4.105e-14
2059.783691 4.325e-14
2061.329834 4.1452e-14
2062.876221 4.2522e-14
2064.422607 4.1906e-14
2065.968994 4.2179e-14
2067.515381 4.1348e-14
2069.061768 4.0012e-14
2070.608154 4.1116e-14
2072.154541 4.1111e-14
2073.700928 4.1045e-14
2075.247314 4.1173e-14
2076.793701 4.093e-14
2078.340088 4.1563e-14
2079.886475 4.0714e-14
2081.432861 3.9998e-14
2082.979492 4.1951e-14
2084.525879 4.1155e-14
2086.072266 4.2145e-14
2087.618896 3.9199e-14
2089.165283 4.1025e-14
2090.711914 4.0523e-14
2092.258301 4.053e-14
2093.804932 4.0366e-14
2095.351318 4.0003e-14
2096.897949 3.9495e-14
2098.444336 4.0878e-14
2099.990967 3.9597e-14
2101.537598 4.0561e-14
2103.084229 4.0277e-14
2104.630615 3.9087e-14
2106.177246 3.9188e-14
2107.723877 3.9596e-14
2109.270508 4.0135e-14
2110.817139 4.0166e-14
2112.36377 3.9983e-14
2113.9104 4.0697e-14
2115.457031 3.9657e-14
2117.003662 3.9756e-14
2118.550293 3.8572e-14
2120.096924 3.8308e-14
2121.643555 3.807e-14
2123.19043 3.9015e-14
2124.737061 3.9561e-14
2126.283691 3.9001e-14
2127.830322 3.928e-14
2129.377197 3.9355e-14
2130.923828 3.9221e-14
2132.470703 3.7796e-14
2134.017334 3.7818e-14
2135.564209 3.8869e-14
2137.11084 3.8299e-14
2138.657715 3.8592e-14
2140.204346 3.8696e-14
2141.751221 3.8618e-14
2143.298096 3.8517e-14
2144.844727 3.8413e-14
2146.391602 3.7539e-14
2147.938477 3.8295e-14
2149.485352 3.8192e-14
2151.032227 3.8468e-14
2152.579102 3.7348e-14
2154.125977 3.8242e-14
2155.672852 3.9392e-14
2157.219727 3.737e-14
2158.766602 3.6824e-14
2160.313477 3.773e-14
2161.860352 3.8269e-14
2163.407227 3.6969e-14
2164.954102 3.7828e-14
2166.501221 3.7837e-14
2168.048096 3.769e-14
2169.594971 3.8443e-14
2171.141846 3.749e-14
2172.688965 3.774e-14
2174.23584 3.8661e-14
2175.782959 3.6322e-14
2177.329834 3.7381e-14
2178.876953 3.7047e-14
2180.423828 3.6777e-14
2181.970947 3.7958e-14
2183.518066 3.5898e-14
2185.064941 3.7083e-14
2186.612061 3.707e-14
2188.15918 3.634e-14
2189.706299 3.5074e-14
2191.253174 3.6664e-14
2192.800293 3.5804e-14
2194.347412 3.6111e-14
2195.894531 3.6863e-14
2197.44165 3.5567e-14
2198.98877 3.5391e-14
2200.535889 3.5798e-14
2202.083008 3.5972e-14
2203.630127 3.5968e-14
2205.177246 3.5149e-14
2206.724609 3.6076e-14
2208.271729 3.5779e-14
2209.818848 3.6274e-14
2211.365967 3.6583e-14
2212.91333 3.6452e-14
2214.460449 3.6113e-14
2216.007568 3.5759e-14
2217.554932 3.7129e-14
2219.102051 3.643e-14
2220.649414 3.5793e-14
2222.196533 3.7038e-14
2223.743896 3.4638e-14
2225.29126 3.5397e-14
2226.838379 3.4676e-14
2228.385742 3.4618e-14
2229.933105 3.541e-14
2231.480469 3.4958e-14
2233.027588 3.5459e-14
2234.574951 3.4925e-14
2236.122314 3.4458e-14
2237.669678 3.4062e-14
2239.217041 3.473e-14
2240.764404 3.5847e-14
2242.311768 3.4623e-14
2243.859131 3.4596e-14
2245.406494 3.3975e-14
2246.953857 3.5248e-14
2248.501221 3.3159e-14
2250.048828 3.4489e-14
2251.596191 3.4311e-14
2253.143555 3.4226e-14
2254.691162 3.5511e-14
2256.238525 3.4741e-14
2257.785889 3.3634e-14
2259.333496 3.5029e-14
2260.880859 3.3968e-14
2262.428467 3.4365e-14
2263.97583 3.3392e-14
2265.523438 3.3824e-14
2267.070801 3.3981e-14
2268.618408 3.4051e-14
2270.166016 3.4209e-14
2271.713623 3.4602e-14
2273.260986 3.3392e-14
2274.808594 3.2507e-14
2276.356201 3.3059e-14
2277.903809 3.4142e-14
2279.451416 3.2907e-14
2280.999023 3.3762e-14
2282.546631 3.2922e-14
2284.094238 3.3174e-14
2285.641846 3.3528e-14
2287.189453 3.3202e-14
2288.737061 3.2684e-14
2290.284668 3.2301e-14
2291.832275 3.2133e-14
2293.379883 3.3181e-14
2294.927734 3.2827e-14
2296.475342 3.2373e-14
2298.022949 3.3136e-14
2299.570801 3.2669e-14
2301.118408 3.4283e-14
2302.66626 3.3517e-14
2304.213867 3.1834e-14
2305.761719 3.2872e-14
2307.309326 3.227e-14
2308.857178 3.2976e-14
2310.404785 3.2467e-14
2311.952637 3.3405e-14
2313.500488 3.1331e-14
2315.04834 3.2425e-14
2316.595947 3.2321e-14
2318.143799 3.129e-14
2319.69165 3.2658e-14
2321.239502 3.1838e-14
2322.787354 3.1849e-14
2324.335205 3.1467e-14
2325.883057 3.1646e-14
2327.430908 3.1614e-14
2328.97876 3.2189e-14
2330.526611 3.2076e-14
2332.074463 3.0943e-14
2333.622314 3.0603e-14
2335.17041 3.2752e-14
2336.718262 3.1192e-14
2338.266113 3.1564e-14
2339.814209 3.1442e-14
2341.362061 3.0955e-14
2342.909912 3.0703e-14
2344.458008 3.0961e-14
2346.005859 3.1069e-14
2347.553955 3.1454e-14
2349.101807 3.106e-14
2350.649902 3.1461e-14
2352.197998 3.1226e-14
2353.74585 3.046e-14
2355.293945 3.0216e-14
2356.842041 3.1328e-14
2358.389893 3.0056e-14
2359.937988 3.1152e-14
2361.486084 3.0845e-14
2363.03418 3.0458e-14
2364.582275 3.1198e-14
2366.130371 2.9686e-14
2367.678467 3.0513e-14
2369.226562 3.0549e-14
2370.774658 3.1001e-14
2372.322754 3.0003e-14
2373.87085 3.0139e-14
2375.418945 3.0767e-14
2376.967041 3.0836e-14
2378.515381 3.0672e-14
2380.063477 2.9899e-14
2381.611572 3.0695e-14
2383.159912 2.9556e-14
2384.708008 2.9649e-14
2386.256348 2.9698e-14
2387.804443 3.005e-14
2389.352539 3.017e-14
2390.900879 2.9224e-14
2392.449219 2.9111e-14
2393.997314 2.903e-14
2395.545654 2.9726e-14
2397.093994 3.007e-14
2398.64209 3.0356e-14
2400.19043 2.9903e-14
2401.73877 2.9915e-14
2403.287109 2.9122e-14
2404.835449 2.8728e-14
2406.383545 2.937e-14
2407.931885 2.8766e-14
2409.480225 2.9743e-14
2411.028564 2.9623e-14
2412.576904 2.9298e-14
2414.125244 2.9407e-14
2415.673828 2.8859e-14
2417.222168 2.9343e-14
2418.770508 2.8137e-14
2420.318848 2.954e-14
2421.867188 2.8903e-14
2423.415771 2.9276e-14
2424.964111 2.8743e-14
2426.512695 2.8928e-14
2428.061035 2.8305e-14
2429.609375 2.8824e-14
2431.157959 2.8028e-14
2432.706299 2.8615e-14
2434.254883 2.8611e-14
2435.803467 2.8662e-14
2437.351807 2.8663e-14
2438.900391 2.8342e-14
2440.448975 2.8423e-14
2441.997314 2.8729e-14
2443.545898 2.7669e-14
2445.094482 2.8444e-14
2446.643066 2.7566e-14
2448.19165 2.8668e-14
2449.740234 2.8501e-14
2451.288818 2.7903e-14
2452.837402 2.6928e-14
2454.385986 2.7522e-14
2455.93457 2.7896e-14
2457.483154 2.839e-14
2459.031738 2.7777e-14
2460.580322 2.763e-14
2462.128906 2.7108e-14
2463.677734 2.8071e-14
2465.226318 2.7793e-14
2466.774902 2.7942e-14
2468.32373 2.8333e-14
2469.872314 2.7739e-14
2471.420898 2.8093e-14
2472.969727 2.8191e-14
2474.518311 2.7973e-14
2476.067139 2.7893e-14
2477.615967 2.751e-14
2479.164551 2.7969e-14
2480.713379 2.6675e-14
2482.262207 2.7888e-14
2483.810791 2.7267e-14
2485.359619 2.7046e-14
2486.908447 2.6942e-14
2488.457275 2.6579e-14
2490.006104 2.7774e-14
2491.554932 2.6457e-14
2493.10376 2.6224e-14
2494.652588 2.786e-14
2496.201416 2.7393e-14
2497.750244 2.7125e-14
2499.299072 2.7331e-14
2500.8479 2.733e-14
2502.396729 2.715e-14
2503.945557 2.6552e-14
2505.494385 2.6684e-14
2507.043457 2.6683e-14
2508.592285 2.6786e-14
2510.141113 2.6638e-14
2511.690186 2.6343e-14
2513.239014 2.6269e-14
2514.788086 2.6773e-14
2516.336914 2.6047e-14
2517.885986 2.6432e-14
2519.434814 2.5834e-14
2520.983887 2.6823e-14
2522.532959 2.588e-14
2524.081787 2.6665e-14
2525.630859 2.6644e-14
2527.179932 2.6215e-14
2528.729004 2.6063e-14
2530.277832 2.5464e-14
2531.826904 2.6532e-14
2533.375977 2.5916e-14
2534.925049 2.6265e-14
2536.474121 2.5372e-14
2538.023193 2.5937e-14
2539.572266 2.5811e-14
2541.121338 2.5772e-14
2542.67041 2.5503e-14
2544.219727 2.5769e-14
2545.768799 2.6113e-14
2547.317871 2.4815e-14
2548.866943 2.5344e-14
2550.41626 2.5283e-14
2551.965332 2.6166e-14
2553.514404 2.5305e-14
2555.063721 2.502e-14
2556.612793 2.5052e-14
2558.162109 2.5741e-14
2559.711182 2.5071e-14
2561.260498 2.4747e-14
2562.80957 2.5599e-14
2564.358887 2.5495e-14
2565.908203 2.5118e-14
2567.457275 2.5195e-14
2569.006592 2.5438e-14
2570.555908 2.5077e-14
2572.105225 2.4833e-14
2573.654541 2.4757e-14
2575.203857 2.5121e-14
2576.753174 2.4737e-14
2578.302246 2.4921e-14
2579.851807 2.4865e-14
2581.401123 2.5671e-14
2582.950439 2.4437e-14
2584.499756 2.4262e-14
2586.049072 2.5084e-14
2587.598389 2.4807e-14
2589.147705 2.5162e-14
2590.697266 2.4921e-14
2592.246582 2.5955e-14
2593.795898 2.4534e-14
2595.345459 2.4887e-14
2596.894775 2.4169e-14
2598.444092 2.3543e-14
2599.993652 2.4328e-14
2601.542969 2.4793e-14
2603.092529 2.4817e-14
2604.64209 2.5194e-14
2606.191406 2.4124e-14
2607.740967 2.486e-14
2609.290527 2.3665e-14
2610.839844 2.4071e-14
2612.389404 2.3644e-14
2613.938965 2.4444e-14
2615.488525 2.487e-14
2617.038086 2.4168e-14
2618.587646 2.3934e-14
2620.137207 2.3879e-14
2621.686768 2.3933e-14
2623.236328 2.4351e-14
2624.785889 2.4434e-14
2626.335449 2.4294e-14
2627.88501 2.417e-14
2629.43457 2.345e-14
2630.984131 2.4109e-14
2632.533936 2.3976e-14
2634.083496 2.4525e-14
2635.633057 2.3964e-14
2637.182861 2.356e-14
2638.732422 2.3769e-14
2640.281982 2.3953e-14
2641.831787 2.3212e-14
2643.381348 2.2782e-14
2644.931152 2.3045e-14
2646.480957 2.3621e-14
2648.030518 2.389e-14
2649.580322 2.3611e-14
2651.130127 2.3795e-14
2652.679688 2.3847e-14
2654.229492 2.3155e-14
2655.779297 2.2871e-14
2657.329102 2.3566e-14
2658.878906 2.3109e-14
2660.428467 2.3116e-14
2661.978271 2.3494e-14
2663.528076 2.3519e-14
2665.077881 2.3669e-14
2666.627686 2.3807e-14
2668.177734 2.3485e-14
2669.727539 2.312e-14
2671.277344 2.354e-14
2672.827148 2.3347e-14
2674.376953 2.3239e-14
2675.927002 2.3616e-14
2677.476807 2.2682e-14
2679.026611 2.2029e-14
2680.57666 2.3493e-14
2682.126465 2.2479e-14
2683.676514 2.3495e-14
2685.226318 2.1973e-14
2686.776367 2.2199e-14
2688.326172 2.3189e-14
2689.876221 2.2794e-14
2691.426025 2.2807e-14
2692.976074 2.2378e-14
2694.526123 2.2111e-14
2696.076172 2.289e-14
2697.625977 2.2656e-14
2699.176025 2.281e-14
2700.726074 2.2325e-14
2702.276123 2.1579e-14
2703.826172 2.2301e-14
2705.376221 2.1728e-14
2706.92627 2.1835e-14
2708.476318 2.2685e-14
2710.026367 2.2698e-14
2711.576416 2.2025e-14
2713.126465 2.2758e-14
2714.676758 2.1775e-14
2716.226807 2.1923e-14
2717.776855 2.1731e-14
2719.326904 2.2046e-14
2720.877197 2.2141e-14
2722.427246 2.2547e-14
2723.977539 2.2435e-14
2725.527588 2.1556e-14
2727.077881 2.2279e-14
2728.62793 2.2271e-14
2730.178223 2.1551e-14
2731.728271 2.1936e-14
2733.278564 2.2054e-14
2734.828857 2.1432e-14
2736.378906 2.1884e-14
2737.929199 2.2335e-14
2739.479492 2.1781e-14
2741.029785 2.1988e-14
2742.579834 2.1764e-14
2744.130127 2.0725e-14
2745.68042 2.1641e-14
2747.230713 2.1472e-14
2748.781006 2.1777e-14
2750.331299 2.0628e-14
2751.881592 2.1826e-14
2753.432129 2.1424e-14
2754.982422 2.2151e-14
2756.532715 2.0817e-14
2758.083008 2.1888e-14
2759.633301 2.2031e-14
2761.183838 2.1257e-14
2762.734131 2.1162e-14
2764.284424 2.1813e-14
2765.834961 2.1572e-14
2767.385254 2.087e-14
2768.935791 2.1115e-14
2770.486084 2.1093e-14
2772.036621 2.1384e-14
2773.586914 2.0467e-14
2775.137451 2.111e-14
2776.687988 2.0969e-14
2778.238281 2.0415e-14
2779.788818 2.031e-14
2781.339355 2.0995e-14
2782.889893 2.0203e-14
2784.44043 2.0557e-14
2785.990967 2.0863e-14
2787.54126 2.142e-14
2789.091797 2.1314e-14
2790.642334 2.1117e-14
2792.192871 2.1513e-14
2793.743652 2.0478e-14
2795.294189 2.0299e-14
2796.844727 2.1429e-14
2798.395264 2.0542e-14
2799.945801 2.1444e-14
2801.496338 2.0679e-14
2803.047119 2.0038e-14
2804.597656 1.9989e-14
2806.148193 2.0435e-14
2807.698975 2.1135e-14
2809.249512 2.0447e-14
2810.800293 2.0267e-14
2812.35083 2.0919e-14
2813.901611 2.0658e-14
2815.452148 1.9836e-14
2817.00293 2.0588e-14
2818.553711 2.0233e-14
2820.104248 2.0284e-14
2821.655029 2.0685e-14
2823.205811 2.0066e-14
2824.756592 2.0209e-14
2826.307373 1.9865e-14
2827.85791 2.038e-14
2829.408691 1.9908e-14
2830.959473 2.0118e-14
2832.510254 2.0155e-14
2834.061035 1.9884e-14
2835.611816 2.0236e-14
2837.162842 1.9399e-14
2838.713623 2.0125e-14
2840.264404 2.0096e-14
2841.815186 1.9665e-14
2843.365967 1.989e-14
2844.916992 1.9237e-14
2846.467773 1.9177e-14
2848.018555 2.0202e-14
2849.56958 2.0129e-14
2851.120361 2.0262e-14
2852.671387 1.9921e-14
2854.222168 1.9621e-14
2855.773193 1.9595e-14
2857.323975 1.9545e-14
2858.875 2.0215e-14
2860.425781 1.9427e-14
2861.976807 1.9692e-14
2863.527832 1.9299e-14
2865.078857 1.9828e-14
2866.629639 1.8895e-14
2868.180664 1.9692e-14
2869.731689 1.9449e-14
2871.282715 1.9791e-14
2872.83374 1.9552e-14
2874.384766 1.8991e-14
2875.935791 1.9544e-14
2877.486816 1.961e-14
2879.037842 1.9713e-14
2880.588867 1.9576e-14
2882.139893 1.9123e-14
2883.691162 1.8656e-14
2885.242188 1.9282e-14
2886.793213 1.9212e-14
2888.344482 1.9475e-14
2889.895508 1.8596e-14
2891.446533 1.8925e-14
2892.997803 1.8922e-14
2894.548828 1.9921e-14
2896.100098 1.9059e-14
2897.651123 1.9045e-14
2899.202393 1.8524e-14
2900.753418 1.9418e-14
2902.304688 1.9008e-14
2903.855957 1.8905e-14
2905.406982 1.9148e-14
2906.958252 1.8504e-14
2908.509521 1.8338e-14
2910.060791 1.8958e-14
2911.612061 1.7847e-14
2913.16333 1.967e-14
2914.7146 1.8453e-14
2916.265869 1.9138e-14
2917.817139 1.8717e-14
2919.368408 1.888e-14
2920.919678 1.8627e-14
2922.470947 1.8657e-14
2924.022217 1.9236e-14
2925.573486 1.8335e-14
2927.124756 1.8564e-14
2928.67627 1.8152e-14
2930.227539 1.874e-14
2931.778809 1.8532e-14
2933.330322 1.8746e-14
2934.881592 1.8084e-14
2936.433105 1.8086e-14
2937.984375 1.8441e-14
2939.535889 1.8279e-14
2941.087158 1.8147e-14
2942.638672 1.8366e-14
2944.189941 1.8706e-14
2945.741455 1.8892e-14
2947.292969 1.8404e-14
2948.844482 1.809e-14
2950.395752 1.7848e-14
2951.947266 1.8184e-14
2953.498779 1.8346e-14
2955.050293 1.8035e-14
2956.601807 1.9328e-14
2958.15332 1.8517e-14
2959.704834 1.8521e-14
2961.256348 1.812e-14
2962.807861 1.8363e-14
2964.359375 1.8305e-14
2965.910889 1.8571e-14
2967.462646 1.7871e-14
2969.01416 1.8052e-14
2970.565674 1.7954e-14
2972.117188 1.8343e-14
2973.668945 1.7202e-14
2975.220459 1.79e-14
2976.771973 1.7394e-14
2978.32373 1.841e-14
2979.875244 1.8246e-14
2981.427002 1.6797e-14
2982.978516 1.8053e-14
2984.530273 1.7313e-14
2986.082031 1.7167e-14
2987.633545 1.801e-14
2989.185303 1.7304e-14
2990.737061 1.8055e-14
2992.288818 1.7354e-14
2993.840332 1.672e-14
2995.39209 1.7436e-14
2996.943848 1.7169e-14
2998.495605 1.7349e-14
3000.047363 1.7697e-14
3001.599121 1.7518e-14
3003.150879 1.7875e-14
3004.702637 1.8044e-14
3006.254395 1.7411e-14
3007.806152 1.8077e-14
3009.358154 1.8107e-14
3010.909912 1.7508e-14
3012.46167 1.7472e-14
3014.013428 1.6917e-14
3015.56543 1.7367e-14
3017.117188 1.6311e-14
3018.669189 1.7668e-14
3020.220947 1.7866e-14
3021.772949 1.7188e-14
3023.324707 1.7359e-14
3024.876709 1.8002e-14
3026.428467 1.7747e-14
3027.980469 1.6912e-14
3029.532227 1.7037e-14
3031.084229 1.6554e-14
3032.63623 1.6364e-14
3034.188232 1.7495e-14
3035.740234 1.7055e-14
3037.291992 1.7266e-14
3038.843994 1.6593e-14
3040.395996 1.6891e-14
3041.947998 1.7798e-14
3043.5 1.5942e-14
3045.052002 1.644e-14
3046.604004 1.6802e-14
3048.156006 1.7243e-14
3049.708252 1.6637e-14
3051.260254 1.6774e-14
3052.812256 1.6742e-14
3054.364258 1.7362e-14
3055.91626 1.6712e-14
3057.468506 1.6456e-14
3059.020508 1.7549e-14
3060.572754 1.68e-14
3062.124756 1.6347e-14
3063.676758 1.6132e-14
3066.118652 1.6468e-14
3068.864502 1.6401e-14
3071.610352 1.6389e-14
3074.356201 1.6606e-14
3077.102051 1.6947e-14
3079.848145 1.6138e-14
3082.593994 1.6384e-14
3085.340088 1.6449e-14
3088.085938 1.6503e-14
3090.832031 1.6327e-14
3093.578125 1.6522e-14
3096.324219 1.6336e-14
3099.070312 1.6255e-14
3101.816406 1.6085e-14
3104.5625 1.6156e-14
3107.308594 1.6424e-14
3110.054688 1.6222e-14
3112.800781 1.636e-14
3115.547119 1.5981e-14
3118.293213 1.5935e-14
3121.039307 1.6112e-14
3123.785645 1.6259e-14
3126.531982 1.6231e-14
3129.278076 1.5846e-14
3132.024414 1.583e-14
3134.770752 1.5532e-14
3137.51709 1.5571e-14
3140.263428 1.5465e-14
3143.009766 1.5707e-14
3145.756104 1.5921e-14
3148.502441 1.5623e-14
3151.248779 1.5695e-14
3153.995361 1.5898e-14
3156.741699 1.56e-14
3159.488037 1.557e-14
3162.234619 1.5292e-14
3164.981201 1.5824e-14
3167.727539 1.5322e-14
3170.474121 1.4806e-14
3173.220703 1.5416e-14
3175.967041 1.5429e-14
3178.713623 1.5473e-14
3181.460205 1.5411e-14
3184.206787 1.5784e-14
3186.953613 1.5283e-14
3189.700195 1.4842e-14
3192.446777 1.52e-14
3195.193359 1.4928e-14
3197.940186 1.4961e-14
3200.686768 1.5041e-14
3203.43335 1.5173e-14
3206.180176 1.554e-14
3208.927002 1.515e-14
3211.673584 1.5188e-14
3214.42041 1.5044e-14
3217.167236 1.5026e-14
3219.914062 1.4585e-14
3222.660889 1.4974e-14
3225.407715 1.4877e-14
3228.154541 1.4307e-14
3230.901367 1.4753e-14
3233.648193 1.5008e-14
3236.39502 1.4799e-14
3239.141846 1.4602e-14
3241.888916 1.4603e-14
3244.635742 1.4485e-14
3247.382812 1.4407e-14
3250.129639 1.4128e-14
3252.876709 1.4427e-14
3255.623535 1.4475e-14
3258.370605 1.4477e-14
3261.117676 1.4103e-14
3263.864746 1.4437e-14
3266.611816 1.4182e-14
3269.358643 1.4115e-14
3272.105713 1.4358e-14
3274.852783 1.4025e-14
3277.600098 1.43e-14
3280.347168 1.3913e-14
3283.094238 1.4602e-14
3285.841309 1.432e-14
3288.588379 1.3978e-14
3291.335693 1.3949e-14
3294.082764 1.4321e-14
3296.830078 1.4072e-14
3299.577148 1.4257e-14
3302.324463 1.4088e-14
3305.071533 1.4115e-14
3307.818848 1.4042e-14
3310.566162 1.3784e-14
3313.313477 1.3658e-14
3316.060791 1.3703e-14
3318.807861 1.3903e-14
3321.555176 1.3996e-14
3324.30249 1.3922e-14
3327.050049 1.3644e-14
3329.797363 1.3638e-14
3332.544678 1.3768e-14
3335.291992 1.3439e-14
3338.039307 1.3499e-14
3340.786865 1.3568e-14
3343.53418 1.3752e-14
3346.281494 1.3679e-14
3349.029053 1.3485e-14
3351.776367 1.3715e-14
3354.523926 1.3404e-14
3357.27124 1.3386e-14
3360.018799 1.3522e-14
3362.766357 1.3445e-14
3365.513916 1.3352e-14
3368.26123 1.3341e-14
3371.008789 1.3138e-14
3373.756348 1.3117e-14
3376.503906 1.3064e-14
3379.251465 1.3138e-14
3381.999023 1.3008e-14
3384.746582 1.3153e-14
3387.494141 1.3427e-14
3390.241699 1.3438e-14
3392.989502 1.3165e-14
3395.737061 1.3043e-14
3398.484619 1.2826e-14
3401.232422 1.2908e-14
3403.97998 1.3083e-14
3406.727539 1.3001e-14
3409.475342 1.2974e-14
3412.2229 1.3118e-14
3414.970703 1.2867e-14
3417.718506 1.2671e-14
3420.466064 1.2816e-14
3423.213867 1.302e-14
3425.96167 1.2808e-14
3428.709229 1.2698e-14
3431.457031 1.2835e-14
3434.204834 1.2854e-14
3436.952637 1.2628e-14
3439.700439 1.2535e-14
3442.448242 1.2503e-14
3445.196045 1.2482e-14
3447.943848 1.2496e-14
3450.69165 1.2669e-14
3453.439453 1.2502e-14
3456.187256 1.2518e-14
3458.935303 1.248e-14
3461.683105 1.2612e-14
3464.430908 1.244e-14
3467.178711 1.2458e-14
3469.926758 1.2414e-14
3472.674561 1.2568e-14
3475.422607 1.2308e-14
3478.17041 1.2035e-14
3480.918457 1.1803e-14
3483.66626 1.2104e-14
3486.414307 1.1879e-14
3489.162109 1.2205e-14
3491.910156 1.2059e-14
3494.658203 1.215e-14
3497.406006 1.2155e-14
3500.154053 1.2106e-14
3502.9021 1.2145e-14
3505.650146 1.2082e-14
3508.398193 1.2192e-14
3511.14624 1.2049e-14
3513.894287 1.1934e-14
3516.642334 1.177e-14
3519.390381 1.202e-14
3522.138428 1.1867e-14
3524.886475 1.1683e-14
3527.634521 1.1626e-14
3530.382568 1.2004e-14
3533.130615 1.188e-14
3535.878662 1.1758e-14
3538.626709 1.1699e-14
3541.375 1.1912e-14
3544.123047 1.1833e-14
3546.871094 1.1566e-14
3549.619385 1.1785e-14
3552.367432 1.1548e-14
3555.115479 1.1491e-14
3557.86377 1.1372e-14
3560.611816 1.1536e-14
3563.360107 1.1778e-14
3566.108154 1.1525e-14
3568.856445 1.1518e-14
3571.604492 1.1495e-14
3574.352783 1.1591e-14
3577.101074 1.1302e-14
3579.849121 1.143e-14
3582.597412 1.1285e-14
3585.345703 1.1354e-14
3588.09375 1.1517e-14
3590.842041 1.1485e-14
3593.590332 1.1369e-14
3596.338623 1.126e-14
3599.086914 1.1513e-14
3601.834961 1.1486e-14
3604.583252 1.1355e-14
3607.331543 1.1333e-14
3610.079834 1.109e-14
3612.828125 1.1241e-14
3615.576416 1.1021e-14
3618.324707 1.1493e-14
3621.072998 1.147e-14
3623.821289 1.1202e-14
3626.56958 1.1147e-14
3629.317871 1.1193e-14
3632.066406 1.1036e-14
3634.814697 1.1041e-14
3637.562988 1.0869e-14
3640.311279 1.1158e-14
3643.05957 1.1231e-14
3645.807861 1.0858e-14
3648.556396 1.0948e-14
3651.304688 1.1002e-14
3654.052979 1.1092e-14
3656.801514 1.0798e-14
3659.549805 1.0872e-14
3662.298096 1.0873e-14
3665.046631 1.087e-14
3667.794922 1.0756e-14
3670.543213 1.0729e-14
3673.291748 1.062e-14
3676.040039 1.0742e-14
3678.788574 1.0911e-14
3681.536865 1.0867e-14
3684.2854 1.0738e-14
3687.033691 1.0689e-14
3689.782227 1.0702e-14
3692.530518 1.0581e-14
3695.279053 1.0499e-14
3698.027344 1.0743e-14
3700.775879 1.0402e-14
3703.524414 1.0541e-14
3706.272705 1.0459e-14
3709.02124 1.0462e-14
3711.769775 1.0271e-14
3714.518066 1.0637e-14
3717.266602 1.0597e-14
3720.015137 1.0481e-14
3722.763428 1.0551e-14
3725.511963 1.0451e-14
3728.260498 1.0602e-14
3731.008789 1.0727e-14
3733.757324 1.037e-14
3736.505859 1.0472e-14
3739.254395 1.0279e-14
3742.00293 1.0425e-14
3744.751221 1.0275e-14
3747.499756 1.0225e-14
3750.248291 1.0228e-14
3752.996826 1.0324e-14
3755.745361 1.0259e-14
3758.493652 1.0173e-14
3761.242188 1.0409e-14
3763.990723 1.0181e-14
3766.739258 9.9351e-15
3769.487793 1.0061e-14
3772.236328 9.8202e-15
3774.984863 1.0074e-14
3777.733398 1.0253e-14
3780.481934 1.0238e-14
3783.230469 1.0233e-14
3785.97876 1.0049e-14
3788.727295 1.0051e-14
3791.47583 9.9894e-15
3794.224365 9.7566e-15
3796.9729 9.6744e-15
3799.721436 9.8412e-15
3802.469971 1.0017e-14
3805.218506 1.0016e-14
3807.967041 9.9894e-15
3810.715576 1.0028e-14
3813.464111 9.9308e-15
3816.212646 9.853e-15
3818.961182 9.9103e-15
3821.709717 9.8818e-15
3824.458252 9.6997e-15
3827.206787 9.7018e-15
3829.955322 9.694e-15
3832.703857 9.5088e-15
3835.452393 9.5455e-15
3838.200928 9.4239e-15
3840.949463 9.2885e-15
3843.697998 9.6811e-15
3846.446533 9.7753e-15
3849.195068 9.8975e-15
3851.943848 9.9361e-15
3854.692383 1.009e-14
3857.440918 1.0216e-14
3860.189453 1.0301e-14
3862.937988 1.0063e-14
3865.686523 1.0021e-14
3868.435059 9.8993e-15
3871.183594 9.7706e-15
3873.932129 9.55e-15
3876.680664 9.3894e-15
3879.429199 9.0933e-15
3882.177734 8.9662e-15
3884.92627 8.6671e-15
3887.674805 8.4284e-15
3890.42334 8.2184e-15
3893.171875 8.3803e-15
3895.92041 8.6959e-15
3898.668945 8.983e-15
3901.41748 9.2711e-15
3904.166016 9.4928e-15
3906.914551 9.8545e-15
3909.663086 1.0223e-14
3912.411621 1.0265e-14
3915.160156 1.0267e-14
3917.908691 1.0576e-14
3920.657227 1.0725e-14
3923.405762 1.0636e-14
3926.154297 1.0656e-14
3928.902832 1.0897e-14
3931.651367 1.0787e-14
3934.399902 1.0662e-14
3937.148438 1.0543e-14
3939.896973 1.007e-14
3942.645264 1.0153e-14
3945.393799 1.0059e-14
3948.142334 9.5706e-15
3950.890869 9.4538e-15
3953.639404 9.1435e-15
3956.387939 8.7617e-15
3959.136475 8.3046e-15
3961.88501 7.9733e-15
3964.633301 7.6025e-15
3967.381836 7.2482e-15
3970.130371 6.8959e-15
3972.878906 6.8634e-15
3975.627441 7.1667e-15
3978.375977 7.5037e-15
3981.124268 7.9976e-15
3983.872803 8.3419e-15
3986.621338 8.6468e-15
3989.369873 9.1472e-15
3992.118164 9.3341e-15
3994.866699 9.5519e-15
3997.615234 9.8952e-15
4000.363525 1.0225e-14
4003.112061 1.0381e-14
4005.860596 1.0546e-14
4008.608887 1.0954e-14
4011.357422 1.1041e-14
4014.105957 1.1124e-14
4016.854248 1.1336e-14
4019.602783 1.1392e-14
4022.351074 1.1582e-14
4025.099609 1.1515e-14
4027.848145 1.157e-14
4030.596436 1.1533e-14
4033.344971 1.1609e-14
4036.093262 1.1686e-14
4038.841797 1.177e-14
4041.590088 1.1537e-14
4044.338623 1.1672e-14
4047.086914 1.1442e-14
4049.835205 1.136e-14
4052.58374 1.1302e-14
4055.332031 1.1049e-14
4058.080322 1.1133e-14
4060.828857 1.0598e-14
4063.577148 1.0458e-14
4066.325439 1.0129e-14
4069.073975 1.0093e-14
4071.822266 9.6322e-15
4074.570557 9.4813e-15
4077.318848 9.0993e-15
4080.067383 8.8827e-15
4082.815674 8.3967e-15
4085.563965 8.113e-15
4088.312256 7.813e-15
4091.060547 7.298e-15
4093.808838 6.8653e-15
4096.557129 6.4286e-15
4099.305664 5.9786e-15
4102.053711 5.6016e-15
4104.802246 5.8152e-15
4107.550293 5.9813e-15
4110.298828 6.5674e-15
4113.046875 6.9542e-15
4115.79541 7.2534e-15
4118.543457 7.683e-15
4121.291504 8.0109e-15
4124.040039 8.3026e-15
4126.788086 9.0739e-15
4129.536621 8.9206e-15
4132.284668 9.1388e-15
4135.032715 9.4551e-15
4137.78125 9.6457e-15
4140.529297 9.8054e-15
4143.277344 1.0048e-14
4146.025879 1.0356e-14
4148.773926 1.0456e-14
4151.521973 1.0814e-14
4154.27002 1.103e-14
4157.018555 1.1027e-14
4159.766602 1.1288e-14
4162.514648 1.1516e-14
4165.262695 1.1599e-14
4168.01123 1.1508e-14
4170.759277 1.1595e-14
4173.507324 1.1832e-14
4176.255371 1.1769e-14
4179.003418 1.1845e-14
4181.751465 1.1874e-14
4184.499512 1.1984e-14
4187.247559 1.2009e-14
4189.996094 1.2125e-14
4192.744141 1.221e-14
4195.492188 1.2198e-14
4198.240234 1.2273e-14
4200.988281 1.232e-14
4203.736328 1.237e-14
4206.484375 1.24e-14
4209.232422 1.2326e-14
4211.980469 1.2256e-14
4214.728027 1.2323e-14
4217.476074 1.2345e-14
4220.224121 1.2114e-14
4222.972168 1.2181e-14
4225.720215 1.2356e-14
4228.468262 1.2116e-14
4231.216309 1.2087e-14
4233.963867 1.2018e-14
4236.711914 1.2177e-14
4239.459961 1.1955e-14
4242.208008 1.2025e-14
4244.955566 1.1886e-14
4247.703613 1.1782e-14
4250.45166 1.1578e-14
4253.199707 1.1506e-14
4255.947266 1.1513e-14
4258.695312 1.139e-14
4261.442871 1.1357e-14
4264.190918 1.1243e-14
4266.938965 1.1041e-14
4269.686523 1.1003e-14
4272.43457 1.0863e-14
4275.182129 1.078e-14
4277.930176 1.072e-14
4280.677734 1.0472e-14
4283.425781 1.037e-14
4286.17334 1.028e-14
4288.920898 9.8447e-15
4291.668945 9.635e-15
4294.416504 9.5823e-15
4297.164551 9.4152e-15
4299.912109 9.0442e-15
4302.659668 9.0431e-15
4305.407227 8.8113e-15
4308.155273 8.6824e-15
4310.902832 8.3219e-15
4313.650391 7.9652e-15
4316.397949 7.7777e-15
4319.145996 7.4396e-15
4321.893555 7.2134e-15
4324.641113 6.867e-15
4327.388672 6.4949e-15
4330.13623 6.2426e-15
4332.883789 5.838e-15
4335.631348 5.5309e-15
4338.378906 5.2056e-15
4341.126465 4.8606e-15
4343.874023 4.7893e-15
4346.621582 5.2035e-15
4349.369141 5.4913e-15
4352.116699 5.9072e-15
4354.864258 6.2597e-15
4357.611816 6.4953e-15
4360.359375 6.7079e-15
4363.106445 6.8559e-15
4365.854004 7.2967e-15
4368.601562 7.5327e-15
4371.349121 7.7305e-15
4374.096191 7.9482e-15
4376.84375 8.3184e-15
4379.591309 8.5072e-15
4382.338379 8.6323e-15
4385.085938 8.7417e-15
4387.833496 8.9736e-15
4390.580566 9.1547e-15
4393.328125 9.2828e-15
4396.075195 9.2868e-15
4398.822754 9.4791e-15
4401.569824 9.611e-15
4404.317383 9.7402e-15
4407.064453 9.8904e-15
4409.811523 9.9818e-15
4412.559082 1.0097e-14
4415.306152 1.0093e-14
4418.053223 1.0112e-14
4420.800781 1.0097e-14
4423.547852 1.0297e-14
4426.294922 1.0428e-14
4429.041992 1.0363e-14
4431.789062 1.0436e-14
4434.536621 1.0582e-14
4437.283691 1.0513e-14
4440.030762 1.0528e-14
4442.777832 1.0578e-14
4445.524902 1.0668e-14
4448.271973 1.0567e-14
4451.019043 1.0589e-14
4453.766113 1.0733e-14
4456.513184 1.094e-14
4459.260254 1.0794e-14
4462.006836 1.0747e-14
4464.753906 1.1015e-14
4467.500977 1.0941e-14
4470.248047 1.0805e-14
4472.995117 1.0934e-14
4475.741699 1.095e-14
4478.48877 1.0949e-14
4481.23584 1.0971e-14
4483.982422 1.0974e-14
4486.729492 1.1003e-14
4489.476074 1.0752e-14
4492.223145 1.1011e-14
4494.969727 1.0933e-14
4497.716797 1.1126e-14
4500.463379 1.1118e-14
4503.210449 1.1057e-14
4505.957031 1.1043e-14
4508.703613 1.0853e-14
4511.450684 1.0957e-14
4514.197266 1.0723e-14
4516.943848 1.0891e-14
4519.690918 1.0798e-14
4522.4375 1.0805e-14
4525.184082 1.0768e-14
4527.930664 1.0744e-14
4530.677246 1.0752e-14
4533.423828 1.063e-14
4536.17041 1.088e-14
4538.916992 1.0874e-14
4541.663574 1.0818e-14
4544.410156 1.082e-14
4547.156738 1.0784e-14
4549.90332 1.0743e-14
4552.649902 1.0737e-14
4555.396484 1.0692e-14
4558.142578 1.0603e-14
4560.88916 1.0639e-14
4563.635742 1.072e-14
4566.381836 1.0567e-14
4569.128418 1.0562e-14
4571.875 1.0587e-14
4574.621094 1.0688e-14
4577.367676 1.0415e-14
4580.11377 1.0288e-14
4582.860352 1.0344e-14
4585.606445 1.0362e-14
4588.352539 1.0315e-14
4591.099121 1.036e-14
4593.845215 1.0353e-14
4596.591309 1.0237e-14
4599.337891 1.0273e-14
4602.083984 1.0301e-14
4604.830078 1.0176e-14
4607.576172 1.0463e-14
4610.322266 1.0249e-14
4613.068359 1.0357e-14
4615.814453 1.0138e-14
4618.560547 1.0202e-14
4621.306641 1.018e-14
4624.052734 1.0158e-14
4626.798828 1.0152e-14
4629.544922 1.0158e-14
4632.291016 1.0003e-14
4635.037109 1.0164e-14
4637.782715 1.006e-14
4640.528809 1.0016e-14
4643.274902 9.8274e-15
4646.020508 9.7954e-15
4648.766602 9.9957e-15
4651.512695 9.9662e-15
4654.258301 9.9646e-15
4657.004395 9.848e-15
4659.75 9.6916e-15
4662.495605 9.837e-15
4665.241699 9.8077e-15
4667.987305 9.8475e-15
4670.73291 9.8644e-15
4673.479004 9.6432e-15
4676.224609 9.763e-15
4678.970215 9.7626e-15
4681.71582 9.8305e-15
4684.461426 9.6698e-15
4687.207031 9.6146e-15
4689.952637 9.3658e-15
4692.698242 9.4219e-15
4695.443848 9.3671e-15
4698.189453 9.4764e-15
4700.935059 9.4287e-15
4703.680664 9.6229e-15
4706.425781 9.4612e-15
4709.171387 9.4363e-15
4711.916992 9.4922e-15
4714.662598 9.3721e-15
4717.407715 9.1574e-15
4720.15332 9.3204e-15
4722.898438 9.2227e-15
4725.644043 9.2276e-15
4728.38916 9.0879e-15
4731.134766 9.0477e-15
4733.879883 9.0363e-15
4736.625 8.9071e-15
4739.370117 8.9423e-15
4742.115723 8.8727e-15
4744.86084 8.857e-15
4747.605957 8.7753e-15
4750.351074 8.738e-15
4753.096191 8.7225e-15
4755.841309 8.4647e-15
4758.586426 8.5491e-15
4761.331543 8.4253e-15
4764.07666 8.385e-15
4766.821777 8.4252e-15
4769.566895 8.38e-15
4772.311523 8.2279e-15
4775.056641 8.2066e-15
4777.801758 8.2026e-15
4780.546387 7.971e-15
4783.291504 8.0336e-15
4786.036621 7.8826e-15
4788.78125 7.8503e-15
4791.526367 7.6969e-15
4794.270996 7.699e-15
4797.015625 7.6227e-15
4799.760742 7.4622e-15
4802.505371 7.3762e-15
4805.25 7.1542e-15
4807.994629 7.0533e-15
4810.739258 6.8325e-15
4813.483887 6.8718e-15
4816.229004 6.7271e-15
4818.973633 6.54e-15
4821.717773 6.4548e-15
4824.462402 6.2971e-15
4827.207031 6.2247e-15
4829.95166 5.9841e-15
4832.696289 5.8378e-15
4835.440918 5.7902e-15
4838.185059 5.5001e-15
4840.929688 5.4695e-15
4843.673828 5.2093e-15
4846.418457 4.8599e-15
4849.162598 4.8464e-15
4851.907227 4.6967e-15
4854.651367 4.4455e-15
4857.395996 4.118e-15
4860.140137 3.8874e-15
4862.884277 3.6059e-15
4865.628418 3.7868e-15
4868.372559 4.06e-15
4871.117188 4.3159e-15
4873.861328 4.5247e-15
4876.605469 4.7746e-15
4879.349609 4.9347e-15
4882.09375 5.2059e-15
4884.837402 5.1309e-15
4887.581543 5.4181e-15
4890.325684 5.4739e-15
4893.069824 5.5623e-15
4895.813477 5.6611e-15
4898.557617 5.8171e-15
4901.301758 5.9349e-15
4904.04541 6.0684e-15
4906.789062 6.224e-15
4909.533203 6.3768e-15
4912.276855 6.4546e-15
4915.020996 6.5296e-15
4917.764648 6.5017e-15
4920.508301 6.6289e-15
4923.251953 6.8014e-15
4925.995605 6.8978e-15
4928.739258 6.8864e-15
4931.48291 6.9219e-15
4934.226562 7.0535e-15
4936.970215 7.041e-15
4939.713867 7.2053e-15
4942.45752 6.9783e-15
4945.201172 7.1468e-15
4947.944336 7.3491e-15
4950.687988 7.2632e-15
4953.431641 7.3004e-15
4956.174805 7.4083e-15
4958.918457 7.419e-15
4961.661621 7.3651e-15
4964.404785 7.3205e-15
4967.148438 7.3012e-15
4969.891602 7.3855e-15
4972.634766 7.6622e-15
4975.37793 7.5491e-15
4978.121582 7.5675e-15
4980.864746 7.5872e-15
4983.60791 7.5803e-15
4986.351074 7.3573e-15
4989.09375 7.6044e-15
4991.836914 7.6191e-15
4994.580078 7.5814e-15
4997.323242 7.5886e-15
5000.066406 7.558e-15
5002.809082 7.6843e-15
5005.552246 7.6101e-15
5008.294922 7.6269e-15
5011.038086 7.7414e-15
5013.780762 7.6754e-15
5016.523926 7.5681e-15
5019.266602 7.6256e-15
5022.009277 7.6492e-15
5024.751953 7.5713e-15
5027.494629 7.5959e-15
5030.237305 7.6802e-15
5032.980469 7.5223e-15
5035.722656 7.6215e-15
5038.465332 7.5352e-15
5041.208008 7.5255e-15
5043.950684 7.7282e-15
5046.693359 7.5941e-15
5049.435547 7.6531e-15
5052.178223 7.6513e-15
5054.920898 7.6959e-15
5057.663086 7.5868e-15
5060.405762 7.5522e-15
5063.147949 7.6078e-15
5065.890137 7.5807e-15
5068.632812 7.5723e-15
5071.375 7.6045e-15
5074.117188 7.579e-15
5076.859375 7.5122e-15
5079.601562 7.557e-15
5082.34375 7.6178e-15
5085.085938 7.6045e-15
5087.828125 7.6811e-15
5090.570312 7.4923e-15
5093.3125 7.3539e-15
5096.054199 7.4953e-15
5098.796387 7.5337e-15
5101.538574 7.5235e-15
5104.280273 7.4619e-15
5107.022461 7.509e-15
5109.76416 7.442e-15
5112.505859 7.4791e-15
5115.248047 7.4647e-15
5117.989746 7.3372e-15
5120.731445 7.3582e-15
5123.473145 7.4471e-15
5126.214844 7.3718e-15
5128.956543 7.3475e-15
5131.698242 7.4124e-15
5134.439941 7.5442e-15
5137.181641 7.2908e-15
5139.922852 7.3419e-15
5142.664551 7.2301e-15
5145.40625 7.2941e-15
5148.147461 7.1912e-15
5150.88916 7.2491e-15
5153.630371 7.1836e-15
5156.37207 7.1819e-15
5159.113281 7.1988e-15
5161.854492 7.2339e-15
5164.595703 7.2686e-15
5167.336914 7.156e-15
5170.078613 7.1338e-15
5172.819824 7.0709e-15
5175.560547 7.2495e-15
5178.301758 7.1244e-15
5181.042969 7.0452e-15
5183.78418 7.1369e-15
5186.525391 7.1444e-15
5189.266113 7.0292e-15
5192.007324 7.0649e-15
5194.748047 6.9827e-15
5197.489258 7.0807e-15
5200.22998 7.0398e-15
5202.970703 6.9714e-15
5205.711914 7.1418e-15
5208.452637 7.0204e-15
5211.193359 6.9464e-15
5213.934082 7.0528e-15
5216.674805 6.9188e-15
5219.415527 6.8311e-15
5222.15625 6.9856e-15
5224.896484 6.8307e-15
5227.637207 6.9872e-15
5230.37793 7.091e-15
5233.118164 6.8983e-15
5235.858887 6.8376e-15
5238.599121 6.906e-15
5241.339844 6.8584e-15
5244.080078 6.7782e-15
5246.820312 6.9226e-15
5249.561035 6.9431e-15
5252.30127 6.7978e-15
5255.041504 6.895e-15
5257.781738 6.855e-15
5260.521973 6.8321e-15
5263.262207 6.7761e-15
5266.001953 6.8002e-15
5268.742188 6.7999e-15
5271.482422 6.8189e-15
5274.222168 6.7087e-15
5276.962402 6.7675e-15
5279.702148 6.7218e-15
5282.442383 6.5895e-15
5285.182129 6.7259e-15
5287.921875 6.7579e-15
5290.662109 6.6432e-15
5293.401855 6.5997e-15
5296.141602 6.707e-15
5298.881348 6.6743e-15
5301.621094 6.7195e-15
5304.360352 6.5192e-15
5307.100098 6.6402e-15
5309.839844 6.5641e-15
5314.760742 6.6233e-15
5319.629883 6.5707e-15
5324.498535 6.5521e-15
5329.367676 6.475e-15
5334.236816 6.5253e-15
5339.105957 6.5192e-15
5343.975098 6.4686e-15
5348.844238 6.4478e-15
5353.713379 6.4292e-15
5358.583008 6.3816e-15
5363.452148 6.3328e-15
5368.321777 6.3088e-15
5373.191406 6.2941e-15
5378.061035 6.2926e-15
5382.930664 6.2595e-15
5387.800293 6.2239e-15
5392.669922 6.2832e-15
5397.539551 6.2211e-15
5402.409668 6.1687e-15
5407.279297 6.1659e-15
5412.149414 6.1536e-15
5417.019531 6.109e-15
5421.889648 6.1268e-15
5426.759766 6.0923e-15
5431.629883 6.0787e-15
5436.5 6.072e-15
5441.370605 6.0545e-15
5446.240723 6.1001e-15
5451.111328 6.1497e-15
5455.981934 6.0084e-15
5460.852051 5.9816e-15
5465.722656 5.9302e-15
5470.593262 5.9338e-15
5475.464355 5.9158e-15
5480.334961 5.9029e-15
5485.205566 5.9198e-15
5490.07666 5.8818e-15
5494.947754 5.8664e-15
5499.818359 5.8129e-15
5504.689453 5.8297e-15
5509.560547 5.8184e-15
5514.431641 5.7536e-15
5519.302734 5.7819e-15
5524.174316 5.7207e-15
5529.04541 5.754e-15
5533.916992 5.7183e-15
5538.788086 5.748e-15
5543.659668 5.7189e-15
5548.53125 5.6593e-15
5553.402832 5.6506e-15
5558.274414 5.6659e-15
5563.145996 5.6416e-15
5568.018066 5.6348e-15
5572.889648 5.5948e-15
5577.76123 5.5599e-15
5582.633301 5.5715e-15
5587.505371 5.5514e-15
5592.377441 5.5674e-15
5597.249512 5.5049e-15
5602.121582 5.4769e-15
5606.993652 5.443e-15
5611.865723 5.4728e-15
5616.738281 5.4249e-15
5621.610352 5.4401e-15
5626.48291 5.4768e-15
5631.35498 5.448e-15
5636.227539 5.3935e-15
5641.100098 5.2654e-15
5645.972656 5.3232e-15
5650.845215 5.3406e-15
5655.717773 5.3136e-15
5660.59082 5.2673e-15
5665.463379 5.3139e-15
5670.336426 5.3058e-15
5675.208984 5.2789e-15
5680.082031 5.2394e-15
5684.955078 5.2271e-15
5689.828125 5.2165e-15
5694.701172 5.213e-15
5699.574219 5.1881e-15
5704.447754 5.187e-15
5709.320801 5.1533e-15
5714.193848 5.1476e-15
5719.067383 5.1505e-15
5723.940918 5.1053e-15
5728.813965 5.0963e-15
5733.6875 5.0628e-15
5738.561035 5.1019e-15
5743.43457 5.0828e-15
5748.308594 5.0825e-15
5753.182129 5.0378e-15
5758.055664 5.009e-15
5762.929688 4.9899e-15
5767.803223 5.0024e-15
5772.677246 4.9465e-15
5777.55127 4.9605e-15
5782.425293 4.9399e-15
5787.299316 4.9286e-15
5792.17334 4.9088e-15
5797.047363 4.925e-15
5801.921387 4.9273e-15
5806.795898 4.8786e-15
5811.669922 4.863e-15
5816.544434 4.8722e-15
5821.418457 4.848e-15
5826.292969 4.8501e-15
5831.16748 4.8384e-15
5836.041992 4.8065e-15
5840.916504 4.7705e-15
5845.791016 4.7789e-15
5850.665527 4.7391e-15
5855.540527 4.7309e-15
5860.415039 4.7215e-15
5865.290039 4.7212e-15
5870.164551 4.7248e-15
5875.039551 4.6994e-15
5879.914551 4.697e-15
5884.789551 4.6388e-15
5889.664551 4.6314e-15
5894.539551 4.6134e-15
5899.414551 4.6345e-15
5904.289551 4.6219e-15
5909.165039 4.6114e-15
5914.040039 4.577e-15
5918.915527 4.5779e-15
5923.790527 4.5444e-15
5928.666016 4.5648e-15
5933.541504 4.507e-15
5938.416992 4.4936e-15
5943.29248 4.461e-15
5948.167969 4.4887e-15
5953.043457 4.486e-15
5957.918945 4.4888e-15
5962.794922 4.5146e-15
5967.67041 4.4485e-15
5972.546387 4.3992e-15
5977.422363 4.4481e-15
5982.297852 4.4396e-15
5987.173828 4.3908e-15
5992.049805 4.4039e-15
5996.925781 4.3648e-15
6001.801758 4.3749e-15
6006.677734 4.3389e-15
6011.554199 4.3593e-15
6016.430176 4.3491e-15
6021.306641 4.3128e-15
6026.182617 4.2721e-15
6031.059082 4.2798e-15
6035.935059 4.2704e-15
6040.811523 4.2387e-15
6045.687988 4.2226e-15
6050.564453 4.2516e-15
6055.440918 4.2527e-15
6060.317383 4.1888e-15
6065.194336 4.2302e-15
6070.070801 4.1766e-15
6074.947266 4.1782e-15
6079.824219 4.1496e-15
6084.700684 4.1582e-15
6089.577637 4.1594e-15
6094.45459 4.1028e-15
6099.331543 4.1183e-15
6104.208008 4.1037e-15
6109.084961 4.078e-15
6113.962402 4.0789e-15
6118.839355 4.0664e-15
6123.716309 4.045e-15
6128.593262 4.0431e-15
6133.470703 4.0456e-15
6138.347656 4.0159e-15
6143.225098 3.9882e-15
6148.102051 3.9996e-15
6152.979492 3.9928e-15
6157.856934 3.9831e-15
6162.734375 3.953e-15
6167.611816 3.9249e-15
6172.489258 3.9304e-15
6177.366699 3.9289e-15
6182.244141 3.9184e-15
6187.12207 3.9099e-15
6191.999512 3.9008e-15
6196.877441 3.914e-15
6201.754883 3.91e-15
6206.632812 3.8732e-15
6211.510254 3.8356e-15
6216.388184 3.8516e-15
6221.266113 3.8406e-15
6226.144043 3.8174e-15
6231.021973 3.8329e-15
6235.899902 3.8099e-15
6240.777832 3.7632e-15
6245.655762 3.7944e-15
6250.53418 3.7666e-15
6255.412109 3.759e-15
6260.290527 3.7664e-15
6265.168457 3.7468e-15
6270.046875 3.7391e-15
6274.925293 3.7159e-15
6279.803223 3.72e-15
6284.681641 3.7337e-15
6289.560059 3.689e-15
6294.438477 3.6793e-15
6299.316895 3.657e-15
6304.195312 3.6534e-15
6309.074219 3.6583e-15
6313.952637 3.638e-15
6318.831055 3.6038e-15
6323.709961 3.5652e-15
6328.588379 3.5306e-15
6333.467285 3.5266e-15
6338.346191 3.5378e-15
6343.224609 3.5202e-15
6348.103516 3.5122e-15
6352.982422 3.4981e-15
6357.861328 3.4948e-15
6362.740234 3.4803e-15
6367.619141 3.4892e-15
6372.498047 3.4533e-15
6377.377441 3.4293e-15
6382.256348 3.417e-15
6387.135254 3.4321e-15
6392.014648 3.4074e-15
6396.893555 3.378e-15
6401.772949 3.3779e-15
6406.651855 3.3583e-15
6411.53125 3.3457e-15
6416.410645 3.3093e-15
6421.290039 3.2866e-15
6426.169434 3.2844e-15
6431.048828 3.275e-15
6435.928223 3.2523e-15
6440.807617 3.2106e-15
6445.687012 3.2073e-15
6450.566895 3.208e-15
6455.446289 3.1702e-15
6460.325684 3.1196e-15
6465.205566 3.0989e-15
6470.084961 3.0537e-15
6474.964844 3.028e-15
6479.844727 2.9949e-15
6484.724121 2.9835e-15
6489.604004 2.9314e-15
6494.483887 2.8874e-15
6499.36377 2.8744e-15
6504.243652 2.823e-15
6509.123535 2.752e-15
6514.003418 2.7005e-15
6518.883301 2.641e-15
6523.763672 2.6049e-15
6528.643555 2.5353e-15
6533.523438 2.4461e-15
6538.403809 2.3922e-15
6543.283691 2.3243e-15
6548.164062 2.238e-15
6553.044434 2.1133e-15
6557.924316 2.0266e-15
6562.804688 1.9004e-15
6567.685059 1.8689e-15
6572.56543 1.9825e-15
6577.445801 2.0589e-15
6582.326172 2.1624e-15
6587.206543 2.2203e-15
6592.086914 2.2839e-15
6596.967285 2.3639e-15
6601.847656 2.4119e-15
6606.728516 2.4829e-15
6611.608887 2.5064e-15
6616.489746 2.5428e-15
6621.370117 2.6051e-15
6626.250977 2.616e-15
6631.131348 2.6357e-15
6636.012207 2.6919e-15
6640.893066 2.7003e-15
6645.773438 2.6902e-15
6650.654297 2.7255e-15
6655.535156 2.7676e-15
6660.416016 2.7836e-15
6665.296875 2.7746e-15
6670.177734 2.7926e-15
6675.058594 2.8109e-15
6679.939941 2.8053e-15
6684.820801 2.8317e-15
6689.70166 2.8539e-15
6694.583008 2.8552e-15
6699.463867 2.8325e-15
6704.344727 2.8537e-15
6709.226074 2.8448e-15
6714.107422 2.8452e-15
6718.988281 2.8361e-15
6723.869629 2.8627e-15
6728.750977 2.8468e-15
6733.631836 2.8257e-15
6738.513184 2.8592e-15
6743.394531 2.8569e-15
6748.275879 2.8536e-15
6753.157227 2.8421e-15
6758.038574 2.8384e-15
6762.919922 2.8263e-15
6767.80127 2.8167e-15
6772.683105 2.8411e-15
6777.564453 2.8255e-15
6782.445801 2.8237e-15
6787.327637 2.8152e-15
6792.208984 2.7918e-15
6797.09082 2.7869e-15
6801.972168 2.7761e-15
6806.854004 2.7968e-15
6811.735352 2.7894e-15
6816.617188 2.8048e-15
6821.499023 2.7768e-15
6826.380371 2.7458e-15
6831.262207 2.7665e-15
6836.144043 2.7654e-15
6841.025879 2.7554e-15
6845.907715 2.7361e-15
6850.789551 2.7256e-15
6855.671387 2.7381e-15
6860.553223 2.6963e-15
6865.435059 2.7089e-15
6870.317383 2.7378e-15
6875.199219 2.6986e-15
6880.081055 2.7018e-15
6884.963379 2.6805e-15
6889.845215 2.71e-15
6894.727051 2.6931e-15
6899.609375 2.6898e-15
6904.491211 2.6958e-15
6909.373535 2.6947e-15
6914.255859 2.6671e-15
6919.137695 2.6698e-15
6924.02002 2.6825e-15
6928.902344 2.6591e-15
6933.784668 2.644e-15
6938.666504 2.6578e-15
6943.548828 2.6847e-15
6948.431152 2.6673e-15
6953.313477 2.6514e-15
6958.195801 2.6142e-15
6963.078125 2.6275e-15
6967.960938 2.6043e-15
6972.843262 2.5975e-15
6977.725586 2.6093e-15
6982.60791 2.5847e-15
6987.490234 2.5855e-15
6992.373047 2.5732e-15
6997.255371 2.5694e-15
7002.138184 2.5597e-15
7007.020508 2.5616e-15
7011.902832 2.5314e-15
7016.785645 2.5551e-15
7021.668457 2.5467e-15
7026.550781 2.5348e-15
7031.433594 2.5389e-15
7036.315918 2.5319e-15
7041.19873 2.5293e-15
7046.081543 2.5183e-15
7050.964355 2.5046e-15
7055.847168 2.4861e-15
7060.72998 2.5032e-15
7065.612305 2.4875e-15
7070.495117 2.4636e-15
7075.37793 2.4639e-15
7080.260742 2.4588e-15
7085.143555 2.4434e-15
7090.026855 2.4536e-15
7094.909668 2.4474e-15
7099.79248 2.4362e-15
7104.675293 2.4412e-15
7109.558105 2.4378e-15
7114.441406 2.4462e-15
7119.324219 2.4354e-15
7124.207031 2.4234e-15
7129.090332 2.3998e-15
7133.973145 2.4189e-15
7138.856445 2.3931e-15
7143.739258 2.3891e-15
7148.622559 2.3999e-15
7153.505371 2.3753e-15
7158.388672 2.3841e-15
7163.271484 2.3897e-15
7168.154785 2.3711e-15
7173.038086 2.3532e-15
7177.921387 2.3594e-15
7182.804199 2.3405e-15
7187.6875 2.3447e-15
7192.570801 2.3501e-15
7197.454102 2.3262e-15
7202.337402 2.3177e-15
7207.220703 2.3236e-15
7212.104004 2.3209e-15
7216.987305 2.3206e-15
7221.870605 2.3159e-15
7226.753906 2.2967e-15
7231.637207 2.28e-15
7236.520508 2.2986e-15
7241.403809 2.2914e-15
7246.287109 2.2912e-15
7251.17041 2.3328e-15
7256.054199 2.2653e-15
7260.9375 2.2625e-15
7265.820801 2.2643e-15
7270.704102 2.2488e-15
7275.587891 2.2563e-15
7280.471191 2.2442e-15
7285.35498 2.2388e-15
7290.238281 2.2522e-15
7295.121582 2.2198e-15
7300.005371 2.2092e-15
7304.888672 2.214e-15
7309.772461 2.2379e-15
7314.655762 2.2105e-15
7319.539551 2.1821e-15
7324.42334 2.2103e-15
7329.306641 2.1888e-15
7334.19043 2.1999e-15
7339.074219 2.1841e-15
7343.95752 2.1918e-15
7348.841309 2.1863e-15
7353.725098 2.1819e-15
7358.608887 2.1508e-15
7363.492188 2.1501e-15
7368.375977 2.1276e-15
7373.259766 2.1327e-15
7378.143555 2.1394e-15
7383.027344 2.1605e-15
7387.911133 2.1538e-15
7392.794922 2.1483e-15
7397.678711 2.1253e-15
7402.5625 2.1078e-15
7407.446289 2.1128e-15
7412.330078 2.1166e-15
7417.213867 2.1007e-15
7422.097656 2.1204e-15
7426.981445 2.1118e-15
7431.865234 2.1028e-15
7436.749023 2.0914e-15
7441.632812 2.0871e-15
7446.516602 2.0803e-15
7451.400879 2.0827e-15
7456.284668 2.0637e-15
7461.168457 2.0529e-15
7466.052246 2.0563e-15
7470.936523 2.0599e-15
7475.820312 2.0442e-15
7480.704102 2.0327e-15
7485.588379 2.056e-15
7490.472168 2.039e-15
7495.355957 2.0153e-15
7500.240234 1.9967e-15
7505.124023 2.0128e-15
7510.007812 2.0226e-15
7514.89209 1.9947e-15
7519.775879 2.0179e-15
7524.660156 2e-15
7529.543945 2.0023e-15
7534.428223 2.0164e-15
7539.312012 2.0033e-15
7544.196289 1.9731e-15
7549.080078 1.9755e-15
7553.964355 1.9721e-15
7558.848145 1.9725e-15
7563.732422 1.9676e-15
7568.616699 1.9436e-15
7573.500488 1.9359e-15
7578.384766 1.949e-15
7583.268555 1.9456e-15
7588.152832 1.9407e-15
7593.037109 1.9131e-15
7597.920898 1.921e-15
7602.805176 1.9246e-15
7607.689453 1.9166e-15
7612.573242 1.9258e-15
7617.45752 1.9062e-15
7622.341797 1.915e-15
7627.226074 1.9085e-15
7632.109863 1.9099e-15
7636.994141 1.9127e-15
7641.878418 1.8634e-15
7646.762695 1.8845e-15
7651.646973 1.9082e-15
7656.530762 1.8906e-15
7661.415039 1.8835e-15
7666.299316 1.8847e-15
7671.183594 1.9021e-15
7676.067871 1.9007e-15
7680.952148 1.8847e-15
7685.835938 1.8671e-15
7690.720215 1.8531e-15
7695.604492 1.84e-15
7700.48877 1.8407e-15
7705.373047 1.8163e-15
7710.257324 1.8432e-15
7715.141602 1.8407e-15
7720.025879 1.8313e-15
7724.910156 1.8161e-15
7729.793945 1.8168e-15
7734.678223 1.8235e-15
7739.5625 1.8278e-15
7744.446777 1.7975e-15
7749.331055 1.791e-15
7754.215332 1.8203e-15
7759.099609 1.8087e-15
7763.983887 1.7935e-15
7768.868164 1.7949e-15
7773.752441 1.7945e-15
7778.636719 1.7714e-15
7783.520996 1.7648e-15
7788.405273 1.7712e-15
7793.289551 1.7886e-15
7798.173828 1.7725e-15
7803.058105 1.7913e-15
7807.942383 1.7929e-15
7812.82666 1.7647e-15
7817.710938 1.7631e-15
7822.595215 1.7608e-15
7827.479492 1.7489e-15
7832.36377 1.7478e-15
7837.248047 1.7341e-15
7842.132324 1.7331e-15
7847.016602 1.7252e-15
7851.900879 1.7374e-15
7856.785156 1.7214e-15
7861.669434 1.6916e-15
7866.553711 1.727e-15
7871.437988 1.7184e-15
7876.322266 1.7056e-15
7881.206543 1.7046e-15
7886.09082 1.6827e-15
7890.975098 1.6936e-15
7895.859375 1.722e-15
7900.743652 1.7083e-15
7905.62793 1.6956e-15
7910.512207 1.6838e-15
7915.396484 1.6811e-15
7920.280762 1.6626e-15
7925.165039 1.6413e-15
7930.049316 1.6541e-15
7934.933594 1.6543e-15
7939.817871 1.6409e-15
7944.702148 1.6527e-15
7949.586426 1.6575e-15
7954.470703 1.6464e-15
7959.35498 1.6592e-15
7964.239258 1.6502e-15
7969.123535 1.6415e-15
7974.007324 1.6299e-15
7978.891602 1.6327e-15
7983.775879 1.6319e-15
7988.660156 1.6286e-15
7993.544434 1.6264e-15
7998.428711 1.5936e-15
8003.312988 1.603e-15
8008.197266 1.6215e-15
8013.081543 1.6218e-15
8017.96582 1.6097e-15
8022.850098 1.6293e-15
8027.733887 1.6113e-15
8032.618164 1.5954e-15
8037.502441 1.5929e-15
8042.386719 1.5732e-15
8047.270996 1.5763e-15
8052.155273 1.5568e-15
8057.039062 1.543e-15
8061.92334 1.5568e-15
8066.807617 1.5661e-15
8071.691895 1.5716e-15
8076.576172 1.5639e-15
8081.459961 1.5645e-15
8086.344238 1.5543e-15
8091.228516 1.5709e-15
8096.112793 1.5491e-15
8100.996582 1.553e-15
8105.880859 1.5618e-15
8110.765137 1.5536e-15
8115.648926 1.5455e-15
8120.533203 1.5479e-15
8125.41748 1.5196e-15
8130.30127 1.5312e-15
8135.185547 1.5325e-15
8140.069824 1.524e-15
8144.953613 1.5084e-15
8149.837891 1.524e-15
8154.72168 1.5397e-15
8159.605957 1.5485e-15
8164.489746 1.5048e-15
8169.374023 1.5126e-15
8174.257812 1.5254e-15
8179.14209 1.5076e-15
8184.025879 1.4843e-15
8188.910156 1.4792e-15
8193.793945 1.4824e-15
8198.677734 1.4643e-15
8203.5625 1.4801e-15
8208.446289 1.4622e-15
8213.330078 1.4888e-15
8218.213867 1.4892e-15
8223.097656 1.4784e-15
8227.982422 1.4771e-15
8232.866211 1.4417e-15
8237.75 1.4783e-15
8242.633789 1.494e-15
8247.517578 1.4538e-15
8252.401367 1.4424e-15
8257.285156 1.4686e-15
8262.168945 1.4712e-15
8267.053711 1.4619e-15
8271.9375 1.448e-15
8276.821289 1.4513e-15
8281.705078 1.4318e-15
8286.588867 1.4251e-15
8291.472656 1.4203e-15
8296.356445 1.4166e-15
8301.240234 1.3995e-15
8306.124023 1.44e-15
8311.007812 1.4251e-15
8315.891602 1.4202e-15
8320.775391 1.4271e-15
8325.65918 1.4204e-15
8330.542969 1.4052e-15
8335.426758 1.4113e-15
8340.310547 1.3871e-15
8345.194336 1.3907e-15
8350.077148 1.3743e-15
8354.960938 1.375e-15
8359.844727 1.3848e-15
8364.728516 1.391e-15
8369.612305 1.3816e-15
8374.496094 1.3845e-15
8379.379883 1.4089e-15
8384.262695 1.3832e-15
8389.146484 1.3925e-15
8394.030273 1.3741e-15
8398.914062 1.3449e-15
8403.797852 1.3528e-15
8408.680664 1.3387e-15
8413.564453 1.352e-15
8418.448242 1.3525e-15
8423.332031 1.3533e-15
8428.214844 1.3554e-15
8433.098633 1.3476e-15
8437.982422 1.3525e-15
8442.865234 1.338e-15
8447.749023 1.3397e-15
8452.632812 1.3205e-15
8457.515625 1.3194e-15
8462.399414 1.3295e-15
8467.282227 1.3269e-15
8472.166016 1.3251e-15
8477.049805 1.3188e-15
8481.932617 1.3229e-15
8486.816406 1.3278e-15
8491.699219 1.3153e-15
8496.583008 1.3203e-15
8501.46582 1.3034e-15
8506.349609 1.2953e-15
8511.232422 1.274e-15
8516.116211 1.2826e-15
8520.999023 1.2898e-15
8525.881836 1.2837e-15
8530.765625 1.3113e-15
8535.648438 1.3102e-15
8540.53125 1.2958e-15
8545.415039 1.2745e-15
8550.297852 1.3057e-15
8555.180664 1.2662e-15
8560.064453 1.2649e-15
8564.947266 1.2668e-15
8569.830078 1.2981e-15
8574.713867 1.2884e-15
8579.59668 1.275e-15
8584.479492 1.2752e-15
8589.362305 1.2547e-15
8594.245117 1.2438e-15
8599.12793 1.263e-15
8604.011719 1.2695e-15
8608.894531 1.2473e-15
8613.777344 1.2503e-15
8618.660156 1.2448e-15
8623.542969 1.2437e-15
8628.425781 1.2411e-15
8633.308594 1.2544e-15
8638.191406 1.2258e-15
8643.074219 1.2305e-15
8647.957031 1.2176e-15
8652.839844 1.2206e-15
8657.722656 1.2288e-15
8662.605469 1.2045e-15
8667.488281 1.1889e-15
8672.371094 1.2244e-15
8677.25293 1.2255e-15
8682.135742 1.2122e-15
8687.018555 1.208e-15
8691.901367 1.2205e-15
8696.78418 1.2177e-15
8701.666016 1.2063e-15
8706.548828 1.216e-15
8711.431641 1.2163e-15
8716.314453 1.1929e-15
8721.196289 1.1837e-15
8726.079102 1.1937e-15
8730.961914 1.1921e-15
8735.84375 1.1832e-15
8740.726562 1.1765e-15
8745.608398 1.2093e-15
8750.491211 1.2051e-15
8755.373047 1.1844e-15
8760.255859 1.1818e-15
8765.137695 1.1641e-15
8770.020508 1.1742e-15
8774.902344 1.1746e-15
8779.785156 1.1797e-15
8784.666992 1.1566e-15
8789.548828 1.1474e-15
8794.431641 1.1478e-15
8799.313477 1.1655e-15
8804.195312 1.1408e-15
8809.078125 1.158e-15
8813.959961 1.1437e-15
8818.841797 1.1291e-15
8823.723633 1.1435e-15
8828.606445 1.1407e-15
8833.488281 1.1207e-15
8838.370117 1.126e-15
8843.251953 1.1399e-15
8848.133789 1.1325e-15
8853.015625 1.1493e-15
8857.897461 1.1198e-15
8862.779297 1.1334e-15
8867.661133 1.118e-15
8872.542969 1.1134e-15
8877.424805 1.1137e-15
8882.306641 1.1309e-15
8887.188477 1.1224e-15
8892.070312 1.1018e-15
8896.952148 1.1055e-15
8901.833984 1.1119e-15
8906.714844 1.1148e-15
8911.59668 1.1065e-15
8916.478516 1.0998e-15
8921.360352 1.0959e-15
8926.241211 1.0968e-15
8931.123047 1.0974e-15
8936.004883 1.0965e-15
8940.885742 1.1057e-15
8945.767578 1.1034e-15
8950.648438 1.0921e-15
8955.530273 1.0986e-15
8960.412109 1.1019e-15
8965.292969 1.0859e-15
8970.174805 1.0989e-15
8975.055664 1.0801e-15
8979.936523 1.0679e-15
8984.818359 1.0709e-15
8989.699219 1.0695e-15
8994.580078 1.0697e-15
8999.461914 1.0757e-15
9004.342773 1.0603e-15
9009.223633 1.084e-15
9014.104492 1.0643e-15
9018.986328 1.0601e-15
9023.867188 1.0412e-15
9028.748047 1.0512e-15
9033.628906 1.0645e-15
9038.509766 1.0601e-15
9043.390625 1.0503e-15
9048.271484 1.0376e-15
9053.152344 1.0381e-15
9058.033203 1.0516e-15
9062.914062 1.0377e-15
9067.794922 1.0438e-15
9072.675781 1.0299e-15
9077.556641 1.0425e-15
9082.4375 1.0322e-15
9087.317383 1.0451e-15
9092.198242 1.0151e-15
9097.079102 1.0135e-15
9101.959961 1.0309e-15
9106.839844 1.0215e-15
9111.720703 1.0217e-15
9116.601562 1.0142e-15
9121.481445 1.0225e-15
9126.362305 1.012e-15
9131.242188 1.0205e-15
9136.123047 1.0134e-15
9141.00293 1.0156e-15
9145.883789 9.9731e-16
9150.763672 1.0161e-15
9155.643555 9.9271e-16
9160.524414 1.0061e-15
9165.404297 9.9425e-16
9170.28418 1.0032e-15
9175.165039 9.7762e-16
9180.044922 9.8566e-16
9184.924805 9.7305e-16
9189.804688 9.8388e-16
9194.68457 9.8548e-16
9199.564453 9.8573e-16
9204.444336 9.8108e-16
9209.324219 9.6928e-16
9214.204102 9.6428e-16
9219.083984 9.4554e-16
9223.963867 9.4316e-16
9228.84375 9.71e-16
9233.723633 9.7773e-16
9238.603516 9.5381e-16
9243.483398 9.4735e-16
9248.362305 9.466e-16
9253.242188 9.4958e-16
9258.12207 9.4566e-16
9263.000977 9.5816e-16
9267.880859 9.4437e-16
9272.760742 9.3674e-16
9277.639648 9.4652e-16
9282.519531 9.728e-16
9287.398438 9.4103e-16
9292.27832 9.5779e-16
9297.157227 9.8161e-16
9302.037109 9.9416e-16
9306.916016 9.6974e-16
9311.794922 9.6177e-16
9316.673828 9.5764e-16
9321.553711 9.5956e-16
9326.432617 9.4285e-16
9331.311523 9.5514e-16
9336.19043 9.6579e-16
9341.069336 9.6403e-16
9345.948242 9.5445e-16
9350.827148 9.2421e-16
9355.706055 9.2335e-16
9360.584961 9.4145e-16
9365.463867 9.4063e-16
9370.342773 9.4439e-16
9375.22168 9.4772e-16
9380.100586 9.3289e-16
9384.979492 9.4111e-16
9389.857422 9.3419e-16
9394.736328 9.38e-16
9399.615234 9.5221e-16
9404.493164 9.3029e-16
9409.37207 9.1818e-16
9414.250977 9.0588e-16
9419.128906 9.0993e-16
9424.007812 9.0886e-16
9428.885742 9.2747e-16
9433.763672 9.0503e-16
9438.642578 9.203e-16
9443.520508 9.2346e-16
9448.398438 9.0456e-16
9453.277344 8.9169e-16
9458.155273 8.6681e-16
9463.033203 8.7502e-16
9467.911133 8.9301e-16
9472.789062 8.9473e-16
9477.666992 8.7073e-16
9482.544922 8.6551e-16
9487.422852 8.662e-16
9492.300781 8.6168e-16
9497.178711 8.6006e-16
9502.056641 8.6249e-16
9506.93457 8.5982e-16
9511.8125 8.6355e-16
9516.69043 8.5122e-16
9521.567383 8.3596e-16
9526.445312 8.4884e-16
9531.323242 8.2972e-16
9536.200195 8.1479e-16
9541.078125 8.1339e-16
9545.955078 8.2547e-16
9550.833008 8.2698e-16
9555.709961 8.1009e-16
9560.587891 8.2013e-16
9565.464844 8.1023e-16
9570.341797 8.2437e-16
9575.21875 8.2224e-16
9580.09668 8.2121e-16
9584.973633 8.4438e-16
9589.850586 8.3704e-16
9594.727539 8.1818e-16
9599.604492 8.0495e-16
9604.481445 8.2537e-16
9609.358398 8.472e-16
9614.235352 8.4813e-16
9619.112305 8.4905e-16
9623.989258 8.7416e-16
9628.866211 8.4416e-16
9633.742188 8.2974e-16
9638.619141 8.5012e-16
9643.496094 8.4892e-16
9648.373047 8.1669e-16
9653.249023 8.5484e-16
9658.125977 8.1307e-16
9663.001953 8.5395e-16
9667.878906 8.349e-16
9672.754883 8.4147e-16
9677.630859 8.3995e-16
9682.507812 8.4246e-16
9687.383789 8.3373e-16
9692.259766 8.2408e-16
9697.136719 8.1727e-16
9702.012695 8.4626e-16
9706.888672 8.3351e-16
9711.764648 8.2229e-16
9716.640625 8.2726e-16
9721.516602 8.5731e-16
9726.392578 8.1235e-16
9731.268555 8.4938e-16
9736.144531 8.3222e-16
9741.019531 8.3013e-16
9745.895508 8.3151e-16
9750.771484 8.4684e-16
9755.647461 8.2156e-16
9760.522461 8.2284e-16
9765.398438 8.0323e-16
9770.273438 8.3694e-16
9775.149414 8.199e-16
9780.024414 8.3485e-16
9784.900391 8.0374e-16
9789.775391 8.0877e-16
9794.650391 8.1643e-16
9799.526367 8.1119e-16
9804.401367 8.2389e-16
9809.276367 8.2212e-16
9814.151367 8.6135e-16
9819.026367 8.2824e-16
9823.901367 8.3274e-16
9828.776367 8.457e-16
9833.651367 8.0646e-16
9838.526367 7.9671e-16
9843.401367 8.0558e-16
9848.276367 8.1802e-16
9853.150391 8.2321e-16
9858.025391 8.0086e-16
9862.900391 8.0437e-16
9867.774414 7.8409e-16
9872.649414 7.831e-16
9877.523438 8.2806e-16
9882.398438 7.7303e-16
9887.272461 7.7106e-16
9892.147461 8.175e-16
9897.021484 8.1168e-16
9901.895508 7.6761e-16
9906.769531 7.7596e-16
9911.644531 8.0211e-16
9916.518555 7.5689e-16
9921.392578 7.5337e-16
9926.266602 7.2427e-16
9931.140625 7.2362e-16
9936.014648 7.4042e-16
9940.887695 7.4231e-16
9945.761719 7.1379e-16
9950.635742 7.2854e-16
9955.509766 7.3165e-16
9960.382812 7.126e-16
9965.256836 6.9415e-16
9970.130859 6.9964e-16
9975.003906 6.9477e-16
9979.87793 7.0179e-16
9984.750977 7.3235e-16
9989.624023 7.0614e-16
9994.498047 6.8834e-16
9999.371094 7.0003e-16
10004.244141 6.9516e-16
10009.117188 7.308e-16
10013.990234 7.0817e-16
10018.863281 6.4871e-16
10023.736328 6.9428e-16
10028.609375 6.704e-16
10033.482422 7.0978e-16
10038.355469 6.7803e-16
10043.228516 6.6984e-16
10048.101562 6.2762e-16
10052.973633 6.2937e-16
10057.84668 6.1437e-16
10062.719727 6.2015e-16
10067.591797 6.1187e-16
10072.464844 5.8615e-16
10077.336914 6.636e-16
10082.208984 6.7278e-16
10087.082031 6.2183e-16
10091.954102 6.9084e-16
10096.826172 6.8273e-16
10101.698242 6.6045e-16
10106.571289 6.5853e-16
10111.443359 6.8772e-16
10116.31543 6.8332e-16
10121.1875 6.4874e-16
10126.058594 6.3915e-16
10130.930664 6.7851e-16
10135.802734 6.9341e-16
10140.674805 6.7436e-16
10145.546875 6.5022e-16
10150.417969 6.3517e-16
10155.290039 6.6669e-16
10160.161133 6.2509e-16
10165.033203 6.3173e-16
10169.904297 7.0339e-16
10174.775391 6.3219e-16
10179.647461 6.5598e-16
10184.518555 6.6209e-16
10189.389648 6.8568e-16
10194.260742 6.8776e-16
10199.131836 6.8146e-16
10204.00293 6.6942e-16
10208.874023 6.6285e-16
10213.745117 6.8977e-16
10218.616211 6.5753e-16
10223.487305 6.4023e-16
10228.358398 6.7713e-16
10233.228516 6.9533e-16
10238.099609 6.4921e-16
