wave,flux
7950.630187988281,1.2438e-14
7978.7699999999995,1.1897e-14
8006.911,1.1813e-14
8035.0509999999995,1.1568e-14
8063.192,1.1249e-14
8091.332,1.1286e-14
8119.473,1.1082e-14
8147.613,1.0908e-14
8175.753,1.0754e-14
8203.894,1.0708e-14
8232.034,1.0988e-14
8260.175,1.104e-14
8288.316,1.0938e-14
8316.456,1.0967e-14
8344.597,1.1085e-14
8372.737000000001,1.1121e-14
8400.877,1.0955e-14
8429.018,1.0706e-14
8457.158,1.0654e-14
8485.298999999999,1.0516e-14
8513.439,1.0058e-14
8541.58,1.0401e-14
8569.72,1.0577e-14
8597.86,1.0176e-14
8626.001,1.0272e-14
8654.141,1.0764e-14
8682.282,1.0221e-14
8710.423,1.0139e-14
8738.563,1.0259e-14
8766.704,1.0183e-14
8794.844000000001,1.0546e-14
8822.985,1.0733e-14
8851.125,1.0616e-14
8879.265,1.0631e-14
8907.405999999999,1.0544e-14
8935.546,1.0583e-14
8963.687,1.0362e-14
8991.827,1.0113e-14
9019.968,1.0008e-14
9048.108,1.0309e-14
9076.248,1.0145e-14
9104.389000000001,9.8138e-15
9132.529,9.6933e-15
9160.67,9.4909e-15
9188.811,9.3402e-15
9216.951,9.2017e-15
9245.092,9.1711e-15
9273.232,9.2152e-15
9301.373,9.2098e-15
9329.513,9.2452e-15
9357.653,9.2497e-15
9385.794,9.2692e-15
9413.934000000001,9.0323e-15
9442.074999999999,8.9479e-15
9470.215,9.0372e-15
9498.356,9.1197e-15
9526.497000000001,9.1169e-15
9554.636,9.0658e-15
9582.777,9.0069e-15
9610.918,8.9656e-15
9639.058,8.9737e-15
9667.199,8.9205e-15
9695.339,8.8836e-15
9723.48,8.8354e-15
9751.619999999999,8.7611e-15
9779.761,8.7905e-15
9807.901,8.8621e-15
9836.041,8.8167e-15
9864.182,8.7926e-15
9892.322,8.8733e-15
9920.463,8.9126e-15
9948.604,8.8081e-15
9976.743999999999,8.7009e-15
10004.884,8.7023e-15
10033.025,8.6905e-15
10061.165,8.6448e-15
10089.306,8.6045e-15
10117.446000000002,8.6071e-15
10145.587,8.6031e-15
10173.726999999999,8.5746e-15
10201.868,8.598e-15
10230.008,8.5615e-15
10258.149000000001,8.4388e-15
10286.288999999999,8.3679e-15
10314.43,8.3813e-15
10342.571,8.4113e-15
10370.710000000001,8.4037e-15
10398.85,8.3405e-15
10426.991000000002,8.2452e-15
10455.132,8.1886e-15
10483.271999999999,8.141e-15
10511.413,8.1766e-15
10539.553,8.2569e-15
10567.694000000001,8.2118e-15
10595.833999999999,8.1682e-15
10623.975,8.1025e-15
10652.115,8.0565e-15
10680.256,8.0591e-15
10708.396,7.9275e-15
10736.536999999998,7.8758e-15
10764.678000000002,7.8515e-15
10792.817,7.8027e-15
10820.957,7.8184e-15
10849.098,7.5403e-15
10877.239000000001,7.4175e-15
10905.378999999999,7.4169e-15
10933.52,7.3388e-15
10961.66,7.2459e-15
10989.801,7.043e-15
11017.941,6.9291e-15
11046.081999999999,6.9508e-15
11074.222,6.9777e-15
11102.363,7.0743e-15
11130.503,7.0723e-15
11158.644,7.0122e-15
11186.785,7.0088e-15
11214.925,6.9289e-15
11243.065999999999,6.9483e-15
11271.206,6.9596e-15
11299.347,6.871e-15
11327.486,6.8531e-15
11355.626999999999,6.8376e-15
11383.767,6.7765e-15
11411.908,6.7171e-15
11440.048,6.7387e-15
11468.189,6.7986e-15
11496.329000000002,6.8789e-15
11524.47,6.9047e-15
11552.61,6.9641e-15
11580.751,6.9712e-15
11608.891,6.8778e-15
11637.032000000001,6.7962e-15
11665.173,6.7129e-15
11693.313,6.6888e-15
11699.591,6.7407e-15
11739.583,6.7419e-15
11779.575,6.7507e-15
11819.569000000001,6.6983e-15
11859.562,6.5848e-15
11899.555,6.5618e-15
11939.546999999999,6.5423e-15
11979.541000000001,6.4621e-15
12019.534000000001,6.4083e-15
12059.526,6.4201e-15
12099.519,6.4269e-15
12139.511999999999,6.4162e-15
12179.506,6.4025e-15
12219.498,6.398e-15
12259.49,6.3266e-15
12299.484,6.2657e-15
12339.476,6.267e-15
12379.469000000001,6.2669e-15
12419.462,6.2172e-15
12459.455,6.1275e-15
12499.446999999998,6.0828e-15
12539.439999999999,6.0776e-15
12579.434000000001,6.0784e-15
12619.426,6.0994e-15
12659.419,6.0123e-15
12699.412,6.06e-15
12739.405999999999,5.9405e-15
12779.398,5.9375e-15
12819.39,5.9768e-15
12859.384,5.9733e-15
12899.377,5.9561e-15
12939.369999999999,5.885e-15
12979.362000000001,5.8774e-15
13019.356,5.846e-15
13059.349,5.7959e-15
13099.341,5.7695e-15
13139.334,5.7738e-15
13179.327000000001,5.7622e-15
13219.321,5.708e-15
13259.313,5.6607e-15
13299.304999999998,5.6152e-15
13339.299,5.5911e-15
13379.291,5.5761e-15
13419.284,5.5867e-15
13459.277,5.5895e-15
13499.269,5.5415e-15
13539.262,5.4765e-15
13579.255,5.4279e-15
13619.249,5.4592e-15
13659.241,5.461e-15
13699.234,5.391e-15
13739.227,5.3494e-15
13779.221,5.3429e-15
13819.213,5.3236e-15
13859.205000000002,5.3073e-15
13899.199,5.3026e-15
13939.192000000001,5.318e-15
13979.185000000001,5.304e-15
14019.177,5.2213e-15
14059.17,5.1254e-15
14099.163999999999,5.0523e-15
14139.155999999999,4.996e-15
14179.149,4.905e-15
14219.142,4.8533e-15
14259.135999999999,4.8738e-15
14299.128,4.8838e-15
14339.12,4.8445e-15
14379.114,4.7942e-15
14419.106,4.7756e-15
14459.099,4.7626e-15
14499.092,4.7529e-15
14539.084,4.7358e-15
14579.077000000001,4.7507e-15
14619.070000000002,4.7185e-15
14659.064,4.6943e-15
14699.055999999999,4.6509e-15
14739.047999999999,4.6121e-15
14779.042,4.5937e-15
14819.036000000002,4.5562e-15
14859.028,4.5347e-15
14899.02,4.53e-15
14939.014,4.5292e-15
14979.007,4.4989e-15
15019.0,4.4445e-15
15058.992,4.422e-15
15098.985,4.4105e-15
15138.979,4.422e-15
15178.971000000001,4.4371e-15
15218.964,4.4365e-15
15258.957,4.4341e-15
15298.951000000001,4.4219e-15
15338.943000000001,4.4218e-15
15378.935,4.4109e-15
15418.928999999998,4.4028e-15
15458.921999999999,4.4067e-15
15498.914999999999,4.3931e-15
15538.907,4.3577e-15
15578.899,4.3295e-15
15618.892,4.2893e-15
15658.885,4.2424e-15
15698.878999999999,4.1897e-15
15738.871000000001,4.128e-15
15778.863000000001,4.0989e-15
15818.857,4.0759e-15
15858.85,4.0641e-15
15898.843,4.0302e-15
15938.835000000001,4.0166e-15
15978.829000000002,4.0343e-15
16018.822,4.0622e-15
16058.815,4.0776e-15
16098.806999999999,4.0506e-15
16138.8,4.0146e-15
16178.794000000002,3.9995e-15
16218.786,4.0034e-15
16258.779,4.0012e-15
16298.771999999999,3.9819e-15
16338.766,3.9371e-15
16378.758,3.8993e-15
16418.75,3.866e-15
16458.744000000002,3.8472e-15
16498.737,3.8434e-15
16538.73,3.8383e-15
16578.721999999998,3.8271e-15
16618.714,3.789e-15
16658.707,3.7474e-15
16698.7,3.7366e-15
16738.694,3.7331e-15
16778.686,3.7127e-15
16818.678,3.6887e-15
16858.672,3.6591e-15
16898.665,3.6568e-15
16938.658,3.6312e-15
16978.649999999998,3.6099e-15
17018.644,3.5619e-15
17058.637000000002,3.524e-15
17098.629,3.4883e-15
17138.622,3.4755e-15
17178.614999999998,3.4719e-15
17218.609,3.4427e-15
17258.601,3.4056e-15
17298.594,3.3568e-15
17338.587,3.3107e-15
17378.581,3.2729e-15
17418.573,3.2555e-15
17458.565,3.245e-15
17498.559,3.2214e-15
17538.552,3.191e-15
17578.545000000002,3.1683e-15
17618.537,3.1493e-15
17658.529000000002,3.121e-15
17698.522,3.0906e-15
17738.515,3.0521e-15
17778.509000000002,3.0289e-15
17818.501,3.009e-15
17858.493,2.9973e-15
17898.487,2.979e-15
17938.48,2.9471e-15
17978.472999999998,2.9132e-15
18018.465,2.8843e-15
18058.459,2.8627e-15
18098.452,2.8314e-15
18138.444,2.8196e-15
18178.437,2.8156e-15
18218.43,2.8212e-15
18258.424,2.7987e-15
18298.416,2.776e-15
18338.408,2.75e-15
18378.402000000002,2.7085e-15
18418.396,2.6678e-15
18458.388,2.6317e-15
18498.38,2.6327e-15
18538.374,2.6255e-15
18578.367,2.6335e-15
18618.36,2.6112e-15
18658.352,2.5984e-15
18698.345,2.5636e-15
18738.338,2.5389e-15
18778.33,2.5084e-15
18818.324,2.4935e-15
18858.316,2.5049e-15
18898.308,2.4706e-15
18944.304,2.4711e-15
19001.694,2.4477e-15
19059.083000000002,2.4294e-15
19116.472,2.4052e-15
19173.861,2.3848e-15
19231.25,2.3595e-15
19288.639,2.3328e-15
19346.027,2.3021e-15
19403.417,2.263e-15
19460.806,2.2383e-15
19518.194,2.2283e-15
19575.584,2.224e-15
19632.974000000002,2.1993e-15
19690.361999999997,2.1588e-15
19747.751,2.1236e-15
19805.14,2.1072e-15
19862.53,2.0892e-15
19919.918999999998,2.0664e-15
19977.307,2.0541e-15
20034.697,2.0471e-15
20092.084,2.0406e-15
20149.474000000002,2.0285e-15
20206.864,2.0002e-15
20264.254,1.9722e-15
20321.642999999996,1.9561e-15
20379.031,1.936e-15
20436.420000000002,1.916e-15
20493.809999999998,1.9053e-15
20551.198,1.885e-15
20608.587,1.8626e-15
20665.977,1.842e-15
20723.367000000002,1.8231e-15
20780.756,1.8109e-15
20838.144,1.7978e-15
20895.534,1.7749e-15
20952.923000000003,1.7533e-15
21010.311,1.7292e-15
21067.7,1.7053e-15
21125.09,1.6847e-15
21182.48,1.6693e-15
21239.87,1.6721e-15
21297.256999999998,1.6618e-15
21354.647,1.6412e-15
21412.036,1.6151e-15
21469.424,1.604e-15
21526.814000000002,1.592e-15
21584.203,1.5796e-15
21641.591,1.5641e-15
21698.98,1.5495e-15
21756.37,1.5423e-15
21813.756999999998,1.5329e-15
21871.147,1.5169e-15
21928.537,1.4978e-15
21985.927,1.4813e-15
22043.316000000003,1.4653e-15
22100.704,1.4515e-15
22158.093,1.4442e-15
22215.482999999997,1.4378e-15
22272.871,1.4257e-15
22330.260000000002,1.4096e-15
22387.649999999998,1.3971e-15
22445.04,1.3864e-15
22502.429,1.372e-15
22559.817,1.3601e-15
22617.207000000002,1.3471e-15
22674.596,1.3298e-15
22731.984,1.3159e-15
22789.373,1.3002e-15
22846.763000000003,1.2749e-15
22904.153,1.2463e-15
22961.543,1.2199e-15
23018.93,1.2036e-15
23076.32,1.1962e-15
23133.709,1.1847e-15
23191.096999999998,1.1629e-15
23248.487,1.1286e-15
23305.876,1.1119e-15
23363.264,1.1057e-15
23420.653,1.0951e-15
23478.042999999998,1.0851e-15
23535.43,1.0675e-15
23592.82,1.0521e-15
23650.21,1.0434e-15
23707.600000000002,1.0373e-15
23764.989,1.0263e-15
23822.377,1.0153e-15
23879.766,1.0001e-15
23937.156000000003,9.9075e-16
23994.544,9.9041e-16
24051.933,9.8664e-16
24109.322999999997,9.7562e-16
24166.713,9.6187e-16
24224.102,9.4804e-16
24281.489999999998,9.4237e-16
24338.88,9.401e-16
24396.269,9.3085e-16
24453.657,9.1693e-16
24511.046,9.0135e-16
24568.436,8.9056e-16
24625.826,8.9267e-16
24683.216,9.0008e-16
24740.603000000003,9.0227e-16
24797.989999999998,8.8972e-16
24855.38,8.7534e-16
24912.77,8.5867e-16
24970.16,8.5165e-16
