wave flux
1140.6336669921875 1.158e-15
1141.217407 1.1079e-15
1141.801147 6.4076e-16
1142.384888 2.0819e-16
1142.96875 0.0
1143.55249 1.2165e-16
1144.13623 6.7584e-16
1144.719971 5.6268e-17
1145.303711 1.5356e-16
1145.887573 2.1284e-16
1146.471313 2.4202e-16
1147.055054 4.6439e-16
1147.638794 5.2374e-16
1148.222534 4.1676e-16
1148.806274 1.0438e-16
1149.390015 3.3771e-16
1149.973755 5.5004e-16
1150.557495 3.9184e-16
1151.141357 1.1942e-16
1151.725098 2.9138e-16
1152.308838 2.595e-16
1152.892578 3.6091e-16
1153.476318 2.1269e-16
1154.060059 2.733e-16
1154.643799 3.6736e-16
1155.227539 2.454e-16
1155.811279 1.8934e-16
1156.39502 2.7343e-16
1156.978638 2.8836e-16
1157.562378 3.0197e-16
1158.146118 2.2241e-16
1158.729858 3.0518e-16
1159.313599 2.3611e-16
1159.897339 2.494e-16
1160.481079 3.0165e-16
1161.064819 2.9631e-16
1161.64856 2.9483e-16
1162.232178 3.5418e-16
1162.815918 2.8945e-16
1163.399658 2.5949e-16
1163.983398 2.2816e-16
1164.567139 2.4532e-16
1165.150757 2.6971e-16
1165.734497 1.2848e-16
1166.318237 1.8295e-16
1166.901978 1.8531e-16
1167.485596 1.7575e-16
1168.069336 1.9091e-16
1168.653076 1.6734e-16
1169.236694 1.0544e-16
1169.820435 2.0876e-16
1170.404175 2.2027e-16
1170.987793 2.751e-16
1171.571533 1.7031e-16
1172.155273 2.123e-16
1172.738892 1.6756e-16
1173.322632 1.2122e-16
1173.90625 1.2555e-16
1174.48999 2.1018e-16
1175.07373 1.3371e-16
1175.657349 2.4453e-16
1176.241089 1.5836e-16
1176.824707 7.1736e-17
1177.408447 1.6384e-16
1177.992065 9.8387e-17
1178.575806 1.1898e-16
1179.159424 1.9622e-16
1179.743164 1.441e-16
1180.326782 1.9984e-16
1180.910522 1.3321e-16
1181.494141 1.6208e-16
1182.077759 1.5552e-16
1182.661499 1.4425e-16
1183.245117 1.3738e-16
1183.828857 1.8107e-16
1184.412476 1.9246e-16
1184.996094 1.1964e-16
1185.579834 4.8869e-18
1186.163452 3.8711e-17
1186.74707 5.639e-17
1187.330811 2.3336e-17
1187.914429 1.0307e-17
1188.498047 5.8662e-17
1189.081665 3.1436e-17
1189.665405 1.5471e-17
1190.249023 1.1613e-16
1190.832642 0.0
1191.41626 3.977e-17
1192.0 1.2259e-17
1192.583618 3.2247e-16
1193.167236 1.9337e-16
1193.750854 1.0056e-16
1194.334473 8.7078e-19
1194.918091 0.0
1195.501831 0.0
1196.085449 7.064e-17
1196.669067 0.0
1197.252686 0.0
1197.836304 2.5376e-16
1198.419922 0.0
1199.00354 0.0
1199.587158 1.4343e-16
1200.170776 0.0
1200.754395 0.0
1201.338013 2.4197e-16
1201.921631 0.0
1202.505249 0.0
1203.088867 1.4438e-16
1203.672485 3.6584e-16
1204.256104 3.6433e-16
1204.839722 3.2881e-16
1205.42334 3.282e-16
1206.006958 1.9401e-16
1206.590576 0.0
1207.174194 0.0
1207.757812 2.8108e-16
1208.341431 2.0049e-16
1208.924927 0.0
1209.508545 1.738e-16
1210.092163 0.0
1210.675781 0.0
1211.259399 7.6077e-17
1211.843018 3.3154e-18
1212.426514 0.0
1213.010132 0.0
1213.59375 1.5719e-17
1214.177368 3.1192e-16
1214.760864 4.0059e-16
1215.344482 1.7636e-16
1215.928101 0.0
1216.511719 0.0
1217.095215 0.0
1217.678833 1.4999e-16
1218.262451 0.0
1218.845947 1.2296e-16
1219.429565 0.0
1220.013062 0.0
1220.59668 0.0
1221.180298 0.0
1221.763794 0.0
1222.347412 3.0232e-17
1222.930908 2.5429e-16
1223.514526 2.438e-16
1224.098145 8.7447e-17
1224.681641 4.8207e-17
1225.265259 1.9796e-16
1225.848755 3.0289e-16
1226.432373 2.3664e-16
1227.015869 6.8514e-18
1227.599487 1.1346e-16
1228.182983 0.0
1228.766479 1.2765e-16
1229.350098 1.055e-16
1229.933594 0.0
1230.517212 0.0
1231.100708 1.5555e-16
1231.684204 2.9561e-17
1232.267822 1.8917e-16
1232.851318 4.6679e-17
1233.434937 6.419e-17
1234.018433 1.1692e-16
1234.601929 2.5403e-16
1235.185547 1.9745e-17
1235.769043 1.2653e-16
1236.352539 1.146e-16
1236.936035 1.8236e-17
1237.519653 1.0735e-16
1238.103149 6.838e-17
1238.686646 8.4539e-17
1239.270142 1.5537e-16
1239.85376 0.0
1240.437256 1.4984e-17
1241.020752 5.0567e-17
1241.604248 6.4316e-17
1242.187744 1.212e-16
1242.771362 5.1301e-17
1243.354858 1.1427e-16
1243.938354 1.1522e-16
1244.521851 9.3849e-17
1245.105347 9.2062e-17
1245.688843 1.0963e-16
1246.272339 1.579e-16
1246.855835 1.268e-16
1247.439331 1.5017e-16
1248.022827 1.7261e-16
1248.606323 1.6859e-16
1249.189819 1.8423e-16
1249.773315 1.7412e-16
1250.356812 1.5722e-16
1250.940308 1.9465e-16
1251.523804 1.3244e-16
1252.1073 1.9609e-16
1252.690796 1.7377e-16
1253.274292 2.3916e-16
1253.857788 2.3018e-16
1254.441284 1.9138e-16
1255.02478 1.7583e-16
1255.608276 2.5323e-16
1256.191772 1.8463e-16
1256.775269 2.4664e-16
1257.358643 2.2978e-16
1257.942139 2.792e-16
1258.525635 2.5058e-16
1259.109131 2.3847e-16
1259.692627 2.7722e-16
1260.276123 2.3897e-16
1260.859497 2.5179e-16
1261.442993 3.1984e-16
1262.026489 3.4643e-16
1262.609985 3.2851e-16
1263.193359 3.4052e-16
1263.776855 3.6833e-16
1264.360352 3.6712e-16
1264.943726 3.7617e-16
1265.527222 4.1244e-16
1266.110718 4.4068e-16
1266.694092 4.0346e-16
1267.277588 4.7873e-16
1267.861084 4.5719e-16
1268.444458 4.5325e-16
1269.027954 5.2031e-16
1269.61145 5.4116e-16
1270.194824 5.4661e-16
1270.77832 5.5557e-16
1271.361694 5.6806e-16
1271.94519 6.5185e-16
1272.528564 5.6859e-16
1273.112061 5.7723e-16
1273.695435 6.2162e-16
1274.278931 6.6377e-16
1274.862305 7.0227e-16
1275.445801 6.6063e-16
1276.029175 6.7858e-16
1276.612671 7.1197e-16
1277.196045 7.5597e-16
1277.779541 6.58e-16
1278.362915 7.3627e-16
1278.946411 8.0806e-16
1279.529785 7.1112e-16
1280.113159 7.1527e-16
1280.696655 8.1781e-16
1281.280029 8.8629e-16
1281.863403 8.8726e-16
1282.446899 8.813e-16
1283.030273 8.3141e-16
1283.613647 8.9628e-16
1284.197144 9.0571e-16
1284.780518 1.0048e-15
1285.363892 9.4296e-16
1285.947266 8.8535e-16
1286.530762 1.0172e-15
1287.114136 1.0486e-15
1287.69751 1.0733e-15
1288.280884 1.106e-15
1288.86438 1.1251e-15
1289.447754 1.104e-15
1290.031128 1.1603e-15
1290.614502 1.2196e-15
1291.197876 1.1863e-15
1291.78125 1.2254e-15
1292.364624 1.2713e-15
1292.94812 1.2654e-15
1293.531494 1.317e-15
1294.114868 1.3021e-15
1294.698242 1.2827e-15
1295.281616 1.3644e-15
1295.86499 1.3449e-15
1296.448364 1.2731e-15
1297.031738 1.2896e-15
1297.615112 1.5033e-15
1298.198486 1.4656e-15
1298.78186 1.4486e-15
1299.365234 1.5503e-15
1299.948608 1.4705e-15
1300.531982 1.6083e-15
1301.115356 1.6097e-15
1301.69873 1.511e-15
1302.282104 1.5143e-15
1302.865479 1.5955e-15
1303.448853 1.7188e-15
1304.032104 1.6272e-15
1304.615479 1.707e-15
1305.198853 1.7181e-15
1305.782227 1.7021e-15
1306.365601 1.8897e-15
1306.948975 1.8814e-15
1307.532349 1.9837e-15
1308.115601 1.9405e-15
1308.698975 1.9079e-15
1309.282349 1.9528e-15
1309.865723 1.9327e-15
1310.448975 1.9439e-15
1311.032349 1.9584e-15
1311.615723 2.0751e-15
1312.199097 2.0567e-15
1312.782349 2.0737e-15
1313.365723 2.1633e-15
1313.949097 2.1779e-15
1314.532349 2.2271e-15
1315.115723 2.261e-15
1315.699097 2.3641e-15
1316.282349 2.2229e-15
1316.865723 2.3033e-15
1317.448975 2.4128e-15
1318.032349 2.3118e-15
1318.615723 2.4132e-15
1319.198975 2.4886e-15
1319.782349 2.4491e-15
1320.365601 2.273e-15
1320.948975 2.4099e-15
1321.532227 2.4796e-15
1322.115601 2.4538e-15
1322.698853 2.5217e-15
1323.282227 2.3977e-15
1323.865479 2.3965e-15
1324.448853 2.4508e-15
1325.032104 2.5809e-15
1325.615479 2.5578e-15
1326.19873 2.4973e-15
1326.781982 2.5773e-15
1327.365356 2.8109e-15
1327.948608 2.7437e-15
1328.531982 2.7765e-15
1329.115234 2.622e-15
1329.698486 2.598e-15
1330.28186 2.7295e-15
1330.865112 2.6997e-15
1331.448364 2.6349e-15
1332.031738 2.7006e-15
1332.61499 2.7558e-15
1333.198242 2.7471e-15
1333.781494 2.7035e-15
1334.364868 2.6843e-15
1334.94812 2.5741e-15
1335.531372 2.7817e-15
1336.114624 2.8927e-15
1336.697998 2.8674e-15
1337.28125 2.8599e-15
1337.864502 2.9824e-15
1338.447754 2.9972e-15
1339.031006 3.0781e-15
1339.614258 2.9879e-15
1340.197632 2.9317e-15
1340.780884 3.0511e-15
1341.364136 2.9841e-15
1341.947388 3.1047e-15
1342.53064 3.0683e-15
1343.113892 3.0541e-15
1343.697144 2.9966e-15
1344.280396 3.0347e-15
1344.863647 3.1531e-15
1345.446899 3.1154e-15
1346.030151 3.0717e-15
1346.613403 3.2605e-15
1347.196655 3.1307e-15
1347.779907 3.1229e-15
1348.363159 3.1118e-15
1348.946411 3.2919e-15
1349.529663 3.3024e-15
1350.112915 3.2508e-15
1350.696167 3.2688e-15
1351.279419 3.3146e-15
1351.862671 3.2072e-15
1352.445923 3.1933e-15
1353.029053 3.4003e-15
1353.612305 3.4188e-15
1354.195557 3.2244e-15
1354.778809 3.2188e-15
1355.362061 3.3715e-15
1355.945312 3.4423e-15
1356.528442 3.3017e-15
1357.111694 3.287e-15
1357.694946 3.2194e-15
1358.278198 3.2638e-15
1358.861328 3.4028e-15
1359.44458 3.4511e-15
1360.027832 3.2943e-15
1360.611084 3.4e-15
1361.194214 3.475e-15
1361.777466 3.4966e-15
1362.360718 3.471e-15
1362.943848 3.4393e-15
1363.5271 3.4119e-15
1364.110352 3.3258e-15
1364.693481 3.5042e-15
1365.276733 3.1535e-15
1365.859863 3.2986e-15
1366.443115 3.277e-15
1367.026367 3.3113e-15
1367.609497 3.3038e-15
1368.192749 3.4189e-15
1368.775879 3.2034e-15
1369.359131 3.2526e-15
1369.942261 3.2263e-15
1370.525513 3.1708e-15
1371.108643 3.3579e-15
1371.691895 3.3874e-15
1372.275024 3.2107e-15
1372.858276 3.3828e-15
1373.441406 3.3564e-15
1374.024658 3.1678e-15
1374.607788 3.3683e-15
1375.190918 3.301e-15
1375.77417 3.1859e-15
1376.3573 3.011e-15
1376.940552 3.0684e-15
1377.523682 2.9765e-15
1378.106812 3.0687e-15
1378.690063 2.8546e-15
1379.273193 3.0401e-15
1379.856323 2.9098e-15
1380.439575 2.997e-15
1381.022705 2.8595e-15
1381.605835 2.9712e-15
1382.188965 3.0077e-15
1382.772217 2.8722e-15
1383.355347 2.8028e-15
1383.938477 2.6724e-15
1384.521606 2.7746e-15
1385.104736 2.9643e-15
1385.687988 3.0647e-15
1386.271118 2.6825e-15
1386.854248 2.8279e-15
1387.437378 2.6349e-15
1388.020508 2.8261e-15
1388.603638 2.5704e-15
1389.18689 2.6025e-15
1389.77002 2.4947e-15
1390.353149 2.5698e-15
1390.936279 2.5348e-15
1391.519409 2.5466e-15
1392.102539 2.5407e-15
1392.685669 2.5174e-15
1393.268799 2.6731e-15
1393.851929 2.5238e-15
1394.435059 2.6803e-15
1395.018188 2.6122e-15
1395.601318 2.6351e-15
1396.184448 2.5996e-15
1396.767578 2.4653e-15
1397.350708 2.6682e-15
1397.933838 2.4201e-15
1398.516968 2.6988e-15
1399.100098 2.6827e-15
1399.683228 2.6471e-15
1400.266235 2.6853e-15
1400.849365 2.5995e-15
1401.432495 3.0303e-15
1402.015625 2.978e-15
1402.598755 2.8534e-15
1403.181885 3.0942e-15
1403.765015 3.1475e-15
1404.348022 3.2965e-15
1404.931152 3.1953e-15
1405.514282 3.6484e-15
1406.097412 3.6756e-15
1406.68042 3.6432e-15
1407.26355 3.8214e-15
1407.84668 4.0668e-15
1408.42981 3.7874e-15
1409.012817 3.8717e-15
1409.595947 4.3607e-15
1410.179077 4.1234e-15
1410.762085 4.3482e-15
1411.345215 4.2366e-15
1411.928345 4.5967e-15
1412.511353 4.568e-15
1413.094482 4.6926e-15
1413.67749 4.5984e-15
1414.26062 4.8176e-15
1414.84375 4.9253e-15
1415.426758 4.7809e-15
1416.009888 4.8481e-15
1416.592896 4.8941e-15
1417.176025 5.0963e-15
1417.759033 5.1198e-15
1418.342163 4.8061e-15
1418.925171 5.0368e-15
1419.508301 5.1148e-15
1420.091309 5.0582e-15
1420.674438 4.984e-15
1421.257446 5.1806e-15
1421.840576 5.4775e-15
1422.423584 5.0947e-15
1423.006714 4.9845e-15
1423.589722 5.4439e-15
1424.172729 5.0511e-15
1424.755859 5.2306e-15
1425.338867 5.2657e-15
1425.921875 5.3038e-15
1426.505005 5.8089e-15
1427.088013 5.4505e-15
1427.671021 5.4195e-15
1428.25415 5.4392e-15
1428.837158 5.1652e-15
1429.420166 5.6364e-15
1430.003296 5.0858e-15
1430.586304 5.481e-15
1431.169312 5.4609e-15
1431.752319 5.4836e-15
1432.335449 5.5808e-15
1432.918457 5.469e-15
1433.501465 5.6666e-15
1434.084473 5.5502e-15
1434.66748 5.4033e-15
1435.250488 5.3094e-15
1435.833618 5.6849e-15
1436.416626 5.559e-15
1436.999634 5.4318e-15
1437.582642 5.4934e-15
1438.165649 5.6251e-15
1438.748657 5.5125e-15
1439.331665 5.6246e-15
1439.914673 5.5079e-15
1440.497681 5.5278e-15
1441.080688 5.3172e-15
1441.663696 5.828e-15
1442.246704 5.8539e-15
1442.829712 5.773e-15
1443.41272 5.7345e-15
1443.995728 5.6355e-15
1444.578735 5.5326e-15
1445.161743 5.7063e-15
1445.744751 5.4224e-15
1446.327759 5.8254e-15
1446.910767 5.8635e-15
1447.493774 5.7802e-15
1448.076782 5.4541e-15
1448.65979 5.2852e-15
1449.242798 5.4716e-15
1449.825806 5.539e-15
1450.408691 5.6216e-15
1450.991699 5.5435e-15
1451.574707 5.3774e-15
1452.157715 5.6669e-15
1452.740723 5.5107e-15
1453.323608 5.6256e-15
1453.906616 5.6604e-15
1454.489624 5.5403e-15
1455.072632 5.7001e-15
1455.655518 5.7232e-15
1456.238525 5.4286e-15
1456.821533 5.7546e-15
1457.404541 5.3826e-15
1457.987427 5.8069e-15
1458.570435 5.2925e-15
1459.153442 5.4056e-15
1459.736328 5.319e-15
1460.319336 5.3375e-15
1460.902344 5.4488e-15
1461.485229 5.4805e-15
1462.068237 5.8857e-15
1462.651123 5.6575e-15
1463.234131 5.5195e-15
1463.817139 5.5808e-15
1464.400024 5.6965e-15
1464.983032 5.5077e-15
1465.565918 5.562e-15
1466.148926 5.5884e-15
1466.731812 5.6972e-15
1467.314819 5.6378e-15
1467.897705 5.5712e-15
1468.480713 5.905e-15
1469.063599 5.4214e-15
1469.646606 5.4843e-15
1470.229492 5.5076e-15
1470.812378 5.441e-15
1471.395386 5.6117e-15
1471.978271 5.5024e-15
1472.561279 5.3264e-15
1473.144165 5.2998e-15
1473.727051 5.5991e-15
1474.310059 5.635e-15
1474.892944 5.6125e-15
1475.47583 5.5497e-15
1476.058838 5.4209e-15
1476.641724 5.4467e-15
1477.224609 5.5224e-15
1477.807617 5.4406e-15
1478.390503 5.4579e-15
1478.973389 5.8382e-15
1479.556274 5.2195e-15
1480.139282 5.477e-15
1480.722168 5.6283e-15
1481.305054 5.7678e-15
1481.887939 5.7271e-15
1482.470825 5.6994e-15
1483.053833 5.6497e-15
1483.636719 5.6053e-15
1484.219604 5.5182e-15
1484.80249 5.3364e-15
1485.385376 5.6925e-15
1485.968262 5.3732e-15
1486.551147 5.3521e-15
1487.134033 5.4429e-15
1487.716919 5.3525e-15
1488.299805 5.2158e-15
1488.882812 5.4109e-15
1489.465698 5.4752e-15
1490.048584 5.2366e-15
1490.63147 5.5518e-15
1491.214355 5.2144e-15
1491.797241 5.3981e-15
1492.380127 5.4678e-15
1492.963013 5.2137e-15
1493.545776 5.2696e-15
1494.128662 5.616e-15
1494.711548 5.2362e-15
1495.294434 5.4896e-15
1495.877319 5.416e-15
1496.460205 5.1117e-15
1497.043091 5.3069e-15
1497.625977 5.4272e-15
1498.208862 5.3519e-15
1498.791626 5.5108e-15
1499.374512 5.7973e-15
1499.957397 5.2333e-15
1500.540283 5.4735e-15
1501.123169 5.6413e-15
1501.706055 5.3567e-15
1502.288818 5.8447e-15
1502.871704 5.6199e-15
1503.45459 5.4288e-15
1504.037476 5.2918e-15
1504.620239 5.3786e-15
1505.203125 5.2122e-15
1505.786011 5.506e-15
1506.368774 5.5279e-15
1506.95166 5.3159e-15
1507.534546 5.2394e-15
1508.11731 5.1133e-15
1508.700195 5.7472e-15
1509.283081 5.2247e-15
1509.865845 4.9986e-15
1510.44873 5.4199e-15
1511.031494 5.4645e-15
1511.61438 5.6904e-15
1512.197266 5.1675e-15
1512.780029 5.3724e-15
1513.362915 5.4703e-15
1513.945679 5.4996e-15
1514.528564 5.4804e-15
1515.111328 4.9682e-15
1515.694214 5.2129e-15
1516.276978 5.2372e-15
1516.859863 5.4591e-15
1517.442627 5.2434e-15
1518.025513 5.2498e-15
1518.608276 5.169e-15
1519.19104 4.982e-15
1519.773926 5.2854e-15
1520.356689 5.1704e-15
1520.939575 5.3976e-15
1521.522339 5.4577e-15
1522.105103 5.4897e-15
1522.687988 5.3982e-15
1523.270752 5.2643e-15
1523.853516 5.165e-15
1524.436401 5.1532e-15
1525.019165 5.0819e-15
1525.601929 5.3787e-15
1526.184692 4.993e-15
1526.767578 5.0428e-15
1527.350342 5.2468e-15
1527.933105 5.2103e-15
1528.515869 5.2343e-15
1529.098755 5.0992e-15
1529.681519 5.0532e-15
1530.264282 5.4228e-15
1530.847046 5.3078e-15
1531.42981 5.0187e-15
1532.012695 5.1401e-15
1532.595459 5.3159e-15
1533.178223 5.22e-15
1533.760986 4.8242e-15
1534.34375 5.3787e-15
1534.926514 4.8042e-15
1535.509277 4.9764e-15
1536.092041 5.2149e-15
1536.674805 5.2822e-15
1537.257568 5.1254e-15
1537.840332 4.9497e-15
1538.423096 5.2746e-15
1539.005859 5.1853e-15
1539.588623 5.0018e-15
1540.171387 4.9501e-15
1540.75415 5.1086e-15
1541.336914 4.5973e-15
1541.919678 5.1558e-15
1542.502441 5.0349e-15
1543.085205 5.2072e-15
1543.667969 5.1512e-15
1544.250732 5.288e-15
1544.833496 5.0997e-15
1545.41626 5.1731e-15
1545.999023 5.2354e-15
1546.581787 4.91e-15
1547.164429 5.4741e-15
1547.747192 5.1088e-15
1548.329956 5.1501e-15
1548.91272 5.2933e-15
1549.495483 5.0106e-15
1550.078125 5.0677e-15
1550.660889 5.0045e-15
1551.243652 5.3349e-15
1551.826416 4.9136e-15
1552.409058 5.3377e-15
1552.991821 4.8591e-15
1553.574585 4.8156e-15
1554.157227 4.8194e-15
1554.73999 4.9057e-15
1555.322754 4.8842e-15
1555.905518 4.9777e-15
1556.488159 4.8216e-15
1557.070923 5.0588e-15
1557.653564 5.3113e-15
1558.236328 4.81e-15
1558.819092 5.3619e-15
1559.401733 4.7424e-15
1559.984497 4.9303e-15
1560.567139 5.2827e-15
1561.149902 4.6844e-15
1561.732544 4.9527e-15
1562.315308 5.1273e-15
1562.897949 4.7663e-15
1563.480713 4.877e-15
1564.063354 4.9956e-15
1564.646118 4.4895e-15
1565.22876 5.0529e-15
1565.811523 4.8225e-15
1566.394165 4.8141e-15
1566.976929 4.7069e-15
1567.55957 5.0415e-15
1568.142334 4.9002e-15
1568.724976 4.8972e-15
1569.307617 4.715e-15
1569.890381 4.6717e-15
1570.473022 4.9144e-15
1571.055664 4.5599e-15
1571.638428 5.1736e-15
1572.221069 4.7808e-15
1572.803711 5.4436e-15
1573.386475 5.3088e-15
1573.969116 4.4517e-15
1574.551758 4.8791e-15
1575.134399 4.9315e-15
1575.717163 4.6021e-15
1576.299805 4.3698e-15
1576.882446 4.9187e-15
1577.465088 4.7183e-15
1578.047852 4.9445e-15
1578.630493 4.7395e-15
1579.213135 4.5722e-15
1579.795776 5.0354e-15
1580.378418 4.7306e-15
1580.96106 4.3198e-15
1581.543823 4.7709e-15
1582.126465 4.728e-15
1582.709106 5.129e-15
1583.291748 4.5981e-15
1583.87439 4.7311e-15
1584.457031 4.5309e-15
1585.039673 4.4386e-15
1585.622314 4.7164e-15
1586.204956 4.5888e-15
1586.787598 4.6967e-15
1587.370239 4.7868e-15
1587.952881 4.6934e-15
1588.535522 4.8223e-15
1589.118164 4.7188e-15
1589.700806 4.6085e-15
1590.283447 4.5288e-15
1590.866089 4.1626e-15
1591.44873 4.6458e-15
1592.031372 4.608e-15
1592.614014 4.5535e-15
1593.196655 4.4648e-15
1593.779175 4.5605e-15
1594.361816 4.5979e-15
1594.944458 4.4966e-15
1595.5271 5.1833e-15
1596.109741 5.0138e-15
1596.692383 5.0588e-15
1597.274902 4.6388e-15
1597.857544 4.4794e-15
1598.440186 4.5157e-15
1599.022827 4.5079e-15
1599.605469 5.1935e-15
1600.187988 5.3529e-15
1600.77063 4.6047e-15
1601.353271 4.468e-15
1601.935791 4.8344e-15
1602.518433 4.6863e-15
1603.101074 4.2972e-15
1603.683594 4.793e-15
1604.266235 4.9758e-15
1604.848877 4.6737e-15
1605.431396 4.5399e-15
1606.014038 4.6234e-15
1606.59668 4.6544e-15
1607.179199 4.4801e-15
1607.761841 4.4964e-15
1608.34436 4.4914e-15
1608.927002 4.5352e-15
1609.509644 4.633e-15
1610.092163 4.7106e-15
1610.674805 4.7717e-15
1611.257324 4.4849e-15
1611.839966 4.6584e-15
1612.422485 4.3986e-15
1613.005127 4.8131e-15
1613.587646 4.3953e-15
1614.170166 4.2468e-15
1614.752808 4.7698e-15
1615.335327 4.5404e-15
1615.917969 4.4556e-15
1616.500488 4.9006e-15
1617.08313 4.4987e-15
1617.665649 4.7464e-15
1618.248169 4.7214e-15
1618.830811 4.1296e-15
1619.41333 4.4147e-15
1619.99585 4.9249e-15
1620.578491 4.1216e-15
1621.161011 4.2068e-15
1621.74353 4.7837e-15
1622.326172 4.8958e-15
1622.908691 4.1866e-15
1623.491211 4.6022e-15
1624.07373 4.5277e-15
1624.656372 5.4508e-15
1625.238892 5.31e-15
1625.821411 4.8994e-15
1626.403931 4.4619e-15
1626.98645 4.9238e-15
1627.569092 4.8761e-15
1628.151611 4.6055e-15
1628.734131 4.6618e-15
1629.31665 4.9524e-15
1629.89917 4.885e-15
1630.481689 4.4068e-15
1631.064209 4.4624e-15
1631.646729 4.881e-15
1632.22937 5.0869e-15
1632.81189 4.4942e-15
1633.394409 5.2433e-15
1633.976929 4.6682e-15
1634.559448 4.8275e-15
1635.141968 4.3127e-15
1635.724487 4.6859e-15
1636.307007 4.6562e-15
1636.889526 4.8062e-15
1637.472046 4.6834e-15
1638.054565 4.5288e-15
1638.637085 5.2173e-15
1639.219604 4.7472e-15
1639.802002 4.4396e-15
1640.384521 5.3103e-15
1640.967041 4.3999e-15
1641.549561 4.53e-15
1642.13208 4.7537e-15
1642.7146 4.4646e-15
1643.297119 4.7218e-15
1643.879639 5.0404e-15
1644.462036 4.8211e-15
1645.044556 4.6545e-15
1645.627075 4.9077e-15
1646.209595 5.0156e-15
1646.792114 4.8371e-15
1647.374512 4.6133e-15
1647.957031 5.1186e-15
1648.539551 4.8724e-15
1649.12207 4.7579e-15
1649.704468 4.8468e-15
1650.286987 4.6486e-15
1650.869507 4.6452e-15
1651.451904 4.8476e-15
1652.034424 4.7764e-15
1652.616943 4.5042e-15
1653.199341 4.7948e-15
1653.78186 4.2192e-15
1654.36438 5.0086e-15
1654.946777 4.5996e-15
1655.529297 4.5558e-15
1656.111694 4.5048e-15
1656.694214 4.4138e-15
1657.276611 4.7447e-15
1657.859131 4.4409e-15
1658.44165 4.8218e-15
1659.024048 5.0327e-15
1659.606567 4.3858e-15
1660.188965 5.0191e-15
1660.771484 4.5529e-15
1661.353882 5.0079e-15
1661.936401 4.5552e-15
1662.518799 4.6589e-15
1663.101196 4.8956e-15
1663.683716 4.5599e-15
1664.266113 4.3703e-15
1664.848633 4.8927e-15
1665.43103 4.0239e-15
1666.013428 4.7261e-15
1666.595947 4.4136e-15
1667.178345 4.8989e-15
1667.760742 4.4349e-15
1668.343262 5.7593e-15
1668.925659 4.5294e-15
1669.508057 4.6145e-15
1670.090576 4.7729e-15
1670.672974 4.3323e-15
1671.255371 4.1314e-15
1671.837891 4.6598e-15
1672.420288 4.3523e-15
1673.002686 4.5611e-15
1673.585083 4.6475e-15
1674.16748 4.6471e-15
1674.75 4.1943e-15
1675.332397 4.7216e-15
1675.914795 4.6081e-15
1676.497192 4.8987e-15
1677.07959 4.9442e-15
1677.661987 5.22e-15
1678.592773 4.7837e-15
1680.136963 5.2428e-15
1681.681274 4.7924e-15
1683.225586 4.4793e-15
1684.769775 4.5427e-15
1686.314087 4.2562e-15
1687.858398 4.5683e-15
1689.40271 4.5632e-15
1690.947021 4.4751e-15
1692.491333 4.5323e-15
1694.035645 4.6637e-15
1695.579956 4.6459e-15
1697.12439 5.0032e-15
1698.668701 4.2548e-15
1700.213013 4.3394e-15
1701.757446 4.4347e-15
1703.301758 4.3125e-15
1704.846191 3.9632e-15
1706.390625 4.1872e-15
1707.935059 4.3156e-15
1709.479492 4.3674e-15
1711.023926 5.0141e-15
1712.568359 4.8061e-15
1714.112793 4.4552e-15
1715.657227 4.0406e-15
1717.20166 4.2215e-15
1718.746094 4.8172e-15
1720.290649 4.5829e-15
1721.835083 4.2091e-15
1723.379639 4.011e-15
1724.924072 4.248e-15
1726.468628 4.7772e-15
1728.013184 4.583e-15
1729.557739 4.456e-15
1731.102295 4.4808e-15
1732.646851 4.4475e-15
1734.191406 4.2357e-15
1735.735962 4.326e-15
1737.280518 4.7127e-15
1738.825073 4.4294e-15
1740.369751 5.0407e-15
1741.914307 4.3294e-15
1743.458984 4.3873e-15
1745.00354 4.2768e-15
1746.548218 4.4404e-15
1748.092896 4.3215e-15
1749.637451 4.254e-15
1751.182129 4.3607e-15
1752.726807 4.3798e-15
1754.271484 4.0879e-15
1755.816162 4.2334e-15
1757.360962 4.3748e-15
1758.90564 4.1864e-15
1760.450317 4.3224e-15
1761.994995 4.0456e-15
1763.539795 4.5205e-15
1765.084473 4.1513e-15
1766.629272 4.0696e-15
1768.174072 4.142e-15
1769.718872 4.3698e-15
1771.26355 4.2533e-15
1772.80835 4.4247e-15
1774.353149 4.0151e-15
1775.897949 4.3163e-15
1777.442749 4.1574e-15
1778.987671 4.5042e-15
1780.532471 4.0644e-15
1782.077271 4.2063e-15
1783.622192 4.4286e-15
1785.166992 4.3392e-15
1786.711914 4.1883e-15
1788.256714 3.999e-15
1789.801636 4.3807e-15
1791.346558 4.4802e-15
1792.891479 4.111e-15
1794.436401 3.8605e-15
1795.981323 4.2384e-15
1797.526245 4.3043e-15
1799.071167 4.4318e-15
1800.616089 4.1437e-15
1802.161133 4.271e-15
1803.706055 4.5445e-15
1805.250977 4.3536e-15
1806.796021 4.1873e-15
1808.341064 4.1967e-15
1809.885986 3.9989e-15
1811.43103 3.7546e-15
1812.976074 4.099e-15
1814.521118 3.6818e-15
1816.066162 4.1116e-15
1817.611206 4.3219e-15
1819.15625 4.1204e-15
1820.701294 3.9743e-15
1822.246338 3.8978e-15
1823.791504 3.8351e-15
1825.336548 3.6466e-15
1826.881714 4.0338e-15
1828.426758 3.8443e-15
1829.971924 3.9257e-15
1831.51709 3.9648e-15
1833.062134 3.7956e-15
1834.6073 3.9865e-15
1836.152466 4.1512e-15
1837.697632 4.2816e-15
1839.242798 4.198e-15
1840.787964 4.2323e-15
1842.333252 3.404e-15
1843.878418 3.6121e-15
1845.423584 3.5776e-15
1846.968872 3.5349e-15
1848.514038 3.745e-15
1850.059326 3.928e-15
1851.604614 3.6153e-15
1853.14978 3.801e-15
1854.695068 3.7234e-15
1856.240356 3.5954e-15
1857.785645 3.6016e-15
1859.330933 3.7834e-15
1860.876221 3.5889e-15
1862.421509 3.7157e-15
1863.966919 3.6337e-15
1865.512207 3.7943e-15
1867.057495 3.7298e-15
1868.602905 3.682e-15
1870.148193 3.5368e-15
1871.693604 3.7085e-15
1873.239014 3.6747e-15
1874.784424 3.893e-15
1876.329712 4.0531e-15
1877.875122 3.6285e-15
1879.420532 3.8617e-15
1880.965942 3.7858e-15
1882.511475 3.4318e-15
1884.056885 3.614e-15
1885.602295 3.8711e-15
1887.147827 3.6712e-15
1888.693237 3.6685e-15
1890.238647 3.6459e-15
1891.78418 3.6783e-15
1893.329712 3.7786e-15
1894.875244 3.7318e-15
1896.420654 3.7047e-15
1897.966187 3.644e-15
1899.511719 3.6889e-15
1901.057251 3.6479e-15
1902.602783 3.4754e-15
1904.148438 3.4888e-15
1905.69397 3.614e-15
1907.239502 3.8046e-15
1908.785156 3.7753e-15
1910.330688 3.632e-15
1911.876343 3.5795e-15
1913.421875 3.7189e-15
1914.967529 3.7885e-15
1916.513184 3.6058e-15
1918.058838 3.5727e-15
1919.604492 3.561e-15
1921.150146 3.6275e-15
1922.695801 3.7236e-15
1924.241455 3.3632e-15
1925.787109 3.3432e-15
1927.332764 3.7323e-15
1928.87854 3.7824e-15
1930.424194 3.4148e-15
1931.969971 3.1982e-15
1933.515625 3.5643e-15
1935.061401 3.4944e-15
1936.607178 3.5386e-15
1938.152832 3.6684e-15
1939.698608 3.6417e-15
1941.244385 3.4128e-15
1942.790161 3.5864e-15
1944.335938 3.5714e-15
1945.881836 3.4674e-15
1947.427612 3.3841e-15
1948.973389 3.3251e-15
1950.519287 3.5034e-15
1952.065063 3.33e-15
1953.610962 3.2541e-15
1955.156738 3.7488e-15
1956.702637 3.5462e-15
1958.248535 3.3933e-15
1959.794434 3.2989e-15
1961.340332 3.4517e-15
1962.88623 3.4948e-15
1964.432129 3.5158e-15
1965.978027 3.5381e-15
1967.523926 3.4904e-15
1969.069824 3.0779e-15
1970.615845 3.3458e-15
1972.161743 3.3068e-15
1973.707764 3.374e-15
1975.253662 3.6063e-15
1976.799683 3.2473e-15
1978.345703 3.2796e-15
1979.891602 3.4076e-15
1981.437622 3.1922e-15
1982.983643 3.1305e-15
1984.529663 3.3216e-15
1986.075684 3.4339e-15
1987.621826 3.5307e-15
1989.167847 3.2815e-15
1990.713867 3.3335e-15
1992.26001 3.0121e-15
1993.80603 3.2711e-15
1995.352173 3.1733e-15
1996.898193 3.2325e-15
1998.444336 3.0578e-15
1999.990479 3.0303e-15
2001.536621 3.245e-15
2003.082764 3.422e-15
2004.628906 3.4578e-15
2006.175049 3.1382e-15
2007.721191 3.1509e-15
2009.267334 3.2598e-15
2010.813477 3.2093e-15
2012.359741 3.2826e-15
2013.905884 3.0383e-15
2015.452148 3.2161e-15
2016.998291 3.2594e-15
2018.544556 3.2101e-15
2020.09082 2.9195e-15
2021.636963 2.9497e-15
2023.183228 3.1705e-15
2024.729492 3.051e-15
2026.275757 3.0018e-15
2027.822021 3.3124e-15
2029.368408 2.9502e-15
2030.914673 3.1496e-15
2032.460938 3.4272e-15
2034.007324 3.1303e-15
2035.553589 3.0892e-15
2037.099976 3.1407e-15
2038.64624 3.1409e-15
2040.192627 3.036e-15
2041.739014 3.0353e-15
2043.2854 3.14e-15
2044.831787 3.1189e-15
2046.378174 2.8915e-15
2047.924561 3.0228e-15
2049.470947 3.109e-15
2051.017334 3.2349e-15
2052.563721 3.3169e-15
2054.110107 3.0789e-15
2055.656738 3.0296e-15
2057.203125 3.2305e-15
2058.749512 2.9514e-15
2060.295898 3.1814e-15
2061.842529 2.9506e-15
2063.388916 3.0872e-15
2064.935547 3.0947e-15
2066.481934 3.1774e-15
2068.028564 2.9762e-15
2069.574951 2.9732e-15
2071.121582 3.2601e-15
2072.667969 3.0813e-15
2074.2146 2.8726e-15
2075.76123 2.8815e-15
2077.307861 2.9525e-15
2078.854248 2.9922e-15
2080.400879 3.1094e-15
2081.94751 3.0042e-15
2083.494141 3.085e-15
2085.040771 2.9619e-15
2086.587402 2.8415e-15
2088.134033 3.0484e-15
2089.680664 3.0122e-15
2091.227295 2.6956e-15
2092.773926 2.7672e-15
2094.320557 2.918e-15
2095.867188 3.0031e-15
2097.414062 3.0313e-15
2098.960693 2.8025e-15
2100.507324 3.0345e-15
2102.053955 2.995e-15
2103.60083 2.9657e-15
2105.147461 2.8667e-15
2106.694336 2.8509e-15
2108.240967 2.7862e-15
2109.787842 2.9796e-15
2111.334473 2.9373e-15
2112.881348 2.7473e-15
2114.427979 2.8278e-15
2115.974854 2.8644e-15
2117.521729 2.9703e-15
2119.068604 2.9553e-15
2120.615234 2.7535e-15
2122.162109 2.9148e-15
2123.708984 2.8026e-15
2125.255859 2.6969e-15
2126.802734 3.0041e-15
2128.349609 2.9901e-15
2129.896484 2.9411e-15
2131.443359 2.9519e-15
2132.990234 2.8464e-15
2134.537109 2.8385e-15
2136.083984 2.935e-15
2137.630859 2.7732e-15
2139.177979 2.8092e-15
2140.724854 2.8632e-15
2142.271729 2.7488e-15
2143.818604 2.8044e-15
2145.365723 2.7717e-15
2146.912598 2.7511e-15
2148.459717 2.902e-15
2150.006592 2.9454e-15
2151.553711 2.8145e-15
2153.100586 2.6954e-15
2154.647705 2.816e-15
2156.19458 2.7195e-15
2157.741699 2.8781e-15
2159.288818 2.7289e-15
2160.835938 2.7526e-15
2162.382812 2.8263e-15
2163.929932 2.7595e-15
2165.477051 2.5528e-15
2167.02417 2.7557e-15
2168.571289 2.7101e-15
2170.118408 2.9996e-15
2171.665527 2.8669e-15
2173.212646 2.8161e-15
2174.759766 2.7147e-15
2176.306885 2.7027e-15
2177.854004 2.7431e-15
2179.401123 2.7813e-15
2180.948486 2.6743e-15
2182.495605 2.5316e-15
2184.042725 2.7128e-15
2185.590088 2.6734e-15
2187.137207 2.6366e-15
2188.684326 2.6169e-15
2190.231689 2.6967e-15
2191.778809 2.6702e-15
2193.326172 2.6593e-15
2194.873291 2.6702e-15
2196.420654 2.939e-15
2197.968018 2.6122e-15
2199.515137 2.6586e-15
2201.0625 2.8823e-15
2202.609863 2.698e-15
2204.156982 2.6552e-15
2205.704346 2.6195e-15
2207.251709 2.5858e-15
2208.799072 2.588e-15
2210.346436 2.5596e-15
2211.893799 2.6593e-15
2213.441162 2.6285e-15
2214.988525 2.7323e-15
2216.535889 2.692e-15
2218.083252 2.6356e-15
2219.630615 2.6922e-15
2221.177979 2.5751e-15
2222.725586 2.628e-15
2224.272949 2.6352e-15
2225.820312 2.5402e-15
2227.36792 2.646e-15
2228.915283 2.5227e-15
2230.462646 2.4762e-15
2232.010254 2.5612e-15
2233.557617 2.6885e-15
2235.105225 2.4331e-15
2236.652588 2.4825e-15
2238.200195 2.4002e-15
2239.747803 2.3899e-15
2241.295166 2.4646e-15
2242.842773 2.5665e-15
2244.390381 2.4436e-15
2245.937988 2.4597e-15
2247.485352 2.5947e-15
2249.032959 2.4857e-15
2250.580566 2.5274e-15
2252.128174 2.53e-15
2253.675781 2.6791e-15
2255.223389 2.5027e-15
2256.770996 2.5703e-15
2258.318604 2.4909e-15
2259.866211 2.4879e-15
2261.413818 2.5429e-15
2262.96167 2.5877e-15
2264.509277 2.6353e-15
2266.056885 2.5538e-15
2267.604492 2.3923e-15
2269.152344 2.4627e-15
2270.699951 2.4247e-15
2272.247803 2.3822e-15
2273.79541 2.4926e-15
2275.343018 2.3174e-15
2276.890869 2.4185e-15
2278.438721 2.5235e-15
2279.986328 2.5127e-15
2281.53418 2.3558e-15
2283.081787 2.4962e-15
2284.629639 2.6134e-15
2286.17749 2.5966e-15
2287.725342 2.3971e-15
2289.273193 2.4459e-15
2290.820801 2.4747e-15
2292.368652 2.4478e-15
2293.916504 2.5429e-15
2295.464355 2.5501e-15
2297.012207 2.4428e-15
2298.560059 2.3702e-15
2300.10791 2.3751e-15
2301.655762 2.3121e-15
2303.203857 2.2617e-15
2304.751709 2.3365e-15
2306.299561 2.4862e-15
2307.847412 2.4108e-15
2309.395508 2.3997e-15
2310.943359 2.3201e-15
2312.491211 2.3612e-15
2314.039307 2.2961e-15
2315.587158 2.483e-15
2317.135254 2.5506e-15
2318.683105 2.349e-15
2320.231201 2.5641e-15
2321.779053 2.4375e-15
2323.327148 2.362e-15
2324.875244 2.4789e-15
2326.423096 2.3756e-15
2327.971191 2.337e-15
2329.519287 2.3452e-15
2331.067383 2.3726e-15
2332.615479 2.3534e-15
2334.163574 2.3866e-15
2335.71167 2.3161e-15
2337.259521 2.3546e-15
2338.807617 2.3554e-15
2340.355957 2.2649e-15
2341.904053 2.292e-15
2343.452148 2.2945e-15
2345.000244 2.2922e-15
2346.54834 2.4126e-15
2348.096436 2.4087e-15
2349.644775 2.3544e-15
2351.192871 2.2825e-15
2352.740967 2.418e-15
2354.289307 2.3123e-15
2355.837402 2.2665e-15
2357.385742 2.2634e-15
2358.933838 2.406e-15
2360.482178 2.3378e-15
2362.030273 2.3299e-15
2363.578613 2.2671e-15
2365.126709 2.2567e-15
2366.675049 2.3547e-15
2368.223389 2.1814e-15
2369.771729 2.1909e-15
2371.319824 2.1809e-15
2372.868164 2.2169e-15
2374.416504 2.3041e-15
2375.964844 2.1931e-15
2377.513184 2.1329e-15
2379.061523 2.2396e-15
2380.609863 2.2214e-15
2382.158203 2.2314e-15
2383.706543 2.1584e-15
2385.254883 2.4314e-15
2386.803223 2.2902e-15
2388.351562 2.1463e-15
2389.900146 2.2351e-15
2391.448486 2.2162e-15
2392.996826 2.3491e-15
2394.54541 2.271e-15
2396.09375 2.277e-15
2397.64209 2.2881e-15
2399.190674 2.2134e-15
2400.739014 2.2684e-15
2402.287598 2.2417e-15
2403.836182 2.1713e-15
2405.384521 2.2192e-15
2406.933105 2.2372e-15
2408.481445 2.1947e-15
2410.030029 2.1859e-15
2411.578613 2.1127e-15
2413.127197 2.2942e-15
2414.675781 2.343e-15
2416.224121 2.2627e-15
2417.772705 2.1891e-15
2419.321289 2.1751e-15
2420.869873 2.2513e-15
2422.418457 2.0512e-15
2423.967041 2.1692e-15
2425.515625 2.1467e-15
2427.064453 2.2738e-15
2428.613037 2.2135e-15
2430.161621 2.1468e-15
2431.710205 2.0225e-15
2433.258789 2.1171e-15
2434.807617 2.0926e-15
2436.356201 2.1766e-15
2437.905029 2.1576e-15
2439.453613 2.1627e-15
2441.002197 2.1641e-15
2442.551025 2.2167e-15
2444.099609 2.0716e-15
2445.648438 2.1536e-15
2447.197266 2.1662e-15
2448.74585 2.0251e-15
2450.294678 2.1547e-15
2451.843506 2.1928e-15
2453.392334 2.0967e-15
2454.940918 2.1565e-15
2456.489746 2.1001e-15
2458.038574 2.1582e-15
2459.587402 2.0715e-15
2461.13623 2.1035e-15
2462.685059 2.0453e-15
2464.233887 2.1271e-15
2465.782715 2.2254e-15
2467.331543 2.1316e-15
2468.880371 2.1584e-15
2470.429199 2.1676e-15
2471.978271 2.0793e-15
2473.5271 2.0848e-15
2475.075928 2.0575e-15
2476.624756 1.9982e-15
2478.173828 2.0936e-15
2479.722656 2.1333e-15
2481.271729 2.0192e-15
2482.820557 2.052e-15
2484.369629 2.1682e-15
2485.918457 2.2053e-15
2487.467529 2.0671e-15
2489.016357 1.9695e-15
2490.56543 2.0393e-15
2492.114502 2.0072e-15
2493.66333 1.9769e-15
2495.212402 2.1601e-15
2496.761475 2.1034e-15
2498.310547 1.9783e-15
2499.859619 2.0185e-15
2501.408691 2.0282e-15
2502.957764 2.0781e-15
2504.506836 2.0676e-15
2506.055908 1.9412e-15
2507.60498 1.9769e-15
2509.154053 1.9562e-15
2510.703125 2.002e-15
2512.252197 1.8712e-15
2513.80127 2.0063e-15
2515.350586 1.9433e-15
2516.899658 1.9987e-15
2518.44873 1.8958e-15
2519.998047 2.024e-15
2521.547119 2.0006e-15
2523.096191 1.9871e-15
2524.645508 1.9412e-15
2526.19458 1.934e-15
2527.743896 1.9399e-15
2529.292969 1.9256e-15
2530.842285 1.991e-15
2532.391602 1.9696e-15
2533.940674 1.9923e-15
2535.48999 1.9591e-15
2537.039307 2.0739e-15
2538.588623 1.9778e-15
2540.137939 1.943e-15
2541.687256 1.9057e-15
2543.236328 1.9707e-15
2544.785645 1.9863e-15
2546.334961 1.99e-15
2547.884277 1.9711e-15
2549.433838 1.9016e-15
2550.983154 1.9426e-15
2552.532471 2.0387e-15
2554.081787 1.8971e-15
2555.631104 1.9403e-15
2557.18042 1.9463e-15
2558.72998 1.9822e-15
2560.279297 1.8481e-15
2561.828613 1.9259e-15
2563.378174 1.9226e-15
2564.92749 1.8436e-15
2566.477051 1.8879e-15
2568.026367 1.9147e-15
2569.575928 1.9547e-15
2571.125244 1.8431e-15
2572.674805 1.8416e-15
2574.224365 1.8959e-15
2575.773682 1.9095e-15
2577.323242 1.9214e-15
2578.872803 1.8749e-15
2580.422363 1.9138e-15
2581.971924 2.0277e-15
2583.52124 1.9515e-15
2585.070801 1.7954e-15
2586.620361 1.8592e-15
2588.169922 2.0339e-15
2589.719482 1.8497e-15
2591.269287 1.9643e-15
2592.818848 1.9399e-15
2594.368408 1.9427e-15
2595.917969 2.0207e-15
2597.467529 1.8414e-15
2599.01709 1.7773e-15
2600.566895 1.8429e-15
2602.116455 1.8145e-15
2603.666016 1.7627e-15
2605.21582 1.9057e-15
2606.765381 1.8734e-15
2608.315186 1.8221e-15
2609.864746 1.7384e-15
2611.414551 1.7573e-15
2612.964355 1.9169e-15
2614.513916 1.9974e-15
2616.063721 1.8863e-15
2617.613525 1.7764e-15
2619.163086 1.7994e-15
2620.712891 1.8305e-15
2622.262695 1.8016e-15
2623.8125 1.8662e-15
2625.362305 1.8043e-15
2626.912109 1.9008e-15
2628.461914 1.7562e-15
2630.011719 1.7638e-15
2631.561523 1.7623e-15
2633.111328 1.7954e-15
2634.661133 1.8762e-15
2636.210938 1.8017e-15
2637.760742 1.8475e-15
2639.310547 1.8409e-15
2640.860596 1.8703e-15
2642.4104 1.8921e-15
2643.960205 1.8583e-15
2645.510254 1.7875e-15
2647.060059 1.8573e-15
2648.610107 1.8936e-15
2650.159912 1.7076e-15
2651.709961 1.7824e-15
2653.259766 1.8431e-15
2654.809814 1.8172e-15
2656.359619 1.7637e-15
2657.909668 1.768e-15
2659.459717 1.8069e-15
2661.009766 1.8097e-15
2662.55957 1.886e-15
2664.109619 1.8647e-15
2665.659668 1.7216e-15
2667.209717 1.7238e-15
2668.759766 1.7917e-15
2670.309814 1.6713e-15
2671.859863 1.8132e-15
2673.409912 1.7631e-15
2674.959961 1.6856e-15
2676.51001 1.6377e-15
2678.060059 1.816e-15
2679.610352 1.8196e-15
2681.1604 1.7993e-15
2682.710449 1.8177e-15
2684.260498 1.6744e-15
2685.810791 1.721e-15
2687.36084 1.6879e-15
2688.911133 1.7919e-15
2690.461182 1.6798e-15
2692.01123 1.739e-15
2693.561523 1.763e-15
2695.111816 1.7824e-15
2696.661865 1.7319e-15
2698.212158 1.7505e-15
2699.762451 1.8052e-15
2701.3125 1.7746e-15
2702.862793 1.589e-15
2704.413086 1.7753e-15
2705.963379 1.7282e-15
2707.513672 1.6568e-15
2709.063721 1.598e-15
2710.614014 1.7147e-15
2712.164307 1.688e-15
2713.7146 1.73e-15
2715.264893 1.7147e-15
2716.81543 1.7278e-15
2718.365723 1.7424e-15
2719.916016 1.6793e-15
2721.466309 1.7297e-15
2723.016602 1.6535e-15
2724.567139 1.684e-15
2726.117432 1.8256e-15
2727.667725 1.7407e-15
2729.218262 1.5696e-15
2730.768555 1.6545e-15
2732.319092 1.7186e-15
2733.869385 1.7347e-15
2735.419922 1.6723e-15
2736.970215 1.5881e-15
2738.520752 1.6304e-15
2740.071289 1.6004e-15
2741.621582 1.7295e-15
2743.172119 1.6859e-15
2744.722656 1.5678e-15
2746.273193 1.6674e-15
2747.823486 1.6758e-15
2749.374023 1.7314e-15
2750.924561 1.6849e-15
2752.475098 1.6485e-15
2754.025635 1.624e-15
2755.576172 1.6851e-15
2757.126709 1.6188e-15
2758.677246 1.6757e-15
2760.227783 1.5908e-15
2761.778564 1.6698e-15
2763.329102 1.5896e-15
2764.879639 1.5688e-15
2766.430176 1.5789e-15
2767.980957 1.6372e-15
2769.531494 1.5823e-15
2771.082275 1.6067e-15
2772.632812 1.6627e-15
2774.18335 1.6607e-15
2775.734131 1.6132e-15
2777.284912 1.6477e-15
2778.835449 1.6705e-15
2780.38623 1.5502e-15
2781.936768 1.5298e-15
2783.487549 1.5663e-15
2785.03833 1.6761e-15
2786.589111 1.6845e-15
2788.139648 1.6331e-15
2789.69043 1.6283e-15
2791.241211 1.636e-15
2792.791992 1.6538e-15
2794.342773 1.5852e-15
2795.893555 1.5124e-15
2797.444336 1.5346e-15
2798.995117 1.4975e-15
2800.545898 1.5381e-15
2802.09668 1.5557e-15
2803.647705 1.5959e-15
2805.198486 1.5362e-15
2806.749268 1.5798e-15
2808.300049 1.5242e-15
2809.851074 1.7174e-15
2811.401855 1.6251e-15
2812.952881 1.6226e-15
2814.503662 1.6582e-15
2816.054688 1.5882e-15
2817.605469 1.5975e-15
2819.156494 1.605e-15
2820.707275 1.6214e-15
2822.258301 1.6064e-15
2823.809326 1.5486e-15
2825.360107 1.5168e-15
2826.911133 1.5122e-15
2828.462158 1.5071e-15
2830.013184 1.5102e-15
2831.563965 1.5344e-15
2833.11499 1.563e-15
2834.666016 1.5157e-15
2836.217041 1.5782e-15
2837.768066 1.5294e-15
2839.319092 1.6173e-15
2840.870117 1.5441e-15
2842.421387 1.6071e-15
2843.972412 1.521e-15
2845.523438 1.4747e-15
2847.074463 1.4749e-15
2848.625488 1.5679e-15
2850.176758 1.6033e-15
2851.727783 1.6017e-15
2853.278809 1.5393e-15
2854.830078 1.5119e-15
2856.381104 1.5154e-15
2857.932373 1.5142e-15
2859.483398 1.6156e-15
2861.034668 1.4945e-15
2862.585938 1.5259e-15
2864.136963 1.5185e-15
2865.688232 1.5337e-15
2867.239502 1.5594e-15
2868.790527 1.4968e-15
2870.341797 1.5098e-15
2871.893066 1.5828e-15
2873.444336 1.5551e-15
2874.995605 1.4246e-15
2876.546875 1.4538e-15
2878.098145 1.5849e-15
2879.649414 1.5171e-15
2881.200684 1.5136e-15
2882.751953 1.4185e-15
2884.303223 1.4529e-15
2885.854492 1.4439e-15
2887.405762 1.4877e-15
2888.957275 1.4486e-15
2890.508545 1.5548e-15
2892.059814 1.491e-15
2893.611328 1.5302e-15
2895.162598 1.4566e-15
2896.713867 1.4693e-15
2898.265381 1.453e-15
2899.81665 1.4674e-15
2901.368164 1.5715e-15
2902.919434 1.5715e-15
2904.470947 1.483e-15
2906.022461 1.4865e-15
2907.57373 1.541e-15
2909.125244 1.5479e-15
2910.676758 1.3587e-15
2912.228271 1.4208e-15
2913.779785 1.4669e-15
2915.331055 1.4928e-15
2916.882568 1.4483e-15
2918.434082 1.5946e-15
2919.985596 1.3718e-15
2921.537109 1.447e-15
2923.088623 1.4833e-15
2924.640381 1.5267e-15
2926.191895 1.5063e-15
2927.743408 1.4546e-15
2929.294922 1.4776e-15
2930.846436 1.3638e-15
2932.398193 1.4313e-15
2933.949707 1.4441e-15
2935.501221 1.3818e-15
2937.052979 1.3941e-15
2938.604492 1.4478e-15
2940.15625 1.514e-15
2941.707764 1.4981e-15
2943.259521 1.5216e-15
2944.811035 1.4046e-15
2946.362793 1.5066e-15
2947.914551 1.4845e-15
2949.466064 1.389e-15
2951.017822 1.406e-15
2952.56958 1.4724e-15
2954.121338 1.4614e-15
2955.672852 1.5058e-15
2957.224609 1.4711e-15
2958.776367 1.4077e-15
2960.328125 1.4241e-15
2961.879883 1.5066e-15
2963.431641 1.4919e-15
2964.983398 1.4719e-15
2966.5354 1.4347e-15
2968.087158 1.3236e-15
2969.638916 1.4019e-15
2971.190674 1.2857e-15
2972.742432 1.3088e-15
2974.294434 1.4696e-15
2975.846191 1.439e-15
2977.397949 1.5129e-15
2978.949951 1.3759e-15
2980.501709 1.4871e-15
2982.053711 1.4342e-15
2983.605469 1.366e-15
2985.157471 1.4828e-15
2986.709229 1.4229e-15
2988.26123 1.4263e-15
2989.813232 1.3799e-15
2991.36499 1.3729e-15
2992.916992 1.468e-15
2994.468994 1.3657e-15
2996.020996 1.3806e-15
2997.572998 1.5088e-15
2999.125 1.4245e-15
3000.677002 1.4882e-15
3002.22876 1.4336e-15
3003.780762 1.3612e-15
3005.333008 1.3684e-15
3006.88501 1.4661e-15
3008.437012 1.2148e-15
3009.989014 1.2887e-15
3011.541016 1.3221e-15
3013.093018 1.3652e-15
3014.645264 1.3247e-15
3016.197266 1.333e-15
3017.749268 1.484e-15
3019.301514 1.4543e-15
3020.853516 1.456e-15
3022.405762 1.4122e-15
3023.957764 1.3002e-15
3025.51001 1.4562e-15
3027.062012 1.3736e-15
3028.614258 1.334e-15
3030.16626 1.3657e-15
3031.718506 1.2415e-15
3033.270752 1.4189e-15
3034.822998 1.3416e-15
3036.375 1.3942e-15
3037.927246 1.4084e-15
3039.479492 1.2888e-15
3041.031738 1.3469e-15
3042.583984 1.3345e-15
3044.13623 1.2688e-15
3045.688477 1.2173e-15
3047.240723 1.2975e-15
3048.792969 1.3788e-15
3050.345215 1.3671e-15
3051.897461 1.3503e-15
3053.449951 1.3281e-15
3055.002197 1.3535e-15
3056.554443 1.3919e-15
3058.106934 1.252e-15
3059.65918 1.2217e-15
3061.211426 1.2319e-15
3062.763916 1.283e-15
3064.316162 1.279e-15
3065.868652 1.2666e-15
3067.420898 1.3334e-15
3068.973389 1.3626e-15
3070.525635 1.2551e-15
3072.078125 1.183e-15
3073.630615 1.2956e-15
3075.183105 1.326e-15
3076.735352 1.2226e-15
3078.287842 1.4233e-15
3079.840332 1.3352e-15
3081.392822 1.3562e-15
3082.945312 1.3286e-15
3084.497803 1.4856e-15
3086.050293 1.3603e-15
3087.602783 1.2864e-15
3089.155273 1.3628e-15
3090.707764 1.2788e-15
3092.260254 1.3515e-15
3093.812744 1.3622e-15
3095.365479 1.4581e-15
3096.917969 1.5121e-15
3098.470459 1.3118e-15
3100.022949 1.274e-15
3101.575684 1.2001e-15
3103.128174 1.2825e-15
3104.680908 1.2941e-15
3106.233398 1.4786e-15
3107.786133 1.5138e-15
3109.338623 1.343e-15
3110.891357 1.3426e-15
3112.444092 1.3669e-15
3113.996582 1.3196e-15
3115.549316 1.1711e-15
3117.102051 1.3794e-15
3118.654541 1.4107e-15
3120.207275 1.4784e-15
3121.76001 1.2523e-15
3123.312744 1.2658e-15
3124.865479 1.2628e-15
3126.418213 1.3888e-15
3127.970947 1.2863e-15
3129.523682 1.4134e-15
3131.076416 1.2471e-15
3132.62915 1.1084e-15
3134.181885 1.1623e-15
3135.734863 1.3331e-15
3137.287598 1.3892e-15
3138.840332 1.3103e-15
3140.393066 1.354e-15
3141.946045 1.1795e-15
3143.498779 1.2879e-15
3145.051758 1.332e-15
3146.604492 1.3269e-15
3148.157227 1.1912e-15
3149.710205 1.5919e-15
3151.487549 1.0421e-15
3154.234131 1.048e-15
3156.980957 1.076e-15
3159.727783 1.2584e-15
3162.474854 9.957e-16
3165.22168 1.0972e-15
3167.968506 1.0963e-15
3170.715332 1.106e-15
3173.462402 1.162e-15
3176.209229 1.5925e-15
3178.956299 1.4841e-15
3181.703125 1.4114e-15
3184.450195 1.1298e-15
3187.197021 1.5753e-15
3189.944092 1.213e-15
3192.691162 1.1666e-15
3195.438232 1.2904e-15
3198.185303 1.2971e-15
3200.932373 1.5472e-15
3203.679443 9.2768e-16
3206.426514 9.9329e-16
3209.173584 1.3187e-15
3211.920654 1.0389e-15
3214.667969 9.3635e-16
3217.415039 1.4934e-15
3220.162354 1.2757e-15
3222.909424 1.3157e-15
3225.656738 1.2891e-15
3228.403809 1.4717e-15
3231.151123 1.2311e-15
3233.898438 1.2874e-15
3236.645752 9.3553e-16
3239.392822 1.4159e-15
3242.140137 1.5382e-15
3244.887451 1.1285e-15
3247.634766 1.0665e-15
3250.382324 1.3209e-15
3253.129639 9.7943e-16
3255.876953 1.037e-15
3258.624268 1.174e-15
3261.371826 1.1088e-15
3264.119141 9.7357e-16
3266.866455 1.2339e-15
3269.614014 1.3724e-15
3272.361328 1.2265e-15
3275.108887 1.2542e-15
3277.856445 9.7507e-16
3280.60376 1.1495e-15
3283.351318 1.4875e-15
3286.098877 1.2937e-15
3288.846436 7.6278e-16
3291.593994 9.5551e-16
3294.341553 1.0435e-15
3297.089111 9.2232e-16
3299.83667 8.8981e-16
3302.584229 8.9174e-16
3305.332031 9.8418e-16
3308.07959 7.446e-16
3310.827148 8.2953e-16
3313.574951 1.193e-15
3316.32251 1.1517e-15
3319.070068 9.0569e-16
3321.817871 1.0808e-15
3324.565674 9.6409e-16
3327.313232 1.2726e-15
3330.061035 1.0579e-15
3332.808838 1.4392e-15
3335.556396 1.3847e-15
3338.304199 7.6212e-16
3341.052002 1.0289e-15
3343.799805 1.1135e-15
3346.547607 1.3292e-15
3349.29541 1.3528e-15
3352.043213 1.4035e-15
3354.791016 1.2274e-15
3357.539062 9.3056e-16
3360.286865 1.1511e-15
3363.034668 1.1469e-15
3365.782471 1.0943e-15
3368.530518 7.898e-16
3371.27832 9.263e-16
3374.026367 1.1771e-15
3376.77417 1.2365e-15
3379.522217 9.8084e-16
3382.27002 1.1507e-15
3385.018066 1.0673e-15
3387.766113 1.1997e-15
3390.51416 1.5056e-15
3393.261963 1.4589e-15
3396.01001 1.4596e-15
3398.758057 1.3667e-15
3401.506104 9.7246e-16
3404.25415 1.1775e-15
3407.002197 1.199e-15
3409.750244 1.1985e-15
3412.498291 1.2987e-15
3415.246338 1.1964e-15
3417.994629 1.0799e-15
3420.742676 7.595e-16
3423.490723 8.2929e-16
3426.23877 1.5176e-15
3428.987061 1.3645e-15
3431.735107 1.1282e-15
3434.483398 1.2489e-15
3437.231445 1.2799e-15
3439.979736 1.1976e-15
3442.727783 1.021e-15
3445.476074 1.0974e-15
3448.224121 1.3188e-15
3450.972412 8.7305e-16
3453.720703 8.4908e-16
3456.46875 1.1681e-15
3459.217041 9.8188e-16
3461.965332 5.5238e-16
3464.713623 9.1498e-16
3467.461914 1.0839e-15
3470.210205 7.9367e-16
3472.958496 7.7249e-16
3475.706787 1.0273e-15
3478.455078 1.0735e-15
3481.203369 9.8188e-16
3483.95166 7.8421e-16
3486.699951 1.3004e-15
3489.448486 1.0144e-15
3492.196777 9.9328e-16
3494.945068 8.1006e-16
3497.693359 9.743e-16
3500.441895 1.3443e-15
3503.190186 8.1676e-16
3505.938477 1.1e-15
3508.687012 1.2422e-15
3511.435303 1.0508e-15
3514.183838 8.2084e-16
3516.932129 7.9255e-16
3519.680664 8.2246e-16
3522.429199 9.2323e-16
3525.17749 8.1318e-16
3527.926025 9.9919e-16
3530.674561 1.0849e-15
3533.422852 9.6945e-16
3536.171387 8.6938e-16
3538.919922 1.0703e-15
3541.668457 7.6774e-16
3544.416992 6.206e-16
3547.165527 9.7692e-16
3549.914062 9.343e-16
3552.662354 8.4558e-16
3555.410889 8.4361e-16
3558.159424 8.3877e-16
3560.908203 8.7225e-16
3563.656738 9.5293e-16
3566.405273 8.5828e-16
3569.153809 9.3655e-16
3571.902344 1.0654e-15
3574.650879 7.7019e-16
3577.399414 1.1434e-15
3580.148193 1.3527e-15
3582.896729 1.1282e-15
3585.645264 8.5363e-16
3588.393799 9.4266e-16
3591.142578 1.0399e-15
3593.891113 8.3944e-16
3596.639893 7.0612e-16
3599.388428 8.9367e-16
3602.136963 9.5471e-16
3604.885742 8.8294e-16
3607.634277 1.1081e-15
3610.383057 1.0259e-15
3613.131592 7.9093e-16
3615.880371 6.5898e-16
3618.62915 7.3131e-16
3621.377686 8.5962e-16
3624.126465 8.8878e-16
3626.875244 7.2306e-16
3629.623779 1.0388e-15
3632.372559 1.0008e-15
3635.121338 9.8177e-16
3637.869873 6.4332e-16
3640.618652 8.8964e-16
3643.367432 1.1395e-15
3646.116211 8.1308e-16
3648.86499 9.7052e-16
3651.613525 1.1397e-15
3654.362305 9.6826e-16
3657.111084 8.5535e-16
3659.859863 8.3257e-16
3662.608643 1.1624e-15
3665.357422 1.0755e-15
3668.106201 8.2054e-16
3670.85498 8.8711e-16
3673.60376 1.1596e-15
3676.352539 8.3257e-16
3679.101318 7.7245e-16
3681.850098 7.8532e-16
3684.598877 1.0585e-15
3687.347656 8.9286e-16
3690.096436 7.9769e-16
3692.845215 1.0116e-15
3695.594238 1.0545e-15
3698.343018 9.3548e-16
3701.091797 8.7254e-16
3703.840576 8.1379e-16
3706.589355 9.8042e-16
3709.338135 6.1959e-16
3712.087158 8.0837e-16
3714.835938 8.1977e-16
3717.584717 7.2263e-16
3720.333496 9.7571e-16
3723.08252 9.5635e-16
3725.831299 9.6004e-16
3728.580078 9.4241e-16
3731.329102 8.9933e-16
3734.077881 9.1136e-16
3736.82666 9.2292e-16
3739.575684 9.0561e-16
3742.324463 7.1318e-16
3745.073242 9.1552e-16
3747.822266 8.4334e-16
3750.571045 9.9014e-16
3753.320068 1.0878e-15
3756.068848 1.0981e-15
3758.817627 8.3669e-16
3761.56665 7.5257e-16
3764.31543 6.6534e-16
3767.064453 7.4058e-16
3769.813232 6.9566e-16
3772.562256 7.5353e-16
3775.311035 7.2464e-16
3778.060059 8.5377e-16
3780.808838 7.3301e-16
3783.557861 9.4246e-16
3786.306641 1.2545e-15
3789.055664 9.2245e-16
3791.804443 7.4803e-16
3794.553467 8.3879e-16
3797.302246 9.4164e-16
3800.05127 7.1066e-16
3802.800293 9.1266e-16
3805.549072 1.0635e-15
3808.298096 9.2172e-16
3811.046875 8.705e-16
3813.795898 7.3781e-16
3816.544678 1.11e-15
3819.293701 9.5367e-16
3822.042725 6.9058e-16
3824.791504 8.3945e-16
3827.540527 8.2931e-16
3830.289307 7.6064e-16
3833.03833 7.0536e-16
3835.787109 8.3773e-16
3838.536133 8.9514e-16
3841.285156 8.2767e-16
3844.033936 7.1844e-16
3846.782959 7.5726e-16
3849.531982 9.2982e-16
3852.280762 9.6392e-16
3855.029785 8.1187e-16
3857.778564 9.7644e-16
3860.527588 9.8217e-16
3863.276611 7.3857e-16
3866.025391 7.2551e-16
3868.774414 8.8228e-16
3871.523193 8.9984e-16
3874.272217 8.0351e-16
3877.02124 8.7945e-16
3879.77002 7.6156e-16
3882.519043 7.0993e-16
3885.267822 7.4576e-16
3888.016846 8.6434e-16
3890.765869 9.2996e-16
3893.514648 6.1811e-16
3896.263672 5.9531e-16
3899.012451 8.4395e-16
3901.761475 7.7304e-16
3904.510498 6.6691e-16
3907.259277 7.2146e-16
3910.008301 9.1007e-16
3912.75708 7.1868e-16
3915.506104 7.3299e-16
3918.254883 9.0969e-16
3921.003906 8.6789e-16
3923.752686 8.9691e-16
3926.501709 9.4789e-16
3929.250732 9.4649e-16
3931.999512 9.9373e-16
3934.748535 9.6893e-16
3937.497314 8.4991e-16
3940.246338 1.0196e-15
3942.995117 9.6501e-16
3945.744141 8.1413e-16
3948.49292 7.056e-16
3951.241943 9.284e-16
3953.990723 8.8951e-16
3956.739502 7.3954e-16
3959.488525 7.7167e-16
3962.237305 7.6534e-16
3964.986328 7.9175e-16
3967.735107 6.6685e-16
3970.484131 5.4153e-16
3973.23291 6.2458e-16
3975.981689 6.9769e-16
3978.730713 6.6097e-16
3981.479492 5.6021e-16
3984.228271 7.9639e-16
3986.977295 1.0388e-15
3989.726074 8.6654e-16
3992.474854 8.3342e-16
3995.223877 8.0305e-16
3997.972656 7.1992e-16
4000.721436 8.5986e-16
4003.470215 8.8559e-16
4006.219238 9.1977e-16
4008.968018 8.8467e-16
4011.716797 1.1099e-15
4014.465576 1.0998e-15
4017.214355 8.6452e-16
4019.963379 8.5222e-16
4022.712158 1.085e-15
4025.460938 9.7957e-16
4028.209717 1.017e-15
4030.958496 1.0147e-15
4033.707275 1.0502e-15
4036.456055 1.035e-15
4039.204834 9.8805e-16
4041.953613 1.1217e-15
4044.702393 1.1349e-15
4047.451172 1.0798e-15
4050.199951 1.0116e-15
4052.94873 9.5426e-16
4055.69751 1.025e-15
4058.446289 1.0086e-15
4061.195068 9.6794e-16
4063.943848 9.4776e-16
4066.692627 9.0942e-16
4069.441406 8.3743e-16
4072.190186 9.7232e-16
4074.938721 1.0161e-15
4077.6875 9.7116e-16
4080.436279 8.3917e-16
4083.185059 8.0066e-16
4085.933594 7.339e-16
4088.682373 7.5965e-16
4091.431152 6.9171e-16
4094.179688 7.3129e-16
4096.928711 6.1934e-16
4099.677246 5.5065e-16
4102.425781 4.7998e-16
4105.174316 4.8504e-16
4107.92334 5.359e-16
4110.671875 4.1649e-16
4113.42041 4.6087e-16
4116.168945 6.4814e-16
4118.917969 7.3919e-16
4121.666504 7.3046e-16
4124.415039 7.8554e-16
4127.163574 7.4025e-16
4129.912109 6.7274e-16
4132.661133 7.2374e-16
4135.409668 8.1305e-16
4138.158203 8.2949e-16
4140.906738 8.4753e-16
4143.655273 9.1252e-16
4146.403809 9.8424e-16
4149.152344 1.004e-15
4151.900879 8.6797e-16
4154.649414 9.9923e-16
4157.397949 1.0033e-15
4160.146484 1.1038e-15
4162.89502 9.7193e-16
4165.643555 9.6477e-16
4168.39209 1.0656e-15
4171.140625 1.0967e-15
4173.88916 1.0289e-15
4176.637695 1.2053e-15
4179.38623 1.2541e-15
4182.134766 1.0465e-15
4184.883301 9.3109e-16
4187.631836 1.1817e-15
4190.380371 1.0161e-15
4193.128906 1.0061e-15
4195.876953 1.096e-15
4198.625488 1.1859e-15
4201.374023 1.1024e-15
4204.122559 1.07e-15
4206.870605 1.1988e-15
4209.619141 1.2318e-15
4212.367676 1.0824e-15
4215.116211 1.0162e-15
4217.864258 1.1642e-15
4220.612793 1.1605e-15
4223.361328 1.102e-15
4226.109375 1.0685e-15
4228.85791 1.1568e-15
4231.605957 1.0711e-15
4234.354492 1.0327e-15
4237.103027 1.0411e-15
4239.851074 1.1793e-15
4242.599609 1.1943e-15
4245.347656 1.0475e-15
4248.096191 1.1696e-15
4250.844238 1.1592e-15
4253.592773 1.0757e-15
4256.34082 9.6915e-16
4259.089355 1.0821e-15
4261.837402 1.1574e-15
4264.585449 1.1359e-15
4267.333984 9.9888e-16
4270.082031 1.0197e-15
4272.830078 1.0456e-15
4275.578613 1.0758e-15
4278.32666 9.4037e-16
4281.074707 1.0537e-15
4283.822754 1.0031e-15
4286.571289 9.868e-16
4289.319336 1.0634e-15
4292.067383 9.3875e-16
4294.81543 8.9401e-16
4297.563477 7.9256e-16
4300.311523 8.1002e-16
4303.05957 8.7145e-16
4305.808105 8.025e-16
4308.556152 7.565e-16
4311.304199 8.2783e-16
4314.052246 7.6181e-16
4316.800293 6.7409e-16
4319.54834 6.4775e-16
4322.296387 8.4655e-16
4325.043945 7.0192e-16
4327.791992 5.7684e-16
4330.540039 5.6812e-16
4333.288086 5.0333e-16
4336.036133 4.4244e-16
4338.78418 4.6939e-16
4341.532227 4.655e-16
4344.279785 4.7698e-16
4347.027832 4.754e-16
4349.775879 3.8131e-16
4352.523438 3.5646e-16
4355.271484 5.261e-16
4358.019531 5.2613e-16
4360.76709 5.7357e-16
4363.515137 7.026e-16
4366.262695 6.1084e-16
4369.010742 6.8605e-16
4371.758789 7.5922e-16
4374.506348 7.5548e-16
4377.254395 6.6e-16
4380.001953 7.2481e-16
4382.749512 8.7901e-16
4385.497559 8.288e-16
4388.245117 8.2094e-16
4390.993164 8.4002e-16
4393.740723 8.9295e-16
4396.488281 9.0756e-16
4399.23584 9.2779e-16
4401.983887 9.4713e-16
4404.731445 1.023e-15
4407.479004 9.8158e-16
4410.226562 9.2832e-16
4412.974121 1.054e-15
4415.72168 1.0719e-15
4418.469727 9.5684e-16
4421.217285 1.0353e-15
4423.964844 9.1444e-16
4426.712402 9.2179e-16
4429.459961 9.5494e-16
4432.20752 1.0633e-15
4434.95459 1.0253e-15
4437.702148 1.0282e-15
4440.449707 9.7033e-16
4443.197266 9.955e-16
4445.944824 9.6681e-16
4448.692383 9.9028e-16
4451.439453 9.3048e-16
4454.187012 8.8662e-16
4456.93457 1.0308e-15
4459.682129 1.1018e-15
4462.429199 9.999e-16
4465.176758 9.6645e-16
4467.923828 1.0666e-15
4470.671387 9.7294e-16
4473.418457 9.3302e-16
4476.166016 1.0786e-15
4478.913086 1.1134e-15
4481.660645 8.7833e-16
4484.407715 9.1948e-16
4487.155273 1.0904e-15
4489.902344 1.0844e-15
4492.649414 7.9091e-16
4495.396973 8.8966e-16
4498.144043 1.022e-15
4500.891113 9.8775e-16
4503.638184 9.6006e-16
4506.385254 1.0324e-15
4509.132812 9.8009e-16
4511.879883 9.0771e-16
4514.626953 9.5947e-16
4517.374023 1.1282e-15
4520.121094 1.0212e-15
4522.868164 9.3509e-16
4525.615234 9.9513e-16
4528.362305 9.8267e-16
4531.108887 9.2122e-16
4533.855957 9.5229e-16
4536.603027 9.6988e-16
4539.350098 1.0295e-15
4542.097168 1.0193e-15
4544.84375 1.0542e-15
4547.59082 1.0519e-15
4550.337891 1.0491e-15
4553.084473 1.0409e-15
4555.831543 1.0552e-15
4558.578125 9.7733e-16
4561.325195 9.862e-16
4564.071777 8.9973e-16
4566.818848 8.537e-16
4569.56543 9.9348e-16
4572.3125 1.0094e-15
4575.059082 9.584e-16
4577.805664 1.0039e-15
4580.552734 1.0086e-15
4583.299316 8.4892e-16
4586.045898 8.9482e-16
4588.79248 9.737e-16
4591.539062 9.8161e-16
4594.285645 9.4917e-16
4597.032227 9.0514e-16
4599.779297 9.8166e-16
4602.525879 8.8045e-16
4605.271973 9.1762e-16
4608.018555 9.1496e-16
4610.765137 1.0426e-15
4613.511719 9.6462e-16
4616.258301 8.4037e-16
4619.004883 1.0066e-15
4621.750977 9.8892e-16
4624.497559 9.3261e-16
4627.244141 9.2836e-16
4629.990234 9.0605e-16
4632.736816 9.487e-16
4635.483398 9.1285e-16
4638.229492 9.6838e-16
4640.976074 9.9673e-16
4643.722168 9.662e-16
4646.46875 8.4421e-16
4649.214844 7.999e-16
4651.960938 8.589e-16
4654.70752 8.9945e-16
4657.453613 8.3494e-16
4660.199707 9.5952e-16
4662.945801 1.03e-15
4665.691895 1.0071e-15
4668.437988 9.0034e-16
4671.184082 9.7345e-16
4673.930664 1.0724e-15
4676.67627 9.5277e-16
4679.422363 8.5888e-16
4682.168457 9.7113e-16
4684.914551 8.7263e-16
4687.660645 8.9639e-16
4690.406738 8.1867e-16
4693.152832 7.5817e-16
4695.898438 8.3133e-16
4698.644531 8.1129e-16
4701.390625 1.0149e-15
4704.13623 8.2019e-16
4706.882324 8.8441e-16
4709.62793 7.9941e-16
4712.374023 8.3853e-16
4715.119629 1.0023e-15
4717.865723 7.9141e-16
4720.611328 8.1115e-16
4723.356934 9.1606e-16
4726.102539 8.4868e-16
4728.848633 7.9973e-16
4731.594238 7.4741e-16
4734.339844 9.2095e-16
4737.085449 9.1265e-16
4739.831055 7.0205e-16
4742.57666 9.1676e-16
4745.322266 9.0909e-16
4748.067871 9.2465e-16
4750.813477 8.2325e-16
4753.559082 7.5804e-16
4756.304688 8.3001e-16
4759.049805 7.4161e-16
4761.79541 6.5989e-16
4764.541016 7.2083e-16
4767.286133 8.0512e-16
4770.031738 8.0308e-16
4772.776855 7.0466e-16
4775.522461 8.1953e-16
4778.267578 7.5436e-16
4781.013184 6.5758e-16
4783.758301 6.8895e-16
4786.503418 7.4892e-16
4789.249023 7.3086e-16
4791.994141 6.7089e-16
4794.739258 6.9371e-16
4797.484375 8.5147e-16
4800.229492 7.4773e-16
4802.974609 7.0705e-16
4805.719727 7.0922e-16
4808.464844 7.4389e-16
4811.209961 5.4048e-16
4813.955078 5.9129e-16
4816.700195 6.9437e-16
4819.445312 6.8104e-16
4822.19043 6.498e-16
4824.935059 6.2492e-16
4827.680176 6.062e-16
4830.424805 6.562e-16
4833.169922 4.7883e-16
4835.914551 5.1645e-16
4838.659668 6.0074e-16
4841.404297 5.2164e-16
4844.149414 5.4238e-16
4846.894043 5.0048e-16
4849.638672 4.5472e-16
4852.383301 4.1125e-16
4855.128418 3.4328e-16
4857.873047 4.6747e-16
4860.617676 4.8406e-16
4863.362305 4.213e-16
4866.106934 3.0402e-16
4868.851562 2.3172e-16
4871.596191 3.3534e-16
4874.340332 3.9603e-16
4877.084961 4.7366e-16
4879.82959 4.8636e-16
4882.574219 3.3572e-16
4885.318359 4.3994e-16
4888.062988 5.1536e-16
4890.807129 5.646e-16
4893.551758 5.56e-16
4896.295898 6.0037e-16
4899.040527 5.7517e-16
4901.784668 5.8332e-16
4904.528809 5.7293e-16
4907.273438 6.6833e-16
4910.017578 5.6062e-16
4912.761719 5.6898e-16
4915.505859 6.8191e-16
4918.25 7.3224e-16
4920.994141 6.7624e-16
4923.738281 6.0849e-16
4926.482422 5.9943e-16
4929.226562 7.2467e-16
4931.970703 6.6346e-16
4934.714355 6.5399e-16
4937.458496 7.6645e-16
4940.202637 8.7104e-16
4942.946289 6.7546e-16
4945.69043 6.2612e-16
4948.434082 5.8545e-16
4951.178223 8.3316e-16
4953.921875 7.7389e-16
4956.665527 6.601e-16
4959.409668 7.3404e-16
4962.15332 7.5825e-16
4964.896973 6.6679e-16
4967.640625 6.2801e-16
4970.384277 7.1681e-16
4973.12793 6.6462e-16
4975.871582 6.5123e-16
4978.615234 6.7488e-16
4981.358887 8.835e-16
4984.102539 7.6824e-16
4986.845703 6.428e-16
4989.589355 6.6541e-16
4992.333008 8.0387e-16
4995.076172 8.2764e-16
4997.819824 8.6115e-16
5000.562988 7.8653e-16
5003.306641 7.9424e-16
5006.049805 6.9208e-16
5008.792969 7.1666e-16
5011.536133 8.7051e-16
5014.279785 8.2603e-16
5017.022949 7.9648e-16
5019.766113 9.5993e-16
5022.509277 8.2852e-16
5025.252441 6.4276e-16
5027.995605 7.2817e-16
5030.73877 6.8554e-16
5033.481445 7.6141e-16
5036.224609 7.5237e-16
5038.967773 7.1113e-16
5041.710938 7.2022e-16
5044.453613 7.6723e-16
5047.196777 8.0967e-16
5049.939453 6.4647e-16
5052.682129 7.288e-16
5055.425293 7.4128e-16
5058.167969 7.4853e-16
5060.910645 6.098e-16
5063.653809 6.7178e-16
5066.396484 7.9416e-16
5069.13916 7.0097e-16
5071.881836 6.7643e-16
5074.624512 7.9547e-16
5077.367188 6.7617e-16
5080.109375 5.158e-16
5082.852051 7.6491e-16
5085.594727 8.5044e-16
5088.337402 7.4984e-16
5091.07959 6.9672e-16
5093.822266 9.2101e-16
5096.564453 7.6583e-16
5099.307129 7.0056e-16
5102.049316 6.5094e-16
5104.791504 7.9171e-16
5107.533691 7.5271e-16
5110.276367 6.4874e-16
5113.018555 7.0885e-16
5115.760742 6.9437e-16
5118.50293 6.8655e-16
5121.245117 6.6343e-16
5123.987305 7.1948e-16
5126.729004 7.3884e-16
5129.471191 7.2661e-16
5132.213379 6.0779e-16
5134.955566 7.3956e-16
5137.697266 6.6879e-16
5140.439453 6.8561e-16
5143.181152 6.774e-16
5145.92334 6.9352e-16
5148.665039 6.667e-16
5151.406738 5.7533e-16
5154.148438 5.7166e-16
5156.890137 6.9599e-16
5159.632324 6.7379e-16
5162.374023 6.8907e-16
5165.115723 7.3288e-16
5167.856934 6.7505e-16
5170.598633 5.5637e-16
5173.340332 6.6416e-16
5176.082031 6.9232e-16
5178.823242 6.5682e-16
5181.564941 6.7561e-16
5184.306641 6.5749e-16
5187.047852 6.6255e-16
5189.789062 7.1399e-16
5192.530762 6.1766e-16
5195.271973 7.1559e-16
5198.013184 5.8589e-16
5200.754395 6.7162e-16
5203.495605 6.8696e-16
5206.236816 6.3324e-16
5208.978027 8.0203e-16
5211.719238 7.6984e-16
5214.460449 5.9626e-16
5217.20166 7.0159e-16
5219.942871 5.8721e-16
5222.683594 5.9111e-16
5225.424805 7.0373e-16
5228.165527 6.6715e-16
5230.906738 7.0463e-16
5233.647461 6.9551e-16
5236.388184 6.6063e-16
5239.129395 7.2434e-16
5241.870117 6.4043e-16
5244.61084 5.5579e-16
5247.351562 6.3925e-16
5250.092285 7.6413e-16
5252.833008 6.8349e-16
5255.57373 5.8032e-16
5258.313965 6.0454e-16
5261.054688 6.7845e-16
5263.79541 7.9978e-16
5266.535645 6.9787e-16
5269.276367 6.6617e-16
5272.016602 6.1067e-16
5274.757324 5.4853e-16
5277.497559 6.7636e-16
5290.563965 5.8568e-16
5295.433105 6.3506e-16
5300.302734 6.2474e-16
5305.171875 5.8648e-16
5310.041504 6.3459e-16
5314.911133 6.7071e-16
5319.780762 5.7864e-16
5324.650391 5.8599e-16
5329.52002 5.9593e-16
5334.389648 6.1321e-16
5339.259277 5.9041e-16
5344.129395 6.2158e-16
5348.999023 6.1066e-16
5353.869141 6.3166e-16
5358.739258 5.8076e-16
5363.609375 6.7464e-16
5368.479492 6.26e-16
5373.349609 6.0877e-16
5378.220215 6.5719e-16
5383.090332 7.2609e-16
5387.960938 7.0546e-16
5392.831055 6.3436e-16
5397.70166 6.7652e-16
5402.572266 6.3504e-16
5407.442871 6.354e-16
5412.313477 5.9415e-16
5417.184082 5.7353e-16
5422.055176 6.0501e-16
5426.925781 5.6379e-16
5431.796875 5.6672e-16
5436.667969 5.8403e-16
5441.538574 5.2551e-16
5446.409668 6.0158e-16
5451.280762 6.2808e-16
5456.152344 5.8318e-16
5461.023438 5.6002e-16
5465.894531 6.0352e-16
5470.766113 6.3086e-16
5475.637207 5.5353e-16
5480.508789 5.6068e-16
5485.380371 5.8455e-16
5490.251953 6.163e-16
5495.123535 6.6165e-16
5499.995117 6.8542e-16
5504.866699 5.6501e-16
5509.73877 5.455e-16
5514.610352 5.8882e-16
5519.482422 6.2006e-16
5524.354492 5.5931e-16
5529.226562 5.3449e-16
5534.098633 5.5036e-16
5538.970703 5.7776e-16
5543.842773 5.6701e-16
5548.714844 5.6304e-16
5553.587402 5.4623e-16
5558.459473 5.2508e-16
5563.332031 5.0473e-16
5568.20459 5.5708e-16
5573.07666 5.4585e-16
5577.949219 5.2366e-16
5582.821777 5.136e-16
5587.694824 5.3096e-16
5592.567383 5.451e-16
5597.439941 5.7048e-16
5602.312988 5.3395e-16
5607.185547 5.4474e-16
5612.058594 5.4301e-16
5616.931641 5.3663e-16
5621.804688 5.5934e-16
5626.677734 5.4484e-16
5631.550781 5.2284e-16
5636.423828 5.2351e-16
5641.297363 4.7498e-16
5646.17041 5.2136e-16
5651.043945 5.5661e-16
5655.916992 5.1151e-16
5660.790527 5.3595e-16
5665.664062 5.4159e-16
5670.537598 4.8863e-16
5675.411133 4.9894e-16
5680.284668 5.2454e-16
5685.158691 5.1783e-16
5690.032227 5.1594e-16
5694.905762 4.6979e-16
5699.779785 5.1312e-16
5704.653809 4.9634e-16
5709.527832 5.196e-16
5714.401367 5.0221e-16
5719.275879 4.9691e-16
5724.149902 5.112e-16
5729.023926 5.1754e-16
5733.897949 5.0523e-16
5738.772461 5.1071e-16
5743.646484 4.9899e-16
5748.520996 4.4748e-16
5753.39502 4.9949e-16
5758.269531 4.5817e-16
5763.144043 4.951e-16
5768.018555 4.9083e-16
5772.893066 4.8582e-16
5777.768066 4.7456e-16
5782.642578 5.0573e-16
5787.51709 5.1127e-16
5792.39209 5.1311e-16
5797.266602 4.7457e-16
5802.141602 4.4863e-16
5807.016602 4.6362e-16
5811.891602 4.476e-16
5816.766602 4.6534e-16
5821.641602 5.4053e-16
5826.516602 4.9015e-16
5831.391602 4.5143e-16
5836.26709 4.7362e-16
5841.14209 4.703e-16
5846.017578 4.7491e-16
5850.893066 4.5538e-16
5855.768066 4.5497e-16
5860.643555 4.6357e-16
5865.519043 4.4202e-16
5870.394531 4.448e-16
5875.27002 4.6365e-16
5880.145996 5.0957e-16
5885.021484 5.1626e-16
5889.897461 4.9856e-16
5894.772949 4.638e-16
5899.648926 4.6343e-16
5904.524414 4.6177e-16
5909.400391 4.6674e-16
5914.276367 4.6256e-16
5919.152344 3.7901e-16
5924.02832 4.1188e-16
5928.904297 4.6421e-16
5933.780762 4.5622e-16
5938.656738 4.3446e-16
5943.533203 4.3981e-16
5948.40918 4.5445e-16
5953.285645 4.5443e-16
5958.161621 4.1223e-16
5963.038086 4.6423e-16
5967.914551 4.6231e-16
5972.791016 4.0503e-16
5977.66748 4.745e-16
5982.543945 4.645e-16
5987.420898 4.2404e-16
5992.297363 3.9475e-16
5997.174316 4.3261e-16
6002.050781 4.0984e-16
6006.927734 3.9975e-16
6011.804199 4.0901e-16
6016.681152 4.241e-16
6021.558105 3.6645e-16
6026.435059 4.0535e-16
6031.312012 4.1692e-16
6036.188965 4.132e-16
6041.066406 4.1666e-16
6045.943359 3.7794e-16
6050.820312 4.3629e-16
6055.697754 4.0834e-16
6060.574707 4.0884e-16
6065.452148 4.4212e-16
6070.32959 4.5148e-16
6075.207031 4.0083e-16
6080.084473 4.039e-16
6084.961914 4.5705e-16
6089.839355 4.1494e-16
6094.716797 3.8318e-16
6099.594238 4.001e-16
6104.472168 4.0528e-16
6109.349609 4.2192e-16
6114.227539 3.8185e-16
6119.10498 3.7182e-16
6123.98291 3.7283e-16
6128.86084 4.0385e-16
6133.738281 4.6215e-16
6138.616211 3.8607e-16
6143.494141 3.8207e-16
6148.372559 4.0875e-16
6153.250488 4.2274e-16
6158.128418 4.0418e-16
6163.006348 3.8956e-16
6167.884766 3.9396e-16
6172.762695 4.0088e-16
6177.641113 3.8923e-16
6182.519043 3.6758e-16
6187.397461 3.7828e-16
6192.275879 3.8976e-16
6197.154297 3.8376e-16
6202.032715 3.8689e-16
6206.911133 4.1488e-16
6211.789551 3.8142e-16
6216.667969 3.9481e-16
6221.546875 3.5708e-16
6226.425293 3.6652e-16
6231.303711 3.538e-16
6236.182617 3.5967e-16
6241.061523 4.12e-16
6245.939941 4.0165e-16
6250.818848 3.6559e-16
6255.697754 3.9314e-16
6260.57666 4.1509e-16
6265.455566 3.6813e-16
6270.334473 3.6098e-16
6275.213379 3.9928e-16
6280.092285 3.8038e-16
6284.97168 3.9681e-16
6289.850586 3.7571e-16
6294.729492 3.5906e-16
6299.608887 3.8874e-16
6304.487793 3.7306e-16
6309.367188 3.4455e-16
6314.246582 3.6119e-16
6319.125977 3.3686e-16
6324.005371 3.2066e-16
6328.884766 3.3816e-16
6333.76416 3.6735e-16
6338.643555 3.4432e-16
6343.522949 3.278e-16
6348.402344 3.6519e-16
6353.281738 3.8317e-16
6358.161621 3.9191e-16
6363.041016 3.3376e-16
6367.920898 3.674e-16
6372.800293 3.6411e-16
6377.680176 3.4641e-16
6382.560059 3.3129e-16
6387.439941 3.251e-16
6392.319824 3.2232e-16
6397.199707 3.5047e-16
6402.07959 3.2567e-16
6406.959473 3.3558e-16
6411.839355 3.2119e-16
6416.719238 3.1944e-16
6421.599121 3.335e-16
6426.479492 3.2621e-16
6431.359375 3.2644e-16
6436.239746 3.3443e-16
6441.119629 3.0182e-16
6446.0 2.9142e-16
6450.880371 2.9508e-16
6455.760742 3.0082e-16
6460.640625 3.1877e-16
6465.520996 3.0001e-16
6470.401367 2.8429e-16
6475.281738 3.0151e-16
6480.162109 2.9609e-16
6485.042969 2.8953e-16
6489.92334 2.7139e-16
6494.803711 2.9469e-16
6499.68457 3.0347e-16
6504.564941 2.9379e-16
6509.445801 2.591e-16
6514.326172 2.7188e-16
6519.207031 2.4909e-16
6524.087402 2.4299e-16
6528.968262 2.5694e-16
6533.849121 2.4209e-16
6538.72998 2.3768e-16
6543.61084 2.2784e-16
6548.491699 2.2389e-16
6553.372559 1.94e-16
6558.253418 2.0581e-16
6563.134277 2.0102e-16
6568.015625 1.9499e-16
6572.896484 1.8468e-16
6577.777344 2.3609e-16
6582.658691 2.1283e-16
6587.539551 2.3808e-16
6592.420898 2.3754e-16
6597.302246 2.532e-16
6602.183105 2.5236e-16
6607.064453 2.3821e-16
6611.945801 2.4317e-16
6616.827148 2.6803e-16
6621.708496 2.657e-16
6626.589844 2.5999e-16
6631.471191 2.5401e-16
6636.352539 2.6916e-16
6641.233887 2.7941e-16
6646.115234 2.5148e-16
6650.996582 2.5779e-16
6655.878418 2.6276e-16
6660.759766 2.6143e-16
6665.641602 2.6546e-16
6670.522949 2.9359e-16
6675.404785 3.0102e-16
6680.286133 2.8636e-16
6685.167969 2.5369e-16
6690.049805 2.7836e-16
6694.931641 2.917e-16
6699.812988 2.666e-16
6704.694824 2.5981e-16
6709.57666 2.8087e-16
6714.458496 2.8176e-16
6719.340332 2.7151e-16
6724.222656 2.9305e-16
6729.104492 2.6816e-16
6733.986328 2.4885e-16
6738.868164 2.7139e-16
6743.750488 2.7982e-16
6748.632324 2.7539e-16
6753.51416 2.7152e-16
6758.396484 2.9568e-16
6763.27832 2.8436e-16
6768.160645 2.738e-16
6773.042969 2.8047e-16
6777.924805 2.972e-16
6782.807129 2.5836e-16
6787.689453 2.8965e-16
6792.571777 3.0368e-16
6797.454102 2.9157e-16
6802.336426 2.6679e-16
6807.21875 2.7921e-16
6812.101074 2.9759e-16
6816.983398 2.5262e-16
6821.865723 2.6873e-16
6826.748047 2.6156e-16
6831.630859 3.0357e-16
6836.513184 2.8648e-16
6841.395508 2.9243e-16
6846.27832 3.1294e-16
6851.160645 2.7706e-16
6856.043457 2.6232e-16
6860.925781 2.6273e-16
6865.808594 2.7167e-16
6870.690918 2.626e-16
6875.57373 2.3911e-16
6880.456543 2.5802e-16
6885.339355 2.6521e-16
6890.222168 2.5969e-16
6895.104492 2.2523e-16
6899.987305 2.5957e-16
6904.870117 2.5312e-16
6909.75293 2.5634e-16
6914.635742 2.612e-16
6919.519043 2.6878e-16
6924.401855 2.6897e-16
6929.284668 2.713e-16
6934.16748 2.9155e-16
6939.050293 2.7322e-16
6943.933594 2.5209e-16
6948.816406 2.8579e-16
6953.699707 2.9487e-16
6958.58252 2.7375e-16
6963.46582 2.5391e-16
6968.348633 2.5562e-16
6973.231934 2.7231e-16
6978.114746 2.6713e-16
6982.998047 2.5852e-16
6987.881348 2.6555e-16
6992.764648 2.7408e-16
6997.647461 2.5567e-16
7002.530762 2.3711e-16
7007.414062 2.6677e-16
7012.297363 2.7491e-16
7017.180664 2.6955e-16
7022.063965 2.7116e-16
7026.947266 2.6185e-16
7031.830566 2.6665e-16
7036.713867 2.3829e-16
7041.597168 2.9037e-16
7046.480957 2.6163e-16
7051.364258 2.6657e-16
7056.247559 2.6669e-16
7061.130859 2.5031e-16
7066.014648 2.3938e-16
7070.897949 2.372e-16
7075.781738 2.3303e-16
7080.665039 2.753e-16
7085.548828 2.546e-16
7090.432129 2.1862e-16
7095.315918 2.5564e-16
7100.199219 2.665e-16
7105.083008 2.3774e-16
7109.966797 2.3959e-16
7114.850098 2.4866e-16
7119.733887 2.5661e-16
7124.617676 2.4716e-16
7129.501465 2.7392e-16
7134.385254 2.5194e-16
7139.269043 2.1125e-16
7144.152832 2.436e-16
7149.036133 2.4492e-16
7153.919922 2.5783e-16
7158.804199 2.1446e-16
7163.687988 2.3281e-16
7168.571777 2.3649e-16
7173.455566 2.5579e-16
7178.339355 2.2078e-16
7183.223145 2.3906e-16
7188.106934 2.4181e-16
7192.991211 2.4597e-16
7197.875 2.7099e-16
7202.758789 2.8374e-16
7207.643066 2.4835e-16
7212.526855 2.348e-16
7217.411133 2.2666e-16
7222.294922 2.4523e-16
7227.178711 2.2189e-16
7232.062988 2.2607e-16
7236.947266 2.6127e-16
7241.831055 2.4407e-16
7246.715332 2.1378e-16
7251.599121 2.4589e-16
7256.483398 2.3852e-16
7261.367676 2.3007e-16
7266.251465 2.3232e-16
7271.135742 2.3187e-16
7276.02002 2.4436e-16
7280.904297 2.2588e-16
7285.788574 2.2897e-16
7290.672363 2.5363e-16
7295.556641 2.2442e-16
7300.440918 2.3567e-16
7305.325195 2.3941e-16
7310.209473 2.2507e-16
7315.09375 2.0108e-16
7319.978027 2.3676e-16
7324.862305 2.3208e-16
7329.746582 2.1711e-16
7334.630859 2.182e-16
7339.515137 2.024e-16
7344.399902 2.3965e-16
7349.28418 2.0652e-16
7354.168457 1.9576e-16
7359.052734 2.0253e-16
7363.937012 2.1788e-16
7368.821777 1.9734e-16
7373.706055 2.0338e-16
7378.590332 2.3471e-16
7383.475098 2.0667e-16
7388.359375 1.9321e-16
7393.243652 1.9778e-16
7398.128418 2.1476e-16
7403.012695 2.3296e-16
7407.897461 2.1582e-16
7412.781738 2.3116e-16
7417.666504 2.1921e-16
7422.550781 2.0715e-16
7427.435547 2.0234e-16
7432.319824 2.5923e-16
7437.20459 2.2217e-16
7442.088867 2.0141e-16
7446.973633 2.0613e-16
7451.858398 2.1121e-16
7456.742676 1.9091e-16
7461.627441 1.9871e-16
7466.512207 2.3326e-16
7471.396484 1.9516e-16
7476.28125 1.9062e-16
7481.166016 2.2465e-16
7486.050781 2.2998e-16
7490.935059 2.0063e-16
7495.819824 2.0264e-16
7500.70459 1.949e-16
7505.589355 2.2957e-16
7510.474121 2.055e-16
7515.358398 1.9558e-16
7520.243164 1.988e-16
7525.12793 2.3351e-16
7530.012695 1.9044e-16
7534.897461 2.068e-16
7539.782227 2.2543e-16
7544.666992 2.1193e-16
7549.551758 1.8404e-16
7554.436523 2.2339e-16
7559.321289 1.8997e-16
7564.206055 1.681e-16
7569.09082 1.8369e-16
7573.975586 2.0651e-16
7578.860352 2.0585e-16
7583.745117 1.7019e-16
7588.629883 1.9192e-16
7593.514648 2.2393e-16
7598.399414 2.252e-16
7603.284668 2.0032e-16
7608.169434 2.0967e-16
7613.054199 1.9708e-16
7617.938965 1.7819e-16
7622.82373 1.7035e-16
7627.708496 2.0676e-16
7632.59375 1.8513e-16
7637.478516 1.7164e-16
7642.363281 2.0828e-16
7647.248047 2.1289e-16
7652.132812 1.966e-16
7657.018066 1.9174e-16
7661.902832 2.2937e-16
7666.787598 2.0658e-16
7671.672363 1.7316e-16
7676.557617 1.7365e-16
7681.442383 2.013e-16
7686.327148 1.9958e-16
7691.212402 1.9014e-16
7696.097168 2.1642e-16
7700.981934 1.873e-16
7705.867188 1.6211e-16
7710.751953 1.8679e-16
7715.636719 1.8834e-16
7720.521973 1.7701e-16
7725.406738 1.7298e-16
7730.291504 1.9467e-16
7735.176758 1.7927e-16
7740.061523 1.7553e-16
7744.946289 1.4463e-16
7749.831543 2.1808e-16
7754.716309 2.1746e-16
7759.601562 1.9593e-16
7764.486328 1.7566e-16
7769.371094 1.866e-16
7774.256348 1.9491e-16
7779.141113 1.5629e-16
7784.026367 1.5856e-16
7788.911133 1.8519e-16
7793.796387 1.7795e-16
7798.681152 2.0508e-16
7803.565918 2.0735e-16
7808.451172 1.6835e-16
7813.335938 1.552e-16
7818.221191 1.7524e-16
7823.105957 2.0183e-16
7827.991211 1.6292e-16
7832.875977 1.4048e-16
7837.760742 1.7663e-16
7842.645996 1.9823e-16
7847.530762 1.6724e-16
7852.416016 1.8282e-16
7857.300781 1.8478e-16
7862.186035 1.783e-16
7867.070801 1.8704e-16
7871.956055 1.5302e-16
7876.84082 1.9285e-16
7881.725586 1.5815e-16
7886.61084 1.5741e-16
7891.495605 1.8302e-16
7896.380859 1.6738e-16
7901.265625 1.6869e-16
7906.150879 1.647e-16
7911.035645 1.8712e-16
7915.92041 1.73e-16
7920.805664 1.5958e-16
7925.69043 1.6902e-16
7930.575684 1.8929e-16
7935.460449 1.5378e-16
7940.345703 1.6844e-16
7945.230469 2.1374e-16
7950.115234 1.7986e-16
7955.000488 1.4617e-16
7959.885254 1.8091e-16
7964.77002 1.7771e-16
7969.655273 1.4989e-16
7974.540039 1.3092e-16
7979.425293 1.3999e-16
7984.310059 1.5559e-16
7989.194824 1.501e-16
7994.080078 1.749e-16
7998.964844 1.9987e-16
8003.849609 1.5646e-16
8008.734863 1.6343e-16
8013.619629 1.7053e-16
8018.504395 2.0262e-16
8023.389648 1.2419e-16
8028.274414 1.4575e-16
8033.15918 1.824e-16
8038.044434 1.7434e-16
8042.929199 1.4714e-16
8047.813965 2.0091e-16
8052.69873 1.8777e-16
8057.583984 2.0095e-16
8062.46875 1.5371e-16
8067.353516 2.2302e-16
8072.238281 1.9048e-16
8077.123047 1.7297e-16
8082.008301 1.4063e-16
8086.893066 1.9566e-16
8091.777832 1.6122e-16
8096.662598 1.0864e-16
8101.547363 1.3856e-16
8106.432617 1.825e-16
8111.317383 1.6815e-16
8116.202148 1.3012e-16
8121.086914 1.8647e-16
8125.97168 1.9004e-16
8130.856445 1.7583e-16
8135.741211 1.6114e-16
8140.625977 1.8363e-16
8145.510742 1.5042e-16
8150.395508 1.8238e-16
8155.280273 1.9552e-16
8160.165039 1.7012e-16
8165.049805 1.5512e-16
8169.93457 1.4267e-16
8174.819336 1.8115e-16
8179.704102 1.5198e-16
8184.588867 1.109e-16
8189.473633 1.9989e-16
8194.358398 1.6681e-16
8199.243164 1.9361e-16
8204.12793 2.0765e-16
8209.012695 1.7472e-16
8213.897461 1.7004e-16
8218.78125 1.6592e-16
8223.666016 1.1857e-16
8228.550781 1.9331e-16
8233.435547 1.8229e-16
8238.320312 1.4431e-16
8243.205078 1.3812e-16
8248.089844 1.618e-16
8252.974609 1.5196e-16
8257.858398 1.3577e-16
8262.743164 1.9024e-16
8267.62793 2.0814e-16
8272.512695 1.7624e-16
8277.397461 1.7355e-16
8282.28125 2.0961e-16
8287.166016 1.8014e-16
8292.050781 1.9431e-16
8296.935547 1.7204e-16
8301.819336 1.3766e-16
8306.704102 1.2865e-16
8311.588867 1.2762e-16
8316.473633 1.663e-16
8321.357422 1.5093e-16
8326.242188 1.3031e-16
8331.126953 1.4418e-16
8336.010742 1.5517e-16
8340.895508 1.5051e-16
8345.780273 1.1262e-16
8350.664062 1.4988e-16
8355.548828 1.4827e-16
8360.432617 1.3058e-16
8365.317383 1.2213e-16
8370.202148 1.4771e-16
8375.085938 1.6286e-16
8379.970703 1.335e-16
8384.854492 1.8328e-16
8389.739258 2.0898e-16
8394.623047 1.6321e-16
8399.507812 1.2018e-16
8404.391602 1.593e-16
8409.276367 2.3304e-16
8414.160156 1.271e-16
8419.044922 1.2765e-16
8423.928711 2.0637e-16
8428.813477 1.9109e-16
8433.697266 1.3293e-16
8438.581055 1.6756e-16
8443.46582 2.0407e-16
8448.349609 1.4656e-16
8453.233398 1.1278e-16
8458.118164 1.3128e-16
8463.001953 1.0826e-16
8467.885742 8.9999e-17
8472.770508 1.2508e-16
8477.654297 1.5116e-16
8482.538086 1.3535e-16
8487.421875 1.4729e-16
8492.306641 1.2378e-16
8497.19043 1.6976e-16
8502.074219 1.1946e-16
8506.958008 1.1983e-16
8511.841797 1.3918e-16
8516.726562 1.4113e-16
8521.610352 1.2132e-16
8526.494141 1.5417e-16
8531.37793 1.6122e-16
8536.261719 1.2534e-16
8541.145508 1.3173e-16
8546.029297 1.6432e-16
8550.913086 1.9112e-16
8555.796875 1.4912e-16
8560.680664 1.3488e-16
8565.564453 1.8162e-16
8570.448242 1.138e-16
8575.332031 1.1955e-16
8580.21582 1.6508e-16
8585.099609 1.3231e-16
8589.983398 9.5104e-17
8594.867188 1.4748e-16
8599.750977 1.1653e-16
8604.634766 1.2311e-16
8609.517578 1.3791e-16
8614.401367 1.1141e-16
8619.285156 1.6561e-16
8624.168945 8.8863e-17
8629.052734 1.2743e-16
8633.935547 1.7814e-16
8638.819336 1.2603e-16
8643.703125 8.0424e-17
8648.586914 1.1059e-16
8653.469727 1.1507e-16
8658.353516 1.7237e-16
8663.236328 1.7949e-16
8668.120117 1.5072e-16
8673.003906 1.7618e-16
8677.886719 1.2439e-16
8682.770508 9.0769e-17
8687.65332 1.3229e-16
8692.537109 1.498e-16
8697.419922 1.4535e-16
8702.303711 1.5283e-16
8707.186523 1.3557e-16
8712.070312 1.4644e-16
8716.953125 1.1575e-16
8721.836914 1.4969e-16
8726.719727 1.4764e-16
8731.602539 1.3651e-16
8736.486328 1.1679e-16
8741.369141 1.4817e-16
8746.251953 1.6433e-16
8751.134766 1.2424e-16
8756.018555 1.2296e-16
8760.901367 1.4477e-16
8765.78418 1.3484e-16
8770.666992 1.0493e-16
8775.549805 1.1103e-16
8780.433594 1.1223e-16
8785.316406 5.7487e-17
8790.199219 1.2383e-16
8795.082031 1.3898e-16
8799.964844 1.2092e-16
8804.847656 1.1706e-16
8809.730469 1.1968e-16
8814.613281 1.3278e-16
8819.496094 1.0706e-16
8824.378906 9.3606e-17
8829.261719 1.0343e-16
8834.144531 1.1595e-16
8839.026367 1.0027e-16
8843.90918 9.6727e-17
8848.791992 1.5344e-16
8853.674805 1.4154e-16
8858.557617 9.1007e-17
8863.439453 1.184e-16
8868.322266 1.4696e-16
8873.205078 1.2139e-16
8878.086914 1.1429e-16
8882.969727 1.3838e-16
8887.852539 1.154e-16
8892.734375 1.155e-16
8897.617188 1.1914e-16
8902.499023 1.1619e-16
8907.381836 9.5488e-17
8912.263672 8.2703e-17
8917.146484 1.2979e-16
8922.02832 1.7978e-16
8926.911133 1.3015e-16
8931.792969 1.4094e-16
8936.675781 1.489e-16
8941.557617 1.3372e-16
8946.439453 9.0865e-17
8951.321289 1.2134e-16
8956.204102 1.5346e-16
8961.085938 1.5912e-16
8965.967773 1.56e-16
8970.849609 1.3562e-16
8975.732422 1.1642e-16
8980.614258 1.0566e-16
8985.496094 1.3734e-16
8990.37793 1.5423e-16
8995.259766 1.2891e-16
9000.141602 1.1875e-16
9005.023438 1.5708e-16
9009.905273 1.1901e-16
9014.787109 1.1707e-16
9019.668945 1.4076e-16
9024.550781 1.8089e-16
9029.431641 1.5398e-16
9034.313477 1.3186e-16
9039.195312 1.0606e-16
9044.077148 1.3322e-16
9048.958984 9.6305e-17
9053.839844 8.0214e-17
9058.72168 1.1517e-16
9063.603516 1.4852e-16
9068.484375 8.7754e-17
9073.366211 9.0626e-17
9078.24707 1.506e-16
9083.128906 1.8816e-16
9088.010742 1.2804e-16
9092.891602 1.0357e-16
9097.772461 1.1217e-16
9102.654297 1.3147e-16
9107.535156 5.1745e-17
9112.416992 1.302e-16
9117.297852 1.1593e-16
9122.178711 6.8205e-17
9127.060547 1.1889e-16
9131.941406 1.0919e-16
9136.822266 1.0391e-16
9141.703125 6.9417e-17
9146.583984 8.1175e-17
9151.464844 1.7208e-16
9156.34668 9.9988e-17
9161.227539 7.6265e-17
9166.108398 1.025e-16
9170.989258 9.8417e-17
9175.870117 7.3554e-17
9180.75 1.0847e-16
9185.630859 1.006e-16
9190.511719 1.127e-16
9195.392578 7.8648e-17
9200.273438 9.7897e-17
9205.154297 8.0992e-17
9210.03418 1.0877e-16
9214.915039 1.0649e-16
9219.795898 1.0113e-16
9224.675781 9.5305e-17
9229.556641 9.0479e-17
9234.4375 8.7962e-17
9239.317383 1.0315e-16
9244.198242 4.9963e-17
9249.078125 6.0661e-17
9253.958984 1.3259e-16
9258.838867 1.6434e-16
9263.71875 1.1093e-16
9268.599609 1.24e-16
9273.479492 1.173e-16
9278.359375 8.5747e-17
9283.240234 3.6924e-17
9288.120117 8.917e-17
9293.0 9.3645e-17
9297.879883 9.5614e-17
9302.759766 1.272e-16
9307.639648 1.3874e-16
9312.519531 1.4194e-16
9317.399414 9.2617e-17
9322.279297 1.021e-16
9327.15918 1.1122e-16
9332.039062 1.0849e-16
9336.918945 1.4738e-16
9341.798828 1.1236e-16
9346.677734 1.0744e-16
9351.557617 6.9106e-17
9356.4375 7.9896e-17
9361.317383 1.2998e-16
9366.196289 9.4744e-17
9371.076172 9.4795e-17
9375.955078 1.3352e-16
9380.834961 1.1789e-16
9385.713867 8.6121e-17
9390.59375 1.7632e-16
9395.472656 1.1866e-16
9400.352539 1.5143e-16
9405.231445 1.5398e-16
9410.110352 1.0907e-16
9414.990234 1.0342e-16
9419.869141 9.366e-17
9424.748047 3.0171e-17
9429.626953 3.7865e-17
9434.505859 1.1075e-16
9439.385742 8.8997e-17
9444.264648 1.3632e-16
9449.143555 1.8553e-16
9454.022461 1.6967e-16
9458.901367 8.3634e-17
9463.779297 7.1322e-17
9468.658203 1.6164e-16
9473.537109 1.3354e-16
9478.416016 7.0171e-17
9483.294922 1.0694e-16
9488.172852 1.2952e-16
9493.051758 0.0
9497.930664 9.7844e-17
9502.808594 1.1713e-16
9507.6875 7.3433e-17
9512.56543 6.7829e-17
9517.444336 9.0826e-17
9522.322266 1.3158e-16
9527.201172 3.2904e-17
9532.079102 5.3937e-17
9536.957031 4.5391e-17
9541.834961 9.0342e-17
9546.713867 1.0349e-16
9551.591797 1.191e-16
9556.469727 2.2524e-16
9561.347656 1.5048e-16
9566.225586 8.0272e-17
9571.103516 1.6268e-16
9575.981445 1.6427e-16
9580.859375 6.7151e-17
9585.737305 4.1163e-18
9590.615234 1.4823e-16
9595.493164 1.2085e-16
9600.371094 3.9033e-17
9605.248047 7.5888e-17
9610.125977 1.5505e-16
9615.003906 1.1188e-16
9619.880859 5.65e-17
9624.758789 1.6228e-16
9629.635742 1.5292e-16
9634.513672 1.6034e-16
9639.390625 1.6904e-16
9644.268555 1.1917e-16
9649.145508 1.1979e-16
9654.022461 4.4922e-17
9658.900391 9.2898e-17
9663.777344 1.3841e-16
9668.654297 9.0198e-17
9673.53125 4.2217e-17
9678.408203 1.445e-16
9683.285156 1.671e-16
9688.162109 7.9982e-17
9693.039062 1.0807e-16
9697.916016 1.2518e-16
9702.792969 1.1192e-16
9707.669922 5.1409e-17
9712.546875 9.5824e-17
9717.422852 1.9616e-16
9722.299805 4.0864e-17
9727.176758 8.3219e-17
9732.052734 1.2817e-16
9736.929688 1.8837e-16
9741.806641 1.1881e-16
9746.682617 1.4909e-16
9751.558594 1.2035e-16
9756.435547 1.2057e-16
9761.311523 1.2397e-16
9766.1875 1.125e-16
9771.064453 1.1961e-16
9775.94043 6.6982e-17
9780.816406 1.5687e-16
9785.692383 8.0252e-17
9790.568359 7.6921e-17
9795.444336 1.1646e-16
9800.320312 1.6053e-16
9805.196289 1.195e-16
9810.072266 8.3681e-17
9814.948242 7.1895e-17
9819.824219 8.7488e-17
9824.699219 6.9495e-17
9829.575195 4.6624e-17
9834.451172 5.9874e-17
9839.326172 1.5698e-16
9844.202148 1.2734e-16
9849.077148 7.1514e-17
9853.953125 1.1748e-16
9858.828125 9.4122e-17
9863.704102 1.1487e-16
9868.579102 1.4403e-16
9873.454102 1.5817e-16
9878.330078 3.1994e-17
9883.205078 2.878e-17
9888.080078 1.6073e-16
9892.955078 1.5641e-16
9897.830078 1.2921e-16
9902.705078 1.9534e-16
9907.580078 2.309e-16
9912.455078 1.2268e-16
9917.330078 1.0495e-17
9922.204102 8.5743e-17
9927.079102 1.3826e-16
9931.954102 7.7327e-17
9936.828125 0.0
9941.703125 3.0228e-17
9946.577148 1.9938e-16
9951.452148 1.3771e-16
9956.326172 7.9644e-18
9961.201172 2.8795e-17
9966.075195 9.8301e-17
9970.949219 6.2613e-17
9975.824219 5.1731e-17
9980.698242 6.6983e-17
9985.572266 5.4619e-17
9990.446289 3.013e-17
9995.320312 7.884e-17
10000.194336 1.2648e-16
10005.068359 1.1665e-16
10009.942383 0.0
10014.816406 1.2241e-16
10019.689453 1.8499e-16
10024.563477 1.2282e-16
10029.4375 1.7398e-16
10034.310547 3.356e-16
10039.18457 1.4352e-16
10044.057617 1.5842e-16
10048.931641 1.8061e-16
10053.804688 2.1592e-16
10058.678711 0.0
10063.551758 1.2282e-16
10068.424805 1.9834e-16
10073.297852 3.0229e-16
10078.171875 1.5129e-16
10083.044922 2.4253e-16
10087.917969 3.3811e-16
10092.791016 3.1685e-16
10097.664062 1.4409e-16
10102.537109 1.6836e-16
10107.40918 1.2132e-16
10112.282227 9.1114e-17
10117.155273 1.0702e-16
10122.02832 2.3186e-16
10126.900391 8.3416e-17
10131.773438 0.0
10136.645508 1.309e-16
10141.518555 4.7002e-16
10146.390625 4.3524e-16
10151.262695 6.3442e-16
10156.135742 2.2479e-16
10161.007812 1.5257e-16
10165.879883 0.0
10170.751953 4.0085e-19
10175.624023 1.7206e-16
10180.496094 4.6168e-16
10185.368164 2.0336e-16
10190.240234 7.8759e-18
10195.112305 4.3987e-17
10199.984375 0.0
10204.855469 0.0
10209.727539 2.4929e-16
10214.599609 1.8889e-16
10219.470703 4.7039e-17
10224.342773 2.8014e-16
