wave flux
2902.00048828125 9.9047e-15
2904.744873 1.1377e-14
2907.489258 1.3397e-14
2910.233643 1.1973e-14
2912.978027 1.2683e-14
2915.722656 1.3152e-14
2918.467041 1.2139e-14
2921.21167 1.0862e-14
2923.956055 1.0875e-14
2926.700684 1.0249e-14
2929.445312 1.0905e-14
2932.189941 1.1593e-14
2934.93457 1.142e-14
2937.679199 1.1663e-14
2940.423828 1.1727e-14
2943.168701 1.1387e-14
2945.91333 1.1429e-14
2948.658203 1.1213e-14
2951.402832 1.1356e-14
2954.147705 1.1773e-14
2956.892578 1.1167e-14
2959.637451 1.1118e-14
2962.382324 1.1165e-14
2965.127197 1.1152e-14
2967.872314 1.1148e-14
2970.617188 1.1102e-14
2973.362061 1.1469e-14
2976.107178 1.1403e-14
2978.852295 1.1313e-14
2981.597168 1.1237e-14
2984.342285 1.1239e-14
2987.087402 1.0956e-14
2989.83252 1.1043e-14
2992.577637 1.1207e-14
2995.322998 1.1044e-14
2998.068115 1.1086e-14
3000.813232 1.0925e-14
3003.558594 1.1285e-14
3006.303955 1.1301e-14
3009.049072 1.1116e-14
3011.794434 1.0688e-14
3014.539795 1.064e-14
3017.285156 1.0773e-14
3020.030518 1.0971e-14
3022.775879 1.0891e-14
3025.521484 1.07e-14
3028.266846 1.0749e-14
3031.012451 1.0751e-14
3033.757812 1.0899e-14
3036.503418 1.06e-14
3039.249023 1.0378e-14
3041.994629 1.0554e-14
3044.740234 1.0681e-14
3047.48584 1.0515e-14
3050.231445 1.0391e-14
3052.977051 1.0214e-14
3055.722656 1.0137e-14
3058.468506 1.0402e-14
3061.214111 1.0465e-14
3063.959961 1.0441e-14
3066.705811 1.0145e-14
3069.451416 1.0248e-14
3072.197266 1.0316e-14
3074.943115 1.0286e-14
3077.688965 1.0282e-14
3080.434814 1.029e-14
3083.180908 1.0113e-14
3085.926758 9.9101e-15
3088.672607 1.0048e-14
3091.418701 9.9993e-15
3094.164551 9.9124e-15
3096.910645 9.8627e-15
3099.656738 9.7868e-15
3102.402832 1.0061e-14
3105.148926 9.866e-15
3107.89502 9.675e-15
3110.641113 9.7603e-15
3113.387207 9.8678e-15
3116.133301 9.7579e-15
3118.879639 9.7236e-15
3121.625732 9.6071e-15
3124.37207 9.6589e-15
3127.118164 9.7412e-15
3129.864502 9.6429e-15
3132.61084 9.7763e-15
3135.357178 9.7969e-15
3138.103516 9.7318e-15
3140.849854 9.7939e-15
3143.596191 9.4904e-15
3146.342529 9.6176e-15
3149.088867 9.3581e-15
3151.835449 9.138e-15
3154.581787 9.2908e-15
3157.328369 9.5103e-15
3160.074707 9.4401e-15
3162.821289 9.4995e-15
3165.567871 9.4198e-15
3168.314453 9.3436e-15
3171.061035 9.3668e-15
3173.807617 9.2587e-15
3176.554199 8.7644e-15
3179.300781 8.9763e-15
3182.047363 9.088e-15
3184.793945 9.0448e-15
3187.540771 9.1976e-15
3190.287354 9.0734e-15
3193.03418 9.0996e-15
3195.781006 9.1466e-15
3198.527588 9.0032e-15
3201.274414 9.109e-15
3204.02124 9.0233e-15
3206.768066 8.9878e-15
3209.514893 9.0358e-15
3212.261719 8.9408e-15
3215.008545 8.8175e-15
3217.755615 8.7536e-15
3220.502441 8.818e-15
3223.249268 8.9442e-15
3225.996338 8.8675e-15
3228.743164 8.7624e-15
3231.490234 8.7325e-15
3234.237305 8.7621e-15
3236.984375 8.7442e-15
3239.731445 8.7841e-15
3242.478271 8.5959e-15
3245.225342 8.6172e-15
3247.972656 8.6023e-15
3250.719727 8.4777e-15
3253.466797 8.2802e-15
3256.213867 8.4032e-15
3258.961182 8.4701e-15
3261.708252 8.4995e-15
3264.455566 8.3663e-15
3267.202637 8.4095e-15
3269.949951 8.312e-15
3272.697266 8.2969e-15
3275.44458 8.3119e-15
3278.19165 8.4236e-15
3280.938965 8.3739e-15
3283.686279 8.3406e-15
3286.433594 8.3465e-15
3289.181152 8.3626e-15
3291.928467 8.2208e-15
3294.675781 8.1421e-15
3297.42334 8.208e-15
3300.170654 8.2383e-15
3302.917969 8.1718e-15
3305.665527 8.1344e-15
3308.413086 8.0784e-15
3311.1604 8.1782e-15
3313.907959 8.1031e-15
3316.655518 7.86e-15
3319.403076 8.0097e-15
3322.150635 8.0262e-15
3324.898193 8.0139e-15
3327.645752 8.0054e-15
3330.393311 7.8938e-15
3333.140869 8.0244e-15
3335.888672 7.8316e-15
3338.63623 7.7289e-15
3341.384033 7.9876e-15
3344.131592 7.9638e-15
3346.879395 7.8694e-15
3349.626953 7.9624e-15
3352.374756 7.8371e-15
3355.122559 7.8915e-15
3357.870361 7.8781e-15
3360.61792 7.6759e-15
3363.365723 7.6553e-15
3366.113525 7.6645e-15
3368.861328 7.6891e-15
3371.609375 7.5362e-15
3374.357178 7.6203e-15
3377.10498 7.6806e-15
3379.852783 7.5202e-15
3382.60083 7.6114e-15
3385.348633 7.5237e-15
3388.09668 7.4523e-15
3390.844482 7.4648e-15
3393.592529 7.3864e-15
3396.340332 7.4359e-15
3399.088379 7.5093e-15
3401.836426 7.5436e-15
3404.584473 7.6167e-15
3407.33252 7.4743e-15
3410.080566 7.4498e-15
3412.828613 7.4711e-15
3415.57666 7.3935e-15
3418.324707 7.3264e-15
3421.072754 7.3851e-15
3423.820801 7.3527e-15
3426.568848 7.2431e-15
3429.317139 7.4488e-15
3432.065186 7.3337e-15
3434.813477 7.3449e-15
3437.561523 7.3026e-15
3440.309814 7.2452e-15
3443.057861 7.0949e-15
3445.806152 7.0378e-15
3448.554443 7.1073e-15
3451.302734 7.2499e-15
3454.051025 7.1866e-15
3456.799072 7.1737e-15
3459.547363 7.1644e-15
3462.295654 7.022e-15
3465.043945 6.9525e-15
3467.79248 7.0747e-15
3470.540771 7.0777e-15
3473.289062 7.0049e-15
3476.037354 6.9979e-15
3478.785889 6.981e-15
3481.53418 6.9863e-15
3484.282471 7.0331e-15
3487.031006 6.9206e-15
3489.779297 6.7115e-15
3492.527832 6.7075e-15
3495.276123 6.6609e-15
3498.024658 6.8176e-15
3500.773193 6.9039e-15
3503.521729 6.7285e-15
3506.27002 6.5861e-15
3509.018555 6.6318e-15
3511.76709 6.6424e-15
3514.515625 6.7662e-15
3517.26416 6.81e-15
3520.012695 6.7419e-15
3522.76123 6.807e-15
3525.51001 6.7044e-15
3528.258545 6.6752e-15
3531.00708 6.6841e-15
3533.755615 6.6714e-15
3536.504395 6.5428e-15
3539.25293 6.5957e-15
3542.001465 6.5932e-15
3544.750244 6.6064e-15
3547.498779 6.5728e-15
3550.247559 6.4131e-15
3552.996338 6.5662e-15
3555.744873 6.6724e-15
3558.493652 6.621e-15
3561.242432 6.5268e-15
3563.990967 6.501e-15
3566.739746 6.458e-15
3569.488525 6.4504e-15
3572.237305 6.3963e-15
3574.986084 6.3572e-15
3577.734863 6.428e-15
3580.483643 6.4395e-15
3583.232422 6.3489e-15
3585.981201 6.289e-15
3588.72998 6.2554e-15
3591.47876 6.2903e-15
3594.227783 6.1862e-15
3596.976562 6.2065e-15
3599.725342 6.2124e-15
3602.474365 6.2586e-15
3605.223145 6.2124e-15
3607.971924 6.1178e-15
3610.720947 6.0866e-15
3613.469727 6.1748e-15
3616.21875 6.0246e-15
3618.967773 6.1209e-15
3621.716553 6.1378e-15
3624.465576 6.0313e-15
3627.2146 6.1308e-15
3629.963379 6.1062e-15
3632.712402 5.9977e-15
3635.461426 6.0582e-15
3638.210449 5.9935e-15
3640.959473 5.9879e-15
3643.708496 6.0292e-15
3646.457275 5.9728e-15
3649.206299 5.966e-15
3651.955322 5.9152e-15
3654.70459 6.0153e-15
3657.453613 6.0317e-15
3660.202637 5.9968e-15
3662.95166 5.9045e-15
3665.700684 5.8495e-15
3668.449707 5.8865e-15
3671.198975 5.855e-15
3673.947998 5.8193e-15
3676.697021 5.864e-15
3679.446289 5.8317e-15
3682.195312 5.8085e-15
3684.944336 5.7318e-15
3687.693604 5.8209e-15
3690.442627 5.741e-15
3693.191895 5.7423e-15
3695.940918 5.7578e-15
3698.690186 5.7396e-15
3701.439209 5.6733e-15
3704.188477 5.5866e-15
3706.937744 5.5163e-15
3709.686768 5.6919e-15
3712.436035 5.6786e-15
3715.185303 5.5801e-15
3717.93457 5.6651e-15
3720.683594 5.6116e-15
3723.432861 5.5576e-15
3726.182129 5.5072e-15
3728.931396 5.4713e-15
3731.680664 5.5405e-15
3734.429932 5.4963e-15
3737.179199 5.5673e-15
3739.928467 5.5156e-15
3742.677734 5.5751e-15
3745.427002 5.4788e-15
3748.17627 5.4072e-15
3750.925537 5.3029e-15
3753.674805 5.3686e-15
3756.424072 5.5923e-15
3759.17334 5.7742e-15
3761.922852 5.617e-15
3764.672119 5.5515e-15
3767.421387 5.3322e-15
3770.170654 5.1716e-15
3772.920166 5.278e-15
3775.669434 5.3896e-15
3778.418701 5.5928e-15
3781.168213 5.7292e-15
3783.91748 5.8465e-15
3786.666748 5.7012e-15
3789.41626 5.6764e-15
3792.165527 5.4504e-15
3794.915039 5.0228e-15
3797.664307 4.7195e-15
3800.413818 4.6978e-15
3803.163086 5.0635e-15
3805.912598 5.4227e-15
3808.661865 5.6492e-15
3811.411377 5.8007e-15
3814.160645 5.9063e-15
3816.910156 5.8582e-15
3819.659668 5.8688e-15
3822.408936 5.8498e-15
3825.158447 5.5968e-15
3827.907959 5.3799e-15
3830.657227 5.103e-15
3833.406738 4.7181e-15
3836.15625 4.4623e-15
3838.905762 4.6609e-15
3841.655029 5.029e-15
3844.404541 5.2885e-15
3847.154053 5.5399e-15
3849.903564 5.8766e-15
3852.653076 6.0332e-15
3855.402588 6.1242e-15
3858.151855 6.1136e-15
3860.901367 6.1393e-15
3863.650879 6.0782e-15
3866.400391 6.0665e-15
3869.149902 5.9995e-15
3871.899414 5.9369e-15
3874.648926 5.8773e-15
3877.398438 5.6809e-15
3880.147949 5.383e-15
3882.897461 5.0127e-15
3885.646973 4.5646e-15
3888.396484 4.169e-15
3891.145996 4.1565e-15
3893.895508 4.4958e-15
3896.64502 4.9305e-15
3899.394531 5.2516e-15
3902.144043 5.5011e-15
3904.893555 5.7016e-15
3907.643066 5.8352e-15
3910.392578 5.9454e-15
3913.142334 6.0197e-15
3915.891846 6.0144e-15
3918.641357 6.042e-15
3921.390869 6.0053e-15
3924.140381 6.0985e-15
3926.889893 6.0463e-15
3929.639404 5.9984e-15
3932.38916 5.9837e-15
3935.138672 5.8592e-15
3937.888184 5.8368e-15
3940.637695 5.855e-15
3943.387207 5.872e-15
3946.136963 5.8613e-15
3948.886475 5.8444e-15
3951.635986 5.7139e-15
3954.385498 5.5371e-15
3957.13501 5.3758e-15
3959.884766 5.1319e-15
3962.634277 4.9108e-15
3965.383789 4.5472e-15
3968.133301 4.0525e-15
3970.883057 3.7912e-15
3973.632568 3.9988e-15
3976.38208 4.3799e-15
3979.131592 4.7674e-15
3981.881348 5.0095e-15
3984.630859 5.2086e-15
3987.380371 5.3059e-15
3990.129883 5.4498e-15
3992.879639 5.4956e-15
3995.62915 5.5349e-15
3998.378662 5.5482e-15
4001.128418 5.6028e-15
4003.87793 5.6512e-15
4006.627441 5.6301e-15
4009.376953 5.644e-15
4012.126709 5.6651e-15
4014.876221 5.6894e-15
4017.625732 5.6703e-15
4020.375488 5.6013e-15
4023.125 5.6049e-15
4025.874512 5.3937e-15
4028.624023 5.4271e-15
4031.373779 5.5261e-15
4034.123291 5.5438e-15
4036.872803 5.6363e-15
4039.622314 5.7018e-15
4042.37207 5.5974e-15
4045.121582 5.5226e-15
4047.871094 5.5354e-15
4050.62085 5.5169e-15
4053.370361 5.5284e-15
4056.119873 5.4922e-15
4058.869385 5.521e-15
4061.618896 5.4158e-15
4064.368652 5.3892e-15
4067.118164 5.3663e-15
4069.867676 5.2395e-15
4072.617188 5.3037e-15
4075.366943 5.2545e-15
4078.116455 5.1965e-15
4080.865967 5.1548e-15
4083.615479 5.043e-15
4086.36499 5.0053e-15
4089.114746 4.8393e-15
4091.864258 4.6205e-15
4094.61377 4.3385e-15
4097.363281 4.0077e-15
4100.112793 3.7187e-15
4102.862305 3.5269e-15
4105.611816 3.6695e-15
4108.361328 3.9727e-15
4111.11084 4.2731e-15
4113.860352 4.538e-15
4116.609863 4.6875e-15
4119.359375 4.8894e-15
4122.109375 5.017e-15
4124.858887 4.9398e-15
4127.608398 4.9895e-15
4130.35791 5.0351e-15
4133.107422 5.039e-15
4135.856934 5.092e-15
4138.606445 5.0636e-15
4141.355957 5.0796e-15
4144.105469 5.0487e-15
4146.85498 5.0546e-15
4149.604492 5.0605e-15
4152.353516 5.024e-15
4155.103027 5.0315e-15
4157.852539 5.0084e-15
4160.602051 5.0549e-15
4163.351562 5.0412e-15
4166.101074 5.0137e-15
4168.850586 5.0256e-15
4171.600098 4.9725e-15
4174.349609 4.9998e-15
4177.099121 4.963e-15
4179.848633 4.976e-15
4182.598145 5.0101e-15
4185.347656 4.9639e-15
4188.09668 4.9688e-15
4190.846191 4.9009e-15
4193.595703 4.885e-15
4196.345215 4.9169e-15
4199.094727 4.9406e-15
4201.844238 4.8817e-15
4204.593262 4.8874e-15
4207.342773 4.8998e-15
4210.092285 4.8691e-15
4212.841797 4.8305e-15
4215.591309 4.8347e-15
4218.340332 4.7794e-15
4221.089844 4.7583e-15
4223.839355 4.7747e-15
4226.588867 4.7884e-15
4229.337891 4.8319e-15
4232.087402 4.7438e-15
4234.836914 4.753e-15
4237.585938 4.7479e-15
4240.335449 4.8104e-15
4243.084961 4.8287e-15
4245.833984 4.7094e-15
4248.583496 4.6762e-15
4251.333008 4.6728e-15
4254.082031 4.6402e-15
4256.831543 4.634e-15
4259.581055 4.6636e-15
4262.330078 4.6355e-15
4265.07959 4.6076e-15
4267.828613 4.551e-15
4270.578125 4.534e-15
4273.327148 4.5713e-15
4276.07666 4.5228e-15
4278.826172 4.5344e-15
4281.575195 4.5553e-15
4284.324707 4.5304e-15
4287.07373 4.5416e-15
4289.822754 4.5676e-15
4292.572266 4.5067e-15
4295.321289 4.4577e-15
4298.070801 4.4779e-15
4300.819824 4.4235e-15
4303.569336 4.3848e-15
4306.318359 4.4157e-15
4309.067383 4.3435e-15
4311.816895 4.3125e-15
4314.565918 4.3326e-15
4317.314941 4.2866e-15
4320.064453 4.2658e-15
4322.813477 4.213e-15
4325.5625 4.0531e-15
4328.312012 3.9533e-15
4331.061035 3.7897e-15
4333.810059 3.5761e-15
4336.559082 3.2995e-15
4339.308105 3.0176e-15
4342.057617 2.8986e-15
4344.806641 3.0692e-15
4347.555664 3.3405e-15
4350.304688 3.606e-15
4353.053711 3.7429e-15
4355.802734 3.8525e-15
4358.551758 3.9912e-15
4361.300781 4.0957e-15
4364.050293 4.1559e-15
4366.799316 4.1579e-15
4369.54834 4.1005e-15
4372.297363 4.0965e-15
4375.046387 4.1645e-15
4377.79541 4.1325e-15
4380.544434 4.1567e-15
4383.292969 4.1812e-15
4386.041992 4.1207e-15
4388.791016 4.1086e-15
4391.540039 4.168e-15
4394.289062 4.1643e-15
4397.038086 4.131e-15
4399.787109 4.1328e-15
4402.535645 4.1502e-15
4405.284668 4.1088e-15
4408.033691 4.0889e-15
4410.782715 4.1457e-15
4413.531738 4.0881e-15
4416.280273 4.0761e-15
4419.029297 4.0698e-15
4421.77832 4.0765e-15
4424.526855 4.1017e-15
4427.275879 4.0313e-15
4430.024414 4.062e-15
4432.773438 4.0511e-15
4435.522461 4.0502e-15
4438.270996 4.0271e-15
4441.02002 4.0644e-15
4443.768555 4.0193e-15
4446.517578 4.0385e-15
4449.266113 4.013e-15
4452.015137 3.9912e-15
4454.763672 3.9605e-15
4457.512207 3.9892e-15
4460.26123 3.9576e-15
4463.009766 3.947e-15
4465.758789 4.01e-15
4468.507324 3.8967e-15
4471.255859 3.6977e-15
4474.004395 3.6832e-15
4476.753418 3.7999e-15
4479.501953 3.9444e-15
4482.250488 3.941e-15
4484.999023 3.9202e-15
4487.748047 3.9199e-15
4490.496582 3.9216e-15
4493.245117 3.8346e-15
4495.993652 3.8288e-15
4498.742188 3.8172e-15
4501.490723 3.8176e-15
4504.239258 3.8286e-15
4506.987793 3.8351e-15
4509.736328 3.7607e-15
4512.484863 3.8084e-15
4515.233398 3.8424e-15
4517.981934 3.813e-15
4520.730469 3.8211e-15
4523.478516 3.8064e-15
4526.227051 3.8276e-15
4528.975586 3.7888e-15
4531.724121 3.7334e-15
4534.472656 3.7723e-15
4537.220703 3.7089e-15
4539.969238 3.6857e-15
4542.717773 3.6903e-15
4545.46582 3.7049e-15
4548.214355 3.7133e-15
4550.962891 3.7055e-15
4553.710938 3.7138e-15
4556.459473 3.6605e-15
4559.20752 3.6795e-15
4561.956055 3.6598e-15
4564.704102 3.6282e-15
4567.452637 3.6398e-15
4570.200684 3.6254e-15
4572.949219 3.6346e-15
4575.697266 3.6457e-15
4578.445312 3.6456e-15
4581.193848 3.6523e-15
4583.941895 3.6435e-15
4586.689941 3.5791e-15
4589.437988 3.5454e-15
4592.186523 3.606e-15
4594.93457 3.5821e-15
4597.682617 3.5632e-15
4600.430664 3.5391e-15
4603.178711 3.5523e-15
4605.926758 3.582e-15
4608.674805 3.5259e-15
4611.422852 3.4725e-15
4614.170898 3.5284e-15
4616.918945 3.551e-15
4619.666992 3.5006e-15
4622.415039 3.5553e-15
4625.163086 3.4822e-15
4627.911133 3.4813e-15
4630.658691 3.4986e-15
4633.406738 3.4472e-15
4636.154785 3.4992e-15
4638.902832 3.4938e-15
4641.650391 3.4945e-15
4644.398438 3.462e-15
4647.145996 3.4283e-15
4649.894043 3.3863e-15
4652.64209 3.4339e-15
4655.389648 3.4144e-15
4658.137695 3.4362e-15
4660.885254 3.4051e-15
4663.633301 3.3687e-15
4666.380859 3.407e-15
4669.128418 3.3804e-15
4671.876465 3.4044e-15
4674.624023 3.3623e-15
4677.371582 3.3587e-15
4680.119141 3.3474e-15
4682.867188 3.3432e-15
4685.614746 3.3341e-15
4688.362305 3.3566e-15
4691.109863 3.3525e-15
4693.857422 3.2726e-15
4696.60498 3.3109e-15
4699.352539 3.3665e-15
4702.100098 3.3381e-15
4704.847656 3.3147e-15
4707.595215 3.3055e-15
4710.342773 3.2215e-15
4713.090332 3.2748e-15
4715.837891 3.2113e-15
4718.584961 3.2055e-15
4721.33252 3.2378e-15
4724.080078 3.2268e-15
4726.827637 3.2352e-15
4729.574707 3.2418e-15
4732.322266 3.2553e-15
4735.069336 3.2589e-15
4737.816895 3.278e-15
4740.563965 3.2487e-15
4743.311523 3.2357e-15
4746.058594 3.2379e-15
4748.806152 3.1761e-15
4751.553223 3.1991e-15
4754.300293 3.2198e-15
4757.047852 3.1781e-15
4759.794922 3.1733e-15
4762.541992 3.128e-15
4765.289062 3.1195e-15
4768.036133 3.1193e-15
4770.783691 3.0817e-15
4773.530762 3.0495e-15
4776.277832 3.143e-15
4779.024902 3.12e-15
4781.771973 3.0738e-15
4784.519043 3.107e-15
4787.266113 3.1076e-15
4790.012695 3.0967e-15
4792.759766 3.0318e-15
4795.506836 3.0159e-15
4798.253906 3.0593e-15
4801.000488 3.025e-15
4803.747559 3.0139e-15
4806.494629 3.0169e-15
4809.241211 3.0067e-15
4811.988281 2.9996e-15
4814.734863 3.0409e-15
4817.481934 3.0115e-15
4820.228516 3.0087e-15
4822.975586 2.9675e-15
4825.722168 2.9954e-15
4828.46875 2.9915e-15
4831.21582 2.9758e-15
4833.962402 2.9613e-15
4836.708984 2.879e-15
4839.455566 2.8463e-15
4842.202148 2.8401e-15
4844.94873 2.7947e-15
4847.695312 2.7149e-15
4850.441895 2.5813e-15
4853.188477 2.5022e-15
4855.935059 2.3699e-15
4858.681641 2.1759e-15
4861.428223 1.9928e-15
4864.174805 2.0752e-15
4866.921387 2.2374e-15
4869.66748 2.4103e-15
4872.414062 2.5319e-15
4875.160645 2.5385e-15
4877.906738 2.6458e-15
4880.65332 2.7034e-15
4883.399414 2.724e-15
4886.145996 2.7841e-15
4888.89209 2.8017e-15
4891.638672 2.8231e-15
4894.384766 2.7909e-15
4897.130859 2.8218e-15
4899.877441 2.8291e-15
4902.623535 2.8136e-15
4905.369629 2.8135e-15
4908.115723 2.828e-15
4910.861816 2.8564e-15
4913.60791 2.823e-15
4916.354004 2.8069e-15
4919.100098 2.8085e-15
4921.846191 2.6994e-15
4924.592285 2.7453e-15
4927.338379 2.7847e-15
4930.084473 2.7778e-15
4932.830078 2.8115e-15
4935.576172 2.807e-15
4938.322266 2.7778e-15
4941.067871 2.7892e-15
4943.813965 2.8154e-15
4946.55957 2.8224e-15
4949.305664 2.7867e-15
4952.05127 2.7555e-15
4954.797363 2.7444e-15
4957.542969 2.7343e-15
4960.288574 2.7129e-15
4963.03418 2.7315e-15
4965.780273 2.7904e-15
4968.525879 2.7448e-15
4971.271484 2.7345e-15
4974.01709 2.7165e-15
4976.762695 2.6826e-15
4979.508301 2.7091e-15
4982.253906 2.6975e-15
4984.999512 2.6538e-15
4987.745117 2.6862e-15
4990.490234 2.6781e-15
4993.23584 2.6939e-15
4995.981445 2.6721e-15
4998.726562 2.6572e-15
5001.472168 2.6857e-15
5004.217773 2.6626e-15
5006.962891 2.6545e-15
5009.708496 2.6001e-15
5012.453613 2.6071e-15
5015.19873 2.5964e-15
5017.944336 2.6155e-15
5020.689453 2.6175e-15
5023.43457 2.6482e-15
5026.179688 2.6349e-15
5028.924805 2.6305e-15
5031.669922 2.6207e-15
5034.415039 2.6065e-15
5037.160156 2.6154e-15
5039.905273 2.5975e-15
5042.650391 2.5597e-15
5045.395508 2.5597e-15
5048.140625 2.5537e-15
5050.885742 2.5985e-15
5053.630371 2.585e-15
5056.375488 2.5683e-15
5059.120117 2.5673e-15
5061.865234 2.5626e-15
5064.609863 2.5577e-15
5067.35498 2.5747e-15
5070.099609 2.5768e-15
5072.844727 2.5528e-15
5075.589355 2.5468e-15
5078.333984 2.495e-15
5081.078613 2.5115e-15
5083.823242 2.5159e-15
5086.567871 2.5071e-15
5089.3125 2.5012e-15
5092.057129 2.475e-15
5094.801758 2.4606e-15
5097.546387 2.4395e-15
5100.291016 2.4548e-15
5103.035645 2.4634e-15
5105.779785 2.4616e-15
5108.524414 2.4604e-15
5111.269043 2.4433e-15
5114.013184 2.4799e-15
5116.757812 2.49e-15
5119.501953 2.4612e-15
5122.246582 2.4385e-15
5124.990723 2.4322e-15
5127.734863 2.4674e-15
5130.479004 2.4574e-15
5133.223633 2.4497e-15
5135.967773 2.4299e-15
5138.711914 2.4268e-15
5141.456055 2.4488e-15
5144.200195 2.4207e-15
5146.944336 2.4177e-15
5149.687988 2.4502e-15
5152.432129 2.427e-15
5155.17627 2.4175e-15
5157.92041 2.3703e-15
5160.664062 2.3257e-15
5163.408203 2.3602e-15
5166.151855 2.3683e-15
5168.895996 2.3738e-15
5171.639648 2.3785e-15
5174.383789 2.3748e-15
5177.127441 2.3999e-15
5179.871094 2.368e-15
5182.614746 2.3335e-15
5185.358887 2.3654e-15
5188.102539 2.3767e-15
5190.846191 2.3545e-15
5193.589844 2.321e-15
5196.333496 2.3171e-15
5199.07666 2.3158e-15
5201.820312 2.3383e-15
5204.563965 2.3071e-15
5207.307617 2.3369e-15
5210.050781 2.2795e-15
5212.794434 2.3069e-15
5215.537598 2.3552e-15
5218.28125 2.2975e-15
5221.024414 2.305e-15
5223.767578 2.3231e-15
5226.51123 2.3016e-15
5229.254395 2.2666e-15
5231.997559 2.2903e-15
5234.740723 2.2961e-15
5237.483887 2.2772e-15
5240.227051 2.2414e-15
5242.970215 2.2854e-15
5245.713379 2.2957e-15
5248.456543 2.2488e-15
5251.199707 2.2543e-15
5253.942383 2.258e-15
5256.685547 2.2294e-15
5259.428711 2.2669e-15
5262.171387 2.2482e-15
5264.914062 2.2027e-15
5267.657227 2.1962e-15
5270.399902 2.2374e-15
5273.142578 2.2053e-15
5275.885742 2.2068e-15
5278.628418 2.2162e-15
5281.371094 2.2061e-15
5284.11377 2.1999e-15
5286.856445 2.2031e-15
5289.599121 2.2311e-15
5292.341797 2.1888e-15
5295.084473 2.1638e-15
5297.82666 2.1657e-15
5300.569336 2.1852e-15
5303.311523 2.1768e-15
5306.054199 2.2092e-15
5308.796875 2.2009e-15
5311.539062 2.1738e-15
5314.28125 2.1625e-15
5317.023926 2.161e-15
5319.766113 2.1416e-15
5322.508301 2.156e-15
5325.250488 2.1267e-15
5327.992676 2.1204e-15
5330.734863 2.1021e-15
5333.477051 2.0925e-15
5336.219238 2.1331e-15
5338.961426 2.1638e-15
5341.703125 2.1191e-15
5344.445312 2.1245e-15
5347.1875 2.1181e-15
5349.929199 2.1249e-15
5352.671387 2.1481e-15
5355.413086 2.1261e-15
5358.154785 2.0565e-15
5360.896973 2.0327e-15
5363.638672 2.1028e-15
5366.380371 2.0906e-15
5369.12207 2.1034e-15
5371.86377 2.0771e-15
5374.605469 2.0728e-15
5377.347168 2.0786e-15
5380.088867 2.0599e-15
5382.830566 2.0703e-15
5385.571777 2.0988e-15
5388.313477 2.095e-15
5391.055176 2.0615e-15
5393.796387 2.0834e-15
5396.538086 2.0989e-15
5399.279297 2.0989e-15
5402.020508 2.0658e-15
5404.761719 2.0301e-15
5407.503418 2.0562e-15
5410.244629 2.0623e-15
5412.98584 2.047e-15
5415.727051 2.0287e-15
5418.468262 2.0031e-15
5421.208984 1.987e-15
5423.950195 2.015e-15
5426.691406 2.0227e-15
5429.432617 2.0088e-15
5432.17334 2.0231e-15
5434.914551 1.9981e-15
5437.655273 2.0057e-15
5440.395996 1.978e-15
5443.137207 1.9927e-15
5445.87793 1.9905e-15
5448.618652 1.96e-15
5451.654297 2.01e-15
5456.525391 1.9731e-15
5461.395996 1.9532e-15
5466.26709 1.9337e-15
5471.138184 1.9372e-15
5476.009277 1.9438e-15
5480.880371 1.9529e-15
5485.751953 1.9262e-15
5490.623047 1.9338e-15
5495.494141 1.9263e-15
5500.365723 1.9124e-15
5505.237305 1.9706e-15
5510.108887 1.8761e-15
5514.980469 1.9006e-15
5519.852051 1.9098e-15
5524.723633 1.9121e-15
5529.595215 1.8738e-15
5534.467285 1.8846e-15
5539.338867 1.8336e-15
5544.210938 1.8004e-15
5549.08252 1.8843e-15
5553.95459 1.8686e-15
5558.82666 1.8585e-15
5563.69873 1.7972e-15
5568.570801 1.8129e-15
5573.443359 1.8842e-15
5578.31543 1.8227e-15
5583.187988 1.8354e-15
5588.060059 1.8183e-15
5592.932617 1.8234e-15
5597.805176 1.7852e-15
5602.677734 1.8073e-15
5607.550293 1.7719e-15
5612.422852 1.7909e-15
5617.29541 1.7571e-15
5622.168457 1.7654e-15
5627.041016 1.8045e-15
5631.914062 1.7429e-15
5636.786621 1.748e-15
5641.659668 1.7678e-15
5646.532715 1.7213e-15
5651.405762 1.7349e-15
5656.278809 1.7054e-15
5661.151855 1.7369e-15
5666.024902 1.7399e-15
5670.898438 1.7188e-15
5675.771484 1.6678e-15
5680.64502 1.7005e-15
5685.518555 1.6674e-15
5690.39209 1.7e-15
5695.265625 1.7185e-15
5700.13916 1.6913e-15
5705.012695 1.6949e-15
5709.88623 1.6596e-15
5714.759766 1.6308e-15
5719.633789 1.6458e-15
5724.507324 1.6576e-15
5729.381348 1.6749e-15
5734.255371 1.6639e-15
5739.129395 1.6543e-15
5744.00293 1.6778e-15
5748.877441 1.6493e-15
5753.751465 1.6041e-15
5758.625488 1.5275e-15
5763.499512 1.5774e-15
5768.374023 1.6331e-15
5773.248047 1.5809e-15
5778.122559 1.6181e-15
5782.99707 1.5706e-15
5787.871582 1.5868e-15
5792.745605 1.6167e-15
5797.620605 1.6212e-15
5802.495117 1.5971e-15
5807.369629 1.5928e-15
5812.244141 1.5723e-15
5817.119141 1.5707e-15
5821.993652 1.5742e-15
5826.868652 1.5617e-15
5831.743652 1.5533e-15
5836.618164 1.5278e-15
5841.493164 1.5502e-15
5846.368164 1.5419e-15
5851.243164 1.5226e-15
5856.118652 1.5371e-15
5860.993652 1.5151e-15
5865.868652 1.5295e-15
5870.744141 1.5191e-15
5875.619141 1.4435e-15
5880.494629 1.4938e-15
5885.370117 1.5012e-15
5890.245605 1.4674e-15
5895.121094 1.4275e-15
5899.996582 1.4693e-15
5904.87207 1.4931e-15
5909.747559 1.4911e-15
5914.623535 1.4781e-15
5919.499023 1.4627e-15
5924.375 1.4508e-15
5929.250488 1.4457e-15
5934.126465 1.4491e-15
5939.002441 1.462e-15
5943.878418 1.4366e-15
5948.754395 1.4585e-15
5953.630371 1.4165e-15
5958.506348 1.4487e-15
5963.382324 1.4142e-15
5968.258301 1.4266e-15
5973.134766 1.4136e-15
5978.010742 1.4147e-15
5982.887207 1.3973e-15
5987.763672 1.4004e-15
5992.639648 1.3939e-15
5997.516113 1.4046e-15
6002.392578 1.3999e-15
6007.269043 1.3501e-15
6012.145996 1.3756e-15
6017.022461 1.3714e-15
6021.898926 1.3955e-15
6026.775879 1.3713e-15
6031.652344 1.377e-15
6036.529297 1.3764e-15
6041.405762 1.3522e-15
6046.282715 1.3714e-15
6051.159668 1.3779e-15
6056.036621 1.3647e-15
6060.913574 1.3559e-15
6065.790527 1.3667e-15
6070.66748 1.3541e-15
6075.544434 1.3617e-15
6080.421875 1.3542e-15
6085.298828 1.336e-15
6090.17627 1.3127e-15
6095.053223 1.3153e-15
6099.930664 1.3172e-15
6104.808105 1.3004e-15
6109.685547 1.3151e-15
6114.562988 1.3144e-15
6119.44043 1.2751e-15
6124.317871 1.2937e-15
6129.195312 1.3143e-15
6134.072754 1.2939e-15
6138.950684 1.2981e-15
6143.828125 1.3015e-15
6148.706055 1.2902e-15
6153.583496 1.2917e-15
6158.461426 1.2894e-15
6163.339355 1.2881e-15
6168.217285 1.2488e-15
6173.095215 1.2603e-15
6177.973145 1.2614e-15
6182.851074 1.2572e-15
6187.729004 1.2476e-15
6192.606934 1.2488e-15
6197.484863 1.2561e-15
6202.363281 1.2237e-15
6207.241211 1.2433e-15
6212.119629 1.2504e-15
6216.998047 1.2212e-15
6221.875977 1.2514e-15
6226.754395 1.2372e-15
6231.632812 1.2262e-15
6236.51123 1.2122e-15
6241.389648 1.2137e-15
6246.268066 1.2432e-15
6251.146484 1.2046e-15
6256.025391 1.2107e-15
6260.903809 1.2004e-15
6265.782227 1.1795e-15
6270.661133 1.1735e-15
6275.539551 1.2058e-15
6280.418457 1.1904e-15
6285.297363 1.178e-15
6290.17627 1.1671e-15
6295.055176 1.1942e-15
6299.933594 1.1981e-15
6304.8125 1.2207e-15
6309.691895 1.1685e-15
6314.570801 1.1508e-15
6319.449707 1.1396e-15
6324.328613 1.1307e-15
6329.208008 1.142e-15
6334.086914 1.1529e-15
6338.966309 1.1394e-15
6343.845215 1.1145e-15
6348.724609 1.1356e-15
6353.604004 1.1271e-15
6358.483398 1.1709e-15
6363.362793 1.1456e-15
6368.241699 1.1451e-15
6373.121582 1.1337e-15
6378.000977 1.1164e-15
6382.880371 1.142e-15
6387.759766 1.1116e-15
6392.63916 1.1418e-15
6397.519043 1.1185e-15
6402.398438 1.1045e-15
6407.27832 1.1255e-15
6412.157715 1.1076e-15
6417.037598 1.1059e-15
6421.91748 1.11e-15
6426.797363 1.1183e-15
6431.677246 1.1101e-15
6436.556641 1.09e-15
6441.437012 1.0935e-15
6446.316895 1.1166e-15
6451.196777 1.0655e-15
6456.07666 1.0756e-15
6460.956543 1.079e-15
6465.836914 1.0843e-15
6470.716797 1.0852e-15
6475.597168 1.0959e-15
6480.477051 1.0657e-15
6485.357422 1.0554e-15
6490.237305 1.061e-15
6495.117676 1.0494e-15
6499.998047 1.0453e-15
6504.878418 1.0515e-15
6509.758789 1.0362e-15
6514.63916 1.0417e-15
6519.519531 1.0359e-15
6524.399902 1.0073e-15
6529.280273 1.0195e-15
6534.160645 1.0232e-15
6539.041504 9.9834e-16
6543.921875 9.8629e-16
6548.802734 9.6266e-16
6553.683105 9.2577e-16
6558.563965 8.7224e-16
6563.444336 8.2549e-16
6568.325195 8.4668e-16
6573.206055 8.8783e-16
6578.086914 9.2995e-16
6582.967773 9.5851e-16
6587.848145 9.7725e-16
6592.729004 9.928e-16
6597.610352 9.827e-16
6602.491211 9.7899e-16
6607.37207 9.9553e-16
6612.25293 1.0057e-15
6617.133789 9.8907e-16
6622.015137 9.9128e-16
6626.895996 9.9192e-16
6631.777344 9.9238e-16
6636.658203 9.4341e-16
6641.539551 9.6331e-16
6646.420898 9.7927e-16
6651.301758 9.6584e-16
6656.183105 9.6626e-16
6661.064453 9.6954e-16
6665.945801 9.7334e-16
6670.827148 9.5816e-16
6675.708496 9.5823e-16
6680.589844 9.4492e-16
6685.471191 9.498e-16
6690.352539 9.3784e-16
6695.233887 9.399e-16
6700.115723 9.4673e-16
6704.99707 9.5935e-16
6709.878418 9.529e-16
6714.760254 9.4491e-16
6719.641602 9.6566e-16
6724.523438 9.2803e-16
6729.404785 9.3513e-16
6734.286621 9.1089e-16
6739.168457 9.1195e-16
6744.050293 9.376e-16
6748.931641 9.2988e-16
6753.813477 9.0073e-16
6758.695312 9.1185e-16
6763.577148 9.0097e-16
6768.458984 9.0771e-16
6773.34082 9.0953e-16
6778.223145 8.7959e-16
6783.10498 8.8214e-16
6787.986816 8.9233e-16
6792.868652 9.0306e-16
6797.750977 8.7897e-16
6802.632812 8.8362e-16
6807.514648 8.9398e-16
6812.396973 9.0147e-16
6817.279297 9.0188e-16
6822.161133 8.8611e-16
6827.043457 9.0302e-16
6831.925293 8.8405e-16
6836.807617 8.8867e-16
6841.689941 8.6267e-16
6846.572266 8.7251e-16
6851.45459 8.8041e-16
6856.336914 8.6703e-16
6861.219238 8.6815e-16
6866.101562 8.4269e-16
6870.983887 8.4905e-16
6875.866211 8.459e-16
6880.748535 8.714e-16
6885.630859 8.4663e-16
6890.513672 8.5825e-16
6895.395996 8.4624e-16
6900.27832 8.4817e-16
6905.161133 8.3718e-16
6910.043457 8.3075e-16
6914.92627 8.3561e-16
6919.808594 8.4521e-16
6924.691406 8.4802e-16
6929.57373 8.406e-16
6934.456543 8.4348e-16
6939.339355 8.4811e-16
6944.222168 8.2367e-16
6949.104492 8.3303e-16
6953.987305 8.4107e-16
6958.870117 8.4309e-16
6963.75293 8.2693e-16
6968.635742 8.3306e-16
6973.518555 8.2173e-16
6978.401367 8.0485e-16
6983.28418 8.2442e-16
6988.16748 8.0707e-16
6993.050293 8.1969e-16
6997.933105 8.0742e-16
7002.815918 8.2846e-16
7007.699219 8.0293e-16
7012.582031 8.0206e-16
7017.464844 7.9294e-16
7022.348145 7.963e-16
7027.230957 8.0067e-16
7032.114258 8.0804e-16
7036.99707 8.1315e-16
7041.880371 8.1528e-16
7046.763672 7.8484e-16
7051.646484 7.993e-16
7056.529785 7.8873e-16
7061.413086 7.8935e-16
7066.296387 7.9002e-16
7071.179199 7.798e-16
7076.0625 7.907e-16
7080.945801 7.7531e-16
7085.829102 7.9039e-16
7090.712402 7.7301e-16
7095.595703 7.6985e-16
7100.479004 7.759e-16
7105.362305 7.7308e-16
7110.245605 7.6436e-16
7115.129395 7.5877e-16
7120.012695 7.7405e-16
7124.895996 7.7323e-16
7129.779297 7.7401e-16
7134.663086 7.6302e-16
7139.546387 7.6322e-16
7144.429688 7.6143e-16
7149.313477 7.6637e-16
7154.196777 7.6656e-16
7159.080566 7.473e-16
7163.963867 7.4069e-16
7168.847656 7.382e-16
7173.730957 7.5655e-16
7178.614746 7.5288e-16
7183.498047 7.4918e-16
7188.381836 7.4222e-16
7193.265625 7.2571e-16
7198.149414 7.2526e-16
7203.032715 7.5369e-16
7207.916504 7.4457e-16
7212.800293 7.3608e-16
7217.684082 7.156e-16
7222.567871 7.1926e-16
7227.45166 7.3209e-16
7232.335449 7.1704e-16
7237.219238 7.2812e-16
7242.103027 7.2453e-16
7246.986816 7.2066e-16
7251.870605 7.3512e-16
7256.754395 7.2937e-16
7261.638184 7.3212e-16
7266.521973 7.2966e-16
7271.405762 7.2662e-16
7276.289551 7.1591e-16
7281.173828 6.9231e-16
7286.057617 7.2351e-16
7290.941406 7.3113e-16
7295.825684 7.2355e-16
7300.709473 7.052e-16
7305.593262 7.0435e-16
7310.477539 6.9602e-16
7315.361328 7.0161e-16
7320.245605 6.8965e-16
7325.129395 7.1969e-16
7330.013672 7.1279e-16
7334.897461 7.021e-16
7339.781738 6.9614e-16
7344.665527 6.7947e-16
7349.549805 7.0911e-16
7354.433594 6.8922e-16
7359.317871 6.6646e-16
7364.202148 6.7096e-16
7369.086426 6.9609e-16
7373.970215 6.804e-16
7378.854492 6.8697e-16
7383.73877 6.9827e-16
7388.623047 6.7607e-16
7393.506836 6.8811e-16
7398.391113 7.0113e-16
7403.275391 6.9309e-16
7408.159668 6.7146e-16
7413.043945 6.6172e-16
7417.928223 6.5879e-16
7422.8125 6.7588e-16
7427.696777 6.7431e-16
7432.581055 6.8514e-16
7437.465332 6.9461e-16
7442.349609 6.3129e-16
7447.233887 6.6984e-16
7452.118164 6.673e-16
7457.002441 6.5269e-16
7461.886719 6.5968e-16
7466.770996 6.6084e-16
7471.655273 6.5513e-16
7476.539551 6.4582e-16
7481.424316 6.5543e-16
7486.308594 6.3245e-16
7491.192871 6.5186e-16
7496.077148 6.2775e-16
7500.961914 6.4175e-16
7505.846191 6.2279e-16
7510.730469 6.3585e-16
7515.614746 6.364e-16
7520.499512 6.5082e-16
7525.383789 6.3203e-16
7530.268066 6.4381e-16
7535.152832 6.2958e-16
7540.037109 6.2933e-16
7544.921875 6.4746e-16
7549.806152 6.3361e-16
7554.69043 6.2989e-16
7559.575195 6.2691e-16
7564.459473 6.1774e-16
7569.344238 6.1751e-16
7574.228516 6.3661e-16
7579.113281 6.3203e-16
7583.997559 6.3692e-16
7588.882324 6.2427e-16
7593.766602 6.1743e-16
7598.651367 6.2392e-16
7603.535645 6.1252e-16
7608.42041 6.0015e-16
7613.305176 6.0937e-16
7618.189453 6.0681e-16
7623.074219 5.9729e-16
7627.958496 6.085e-16
7632.843262 6.1035e-16
7637.728027 5.8889e-16
7642.612305 6.0164e-16
7647.49707 6.0582e-16
7652.381836 6.2085e-16
7657.266113 5.9601e-16
7662.150879 5.9174e-16
7667.035645 5.7795e-16
7671.919922 6.0109e-16
7676.804688 5.9767e-16
7681.689453 6.0235e-16
7686.574219 5.9529e-16
7691.458496 5.8643e-16
7696.343262 5.8869e-16
7701.228027 5.8985e-16
7706.112793 5.8449e-16
7710.99707 5.7031e-16
7715.881836 5.753e-16
7720.766602 5.7997e-16
7725.651367 5.9388e-16
7730.536133 5.8971e-16
7735.42041 5.8661e-16
7740.305176 5.8078e-16
7745.189941 5.8385e-16
7750.074707 5.8251e-16
7754.959473 5.802e-16
7759.84375 5.7555e-16
7764.728516 5.6137e-16
7769.613281 5.7183e-16
7774.498047 5.6497e-16
7779.382812 5.8083e-16
7784.267578 5.7944e-16
7789.152344 5.7045e-16
7794.036621 5.6821e-16
7798.921387 5.7635e-16
7803.806152 5.7266e-16
7808.690918 5.6816e-16
7813.575684 5.647e-16
7818.460449 5.6865e-16
7823.345215 5.6711e-16
7828.22998 5.5776e-16
7833.114258 5.5191e-16
7837.999023 5.5338e-16
7842.883789 5.6662e-16
7847.768555 5.6082e-16
7852.65332 5.4716e-16
7857.538086 5.5851e-16
7862.422852 5.4697e-16
7867.307617 5.639e-16
7872.191895 5.493e-16
7877.07666 5.3644e-16
7881.961426 5.2847e-16
7886.846191 5.5707e-16
7891.730957 5.231e-16
7896.615723 5.6211e-16
7901.500488 5.2637e-16
7906.385254 5.3888e-16
7911.269531 5.4795e-16
7916.154297 5.3994e-16
7921.039062 5.3204e-16
7925.923828 5.3688e-16
7930.808594 5.3566e-16
7935.693359 5.3115e-16
7940.578125 5.0824e-16
7945.462402 5.2185e-16
7950.347168 5.2796e-16
7955.231934 5.3072e-16
7960.116699 5.2638e-16
7965.001465 5.2605e-16
7969.88623 5.0716e-16
7974.770508 5.3309e-16
7979.655273 5.1839e-16
7984.540039 5.2205e-16
7989.424805 5.1616e-16
7994.30957 5.1169e-16
7999.193848 5.2583e-16
8004.078613 5.3316e-16
8008.963379 5.1514e-16
8013.848145 5.0577e-16
8018.732422 5.0786e-16
8023.617188 5.1269e-16
8028.501953 4.8991e-16
8033.386719 5.2299e-16
8038.270996 5.1072e-16
8043.155762 5.0206e-16
8048.040527 5.2261e-16
8052.925293 5.0502e-16
8057.80957 4.8126e-16
8062.694336 4.8743e-16
8067.579102 5.0189e-16
8072.463379 5.2548e-16
8077.348145 4.8509e-16
8082.23291 4.9105e-16
8087.117188 4.9909e-16
8092.001953 4.963e-16
8096.88623 5.0326e-16
8101.770996 5.0282e-16
8106.655762 4.8441e-16
8111.540039 4.8659e-16
8116.424805 4.7238e-16
8121.309082 4.7497e-16
8126.193848 4.7419e-16
8131.078125 4.7555e-16
8135.962891 4.8553e-16
8140.847168 4.9154e-16
8145.731934 4.8998e-16
8150.616211 4.9504e-16
8155.500977 5.2704e-16
8160.385254 4.9433e-16
8165.27002 4.7766e-16
8170.154297 4.9415e-16
8175.038574 4.5872e-16
8179.92334 4.6032e-16
8184.807617 4.5855e-16
8189.691895 4.7753e-16
8194.576172 4.6072e-16
8199.460938 4.5881e-16
8204.345703 4.7758e-16
8209.229492 4.7781e-16
8214.114258 4.6776e-16
8218.999023 4.6058e-16
8223.882812 4.5702e-16
8228.767578 4.7038e-16
8233.651367 4.6376e-16
8238.536133 4.7378e-16
8243.420898 4.7817e-16
8248.304688 4.5781e-16
8253.189453 4.7215e-16
8258.073242 4.5554e-16
8262.958008 4.3592e-16
8267.841797 4.6592e-16
8272.726562 4.6342e-16
8277.610352 4.5826e-16
8282.495117 4.6541e-16
8287.378906 4.4788e-16
8292.263672 4.535e-16
8297.147461 4.6682e-16
8302.032227 4.6348e-16
8306.916016 4.5372e-16
8311.800781 4.6094e-16
8316.68457 4.4972e-16
8321.568359 4.4909e-16
8326.453125 4.3966e-16
8331.336914 4.3842e-16
8336.22168 4.5118e-16
8341.105469 4.522e-16
8345.989258 4.3122e-16
8350.874023 4.4893e-16
8355.757812 4.4804e-16
8360.641602 4.3774e-16
8365.526367 4.5157e-16
8370.410156 4.4781e-16
8375.293945 4.4278e-16
8380.178711 4.5346e-16
8385.0625 4.3158e-16
8389.946289 4.4139e-16
8394.830078 4.3801e-16
8399.714844 4.3686e-16
8404.598633 4.5575e-16
8409.482422 4.1151e-16
8414.366211 4.2973e-16
8419.25 4.142e-16
8424.133789 4.2595e-16
8429.018555 4.4299e-16
8433.902344 4.2667e-16
8438.786133 4.5086e-16
8443.669922 4.0604e-16
8448.553711 4.1815e-16
8453.4375 4.079e-16
8458.321289 4.3154e-16
8463.205078 4.4139e-16
8468.088867 4.1385e-16
8472.972656 4.2767e-16
8477.856445 4.0841e-16
8482.740234 4.1255e-16
8487.624023 4.3273e-16
8492.507812 4.2829e-16
8497.391602 3.9382e-16
8502.275391 4.311e-16
8507.15918 4.0837e-16
8512.042969 4.0754e-16
8516.926758 4.1148e-16
8521.810547 4.1506e-16
8526.693359 4.1766e-16
8531.577148 4.106e-16
8536.460938 4.1234e-16
8541.344727 4.0491e-16
8546.228516 4.0988e-16
8551.111328 3.8702e-16
8555.995117 4.204e-16
8560.878906 4.1712e-16
8565.762695 4.0763e-16
8570.645508 4.1405e-16
8575.529297 4.1057e-16
8580.413086 4.0633e-16
8585.295898 3.9579e-16
8590.179688 3.7868e-16
8595.063477 3.7895e-16
8599.946289 4.1991e-16
8604.830078 4.1252e-16
8609.712891 3.9783e-16
8614.59668 4.1438e-16
8619.479492 4.0545e-16
8624.363281 4.131e-16
8629.246094 3.7526e-16
8634.129883 3.8193e-16
8639.012695 4.0515e-16
8643.896484 3.693e-16
8648.779297 3.9385e-16
8653.662109 3.9878e-16
8658.545898 3.8629e-16
8663.428711 3.9509e-16
8668.3125 3.9733e-16
8673.195312 3.9083e-16
8678.078125 4.0147e-16
8682.960938 3.923e-16
8687.844727 3.9538e-16
8692.727539 3.9251e-16
8697.610352 3.9576e-16
8702.493164 4.0696e-16
8707.375977 3.952e-16
8712.259766 3.8017e-16
8717.142578 3.8077e-16
8722.025391 3.893e-16
8726.908203 3.8465e-16
8731.791016 3.6137e-16
8736.673828 3.8489e-16
8741.556641 3.7196e-16
8746.439453 3.5559e-16
8751.322266 3.8252e-16
8756.205078 3.8448e-16
8761.087891 3.8211e-16
8765.970703 3.9991e-16
8770.853516 3.7006e-16
8775.736328 3.718e-16
8780.619141 3.6563e-16
8785.500977 3.7069e-16
8790.383789 3.4815e-16
8795.266602 3.7898e-16
8800.149414 3.8011e-16
8805.032227 3.8561e-16
8809.914062 3.7569e-16
8814.796875 3.8159e-16
8819.679688 3.7328e-16
8824.561523 3.5325e-16
8829.444336 3.4942e-16
8834.327148 3.7298e-16
8839.208984 3.6254e-16
8844.091797 3.6044e-16
8848.973633 3.5387e-16
8853.856445 3.4307e-16
8858.738281 3.6855e-16
8863.621094 3.6202e-16
8868.50293 3.456e-16
8873.385742 3.5595e-16
8878.267578 3.6902e-16
8883.149414 3.5722e-16
8888.032227 3.4072e-16
8892.914062 3.7569e-16
8897.795898 3.7914e-16
8902.678711 3.7023e-16
8907.560547 3.7473e-16
8912.442383 3.3651e-16
8917.324219 3.5292e-16
8922.206055 3.5853e-16
8927.087891 3.51e-16
8931.970703 3.7835e-16
8936.852539 3.6989e-16
8941.734375 3.4941e-16
8946.616211 3.5442e-16
8951.498047 3.4475e-16
8956.379883 3.3805e-16
8961.261719 3.7017e-16
8966.143555 3.5542e-16
8971.025391 3.5722e-16
8975.90625 3.6594e-16
8980.788086 3.3532e-16
8985.669922 3.471e-16
8990.551758 3.5365e-16
8995.433594 3.5213e-16
9000.314453 3.515e-16
9005.196289 3.3284e-16
9010.078125 3.2451e-16
9014.959961 3.2767e-16
9019.84082 3.2781e-16
9024.722656 3.3536e-16
9029.603516 3.467e-16
9034.485352 3.5329e-16
9039.366211 3.4585e-16
9044.248047 3.4091e-16
9049.128906 3.1923e-16
9054.010742 3.4356e-16
9058.891602 3.3677e-16
9063.773438 3.4832e-16
9068.654297 3.611e-16
9073.535156 3.4032e-16
9078.416992 3.3834e-16
9083.297852 3.4799e-16
9088.178711 3.6361e-16
9093.05957 3.3807e-16
9097.94043 3.4539e-16
9102.822266 3.5331e-16
9107.703125 3.5206e-16
9112.583984 3.3604e-16
9117.464844 3.5001e-16
9122.345703 3.4603e-16
9127.226562 3.2157e-16
9132.107422 3.4034e-16
9136.988281 3.2289e-16
9141.869141 3.3133e-16
9146.75 3.3645e-16
9151.629883 3.379e-16
9156.510742 3.115e-16
9161.391602 3.3718e-16
9166.272461 3.2854e-16
9171.152344 2.9557e-16
9176.033203 3.303e-16
9180.914062 3.5067e-16
9185.793945 3.114e-16
9190.674805 3.2079e-16
9195.555664 3.1804e-16
9200.435547 3.2e-16
9205.316406 3.1349e-16
9210.196289 3.0625e-16
9215.076172 3.0076e-16
9219.957031 2.9368e-16
9224.836914 2.9997e-16
9229.717773 2.9778e-16
9234.597656 3.1539e-16
9239.477539 2.9754e-16
9244.357422 2.8985e-16
9249.238281 3.2577e-16
9254.118164 3.1107e-16
9258.998047 3.073e-16
9263.87793 3.1896e-16
9268.757812 3.2586e-16
9273.637695 3.3423e-16
9278.517578 3.1237e-16
9283.397461 3.0382e-16
9288.277344 3.1245e-16
9293.157227 3.273e-16
9298.037109 3.2215e-16
9302.916992 3.0755e-16
9307.795898 3.3118e-16
9312.675781 3.2266e-16
9317.555664 3.1185e-16
9322.43457 3.0896e-16
9327.314453 3.1566e-16
9332.194336 3.0736e-16
9337.073242 3.1184e-16
9341.953125 3.1427e-16
9346.832031 3.2944e-16
9351.711914 3.1373e-16
9356.59082 3.0252e-16
9361.470703 2.9785e-16
9366.349609 3.1569e-16
9371.228516 3.174e-16
9376.108398 3.1693e-16
9380.987305 3.1212e-16
9385.866211 3.0816e-16
9390.745117 3.1305e-16
9395.625 3.2841e-16
9400.503906 3.1932e-16
9405.382812 3.081e-16
9410.261719 3.1519e-16
9415.140625 3.0065e-16
9420.019531 3.0734e-16
9424.898438 2.9654e-16
9429.777344 3.0318e-16
9434.655273 3.1259e-16
9439.53418 2.9482e-16
9444.413086 3.1369e-16
9449.291992 2.9588e-16
9454.169922 2.9622e-16
9459.048828 3.1231e-16
9463.927734 3.0617e-16
9468.805664 2.7636e-16
9473.68457 2.9593e-16
9478.5625 2.8786e-16
9483.441406 2.8954e-16
9488.319336 2.7811e-16
9493.198242 2.9363e-16
9498.076172 3.1842e-16
9502.954102 3.0161e-16
9507.833008 2.9232e-16
9512.710938 3.0876e-16
9517.588867 2.8546e-16
9522.466797 2.5534e-16
9527.344727 2.6599e-16
9532.222656 2.4944e-16
9537.100586 2.6451e-16
9541.978516 2.5252e-16
9546.856445 2.632e-16
9551.734375 2.6539e-16
9556.612305 2.6344e-16
9561.490234 2.7405e-16
9566.368164 2.8072e-16
9571.245117 2.8865e-16
9576.123047 2.8584e-16
9581.000977 2.6856e-16
9585.87793 2.7674e-16
9590.755859 2.5013e-16
9595.633789 2.8366e-16
9600.510742 2.8797e-16
9605.388672 2.7905e-16
9610.265625 2.9369e-16
9615.142578 2.7732e-16
9620.020508 2.8509e-16
9624.897461 3.0062e-16
9629.774414 2.8082e-16
9634.651367 2.6461e-16
9639.529297 2.7535e-16
9644.40625 2.9486e-16
9649.283203 2.8144e-16
9654.160156 2.8889e-16
9659.037109 2.8672e-16
9663.914062 2.945e-16
9668.791016 2.8566e-16
9673.667969 2.7878e-16
9678.543945 2.7275e-16
9683.420898 2.6588e-16
9688.297852 2.8197e-16
9693.174805 2.7767e-16
9698.050781 2.9637e-16
9702.927734 3.2673e-16
9707.803711 2.8788e-16
9712.680664 2.7257e-16
9717.556641 2.6569e-16
9722.433594 2.8449e-16
9727.30957 2.862e-16
9732.186523 2.6649e-16
9737.0625 2.6929e-16
9741.938477 2.6301e-16
9746.814453 2.5159e-16
9751.69043 2.5678e-16
9756.567383 2.7769e-16
9761.443359 2.7264e-16
9766.319336 3.0707e-16
9771.195312 2.9097e-16
9776.071289 2.6874e-16
9780.946289 2.6046e-16
9785.822266 2.6649e-16
9790.698242 2.714e-16
9795.574219 2.677e-16
9800.450195 2.7029e-16
9805.325195 2.8106e-16
9810.201172 2.4653e-16
9815.076172 2.66e-16
9819.952148 2.7418e-16
9824.827148 2.7275e-16
9829.703125 2.3749e-16
9834.578125 2.6089e-16
9839.453125 2.5615e-16
9844.329102 2.8984e-16
9849.204102 2.5384e-16
9854.079102 2.5676e-16
9858.954102 2.651e-16
9863.829102 2.5956e-16
9868.704102 2.8341e-16
9873.579102 3.0713e-16
9878.454102 2.6884e-16
9883.329102 2.8244e-16
9888.204102 2.4935e-16
9893.079102 2.3333e-16
9897.954102 2.7137e-16
9902.828125 2.5673e-16
9907.703125 2.6443e-16
9912.578125 2.5997e-16
9917.452148 2.4731e-16
9922.327148 2.4564e-16
9927.201172 2.6245e-16
9932.076172 2.3153e-16
9936.950195 2.542e-16
9941.824219 2.6309e-16
9946.698242 2.561e-16
9951.573242 2.7963e-16
9956.447266 2.6952e-16
9961.321289 2.5943e-16
9966.195312 2.4765e-16
9971.069336 2.451e-16
9975.943359 2.4333e-16
9980.817383 2.5107e-16
9985.691406 2.4399e-16
9990.56543 2.4706e-16
9995.438477 2.2839e-16
10000.3125 2.5574e-16
10005.186523 2.4519e-16
10010.05957 2.5649e-16
10014.933594 2.4359e-16
10019.806641 2.6481e-16
10024.680664 2.5442e-16
10029.553711 1.9298e-16
10034.426758 2.3129e-16
10039.300781 2.7366e-16
10044.173828 2.0496e-16
10049.046875 2.2223e-16
10069.144 2.304e-16
10097.282000000001 2.3039e-16
10125.420999999998 2.304e-16
10153.561 2.3032e-16
10181.698999999999 2.3021e-16
10209.837 2.2986e-16
10237.976 2.2954e-16
10266.116 2.279e-16
10294.254 2.2412e-16
10322.393 2.2152e-16
10350.533 2.1807e-16
10378.670999999998 2.1776e-16
10406.81 2.1675e-16
10434.949 2.1215e-16
10463.088 2.0825e-16
10491.226 2.0801e-16
10519.365 2.0756e-16
10547.504 2.0445e-16
10575.644 2.0466e-16
10603.783 2.0127e-16
10631.921 1.9774e-16
10660.059 1.9735e-16
10688.199 1.9319e-16
10716.338000000002 1.9207e-16
10744.476 1.8977e-16
10772.614 1.8469e-16
10800.753999999999 1.8237e-16
10828.893 1.8068e-16
10857.033000000001 1.7922e-16
10885.172 1.766e-16
10913.310000000001 1.7025e-16
10941.448 1.7087e-16
10969.588 1.6983e-16
10997.726999999999 1.6964e-16
11025.865 1.7164e-16
11054.002999999999 1.6961e-16
11082.143 1.6948e-16
11110.282000000001 1.689e-16
11138.421 1.6801e-16
11166.561 1.6828e-16
11194.698999999999 1.65e-16
11222.837000000001 1.6326e-16
11250.975999999999 1.6257e-16
11279.116 1.6087e-16
11307.254 1.5935e-16
11335.393 1.5728e-16
11363.533 1.5624e-16
11391.671 1.5441e-16
11419.81 1.5299e-16
11447.948999999999 1.5177e-16
11476.088 1.5031e-16
11504.225999999999 1.4814e-16
11532.365 1.4759e-16
11560.504 1.4727e-16
11588.643 1.4667e-16
11616.782000000001 1.4622e-16
11644.920999999998 1.4387e-16
11673.059 1.428e-16
11705.599 1.4162e-16
11745.588 1.3861e-16
11785.576 1.3655e-16
11825.565 1.3611e-16
11865.554 1.3548e-16
11905.543000000001 1.3368e-16
11945.531 1.3165e-16
11985.52 1.2991e-16
12025.509 1.2911e-16
12065.498 1.2741e-16
12105.486 1.2584e-16
12145.474999999999 1.2474e-16
12185.464 1.239e-16
12225.453 1.2236e-16
12265.440999999999 1.1999e-16
12305.43 1.1887e-16
12345.419 1.1888e-16
12385.408 1.1865e-16
12425.395999999999 1.1718e-16
12465.385 1.1454e-16
12505.374 1.1231e-16
12545.363000000001 1.1057e-16
12585.351 1.1046e-16
12625.34 1.0948e-16
12665.329000000002 1.0671e-16
12705.318000000001 1.0416e-16
12745.306 1.0218e-16
12785.295 1.0148e-16
12825.284 1.0013e-16
12865.273 9.8793e-17
12905.261999999999 9.8412e-17
12945.25 9.8131e-17
12985.239 9.8167e-17
13025.228 9.7441e-17
13065.217 9.7581e-17
13105.205 9.6696e-17
13145.194 9.6122e-17
13185.183 9.447e-17
13225.172 9.2776e-17
13265.16 9.1779e-17
13305.149000000001 9.1004e-17
13345.138 9.0141e-17
13385.127 8.8522e-17
13425.115000000002 8.7412e-17
13465.104000000001 8.6365e-17
13505.092999999999 8.5632e-17
13545.081999999999 8.4638e-17
13585.07 8.3213e-17
13625.059 8.2756e-17
13665.047999999999 8.2452e-17
13705.037 8.2123e-17
13745.025 8.1535e-17
13785.014 8.0748e-17
13825.003 7.9852e-17
13864.992 7.9195e-17
13904.98 7.8362e-17
13944.969000000001 7.686e-17
13984.958 7.5971e-17
14024.947 7.5651e-17
14064.935000000001 7.5105e-17
14104.924 7.446e-17
14144.912999999999 7.362e-17
14184.902 7.3024e-17
14224.89 7.286e-17
14264.878999999999 7.2225e-17
14304.867999999999 7.135e-17
14344.857 7.1043e-17
14384.845 7.0835e-17
14424.833999999999 7.0462e-17
14464.823 7.0009e-17
14504.812 6.9153e-17
14544.801000000001 6.7977e-17
14584.79 6.6638e-17
14624.779 6.542e-17
14664.768 6.5256e-17
14704.757 6.5194e-17
14744.744999999999 6.4935e-17
14784.733999999999 6.4164e-17
14824.723 6.3649e-17
14864.712 6.3118e-17
14904.701000000001 6.248e-17
14944.689 6.1822e-17
14984.678 6.0957e-17
15024.667000000001 6.0073e-17
15064.656 5.9306e-17
15104.644 5.8863e-17
15144.633 5.8845e-17
15184.622000000001 5.8395e-17
15224.610999999999 5.7624e-17
15264.599 5.743e-17
15304.588 5.6844e-17
15344.577 5.6371e-17
15384.565999999999 5.6164e-17
15424.554 5.5899e-17
15464.543 5.548e-17
15504.532 5.4746e-17
15544.521 5.4315e-17
15584.509 5.4157e-17
15624.498 5.3719e-17
15664.487000000001 5.3409e-17
15704.476 5.3313e-17
15744.464 5.2785e-17
15784.453000000001 5.1975e-17
15824.442000000001 5.1373e-17
15864.431 5.094e-17
15904.419 5.0556e-17
15944.408000000001 5.0509e-17
15984.396999999999 5.0162e-17
16024.385999999999 4.9671e-17
16064.374 4.9092e-17
16104.363 4.8595e-17
16144.351999999999 4.8204e-17
16184.341 4.786e-17
16224.329 4.7583e-17
16264.318 4.7463e-17
16304.307 4.7265e-17
16344.296 4.6844e-17
16384.284 4.6538e-17
16424.273 4.6449e-17
16464.262 4.6269e-17
16504.251 4.5665e-17
16544.239999999998 4.4945e-17
16584.228 4.45e-17
16624.217 4.4081e-17
16664.206 4.3637e-17
16704.195 4.3372e-17
16744.183 4.3218e-17
16784.172 4.3072e-17
16824.161 4.2701e-17
16864.15 4.2197e-17
16904.138 4.1932e-17
16944.127 4.165e-17
16984.116 4.1308e-17
17024.105 4.0889e-17
17064.093 4.0313e-17
17104.082000000002 3.9724e-17
17144.071 3.9495e-17
17184.06 3.9417e-17
17224.048000000003 3.9113e-17
17264.037 3.8482e-17
17304.025999999998 3.7804e-17
17344.015 3.7323e-17
17384.003 3.6873e-17
17423.992 3.6507e-17
17463.981 3.6437e-17
17503.97 3.6411e-17
17543.958 3.6266e-17
17583.947 3.5907e-17
17623.936 3.5581e-17
17663.925 3.549e-17
17703.913 3.5135e-17
17743.902000000002 3.4559e-17
17783.891 3.4501e-17
17823.88 3.472e-17
17863.868000000002 3.4425e-17
17903.857 3.3732e-17
17943.846 3.31e-17
17983.835 3.2439e-17
18023.823 3.2055e-17
18063.811999999998 3.2063e-17
18103.801 3.2027e-17
18143.79 3.1627e-17
18183.779 3.1061e-17
18223.767 3.0809e-17
18263.756 3.0569e-17
18303.745 3.0235e-17
18343.734 2.9956e-17
18383.722 2.9862e-17
18423.711 2.9525e-17
18463.7 2.9224e-17
18503.689000000002 2.8941e-17
18543.677 2.8509e-17
18583.666 2.8368e-17
18623.655 2.8329e-17
18663.644 2.8172e-17
18703.631999999998 2.7665e-17
18743.621 2.7191e-17
18783.61 2.6966e-17
18823.599 2.7036e-17
18863.587 2.6785e-17
18883.266 2.6219e-17
18940.650999999998 2.6305e-17
18998.038 2.6035e-17
19055.423 2.5249e-17
19112.807999999997 2.4156e-17
19170.194 2.3458e-17
19227.578999999998 2.4068e-17
19284.964 2.337e-17
19342.349000000002 2.1941e-17
19399.734 2.2065e-17
19457.120000000003 2.1499e-17
19514.505 2.1887e-17
19571.89 2.2708e-17
19629.274999999998 2.2462e-17
19686.66 2.182e-17
19744.046 2.1596e-17
19801.431 2.1361e-17
19858.816 2.0765e-17
19916.201 2.0391e-17
19973.586 2.0741e-17
20030.971 2.0957e-17
20088.358 2.0033e-17
20145.743000000002 1.9477e-17
20203.128 2.0158e-17
20260.513000000003 2.0631e-17
20317.897999999997 1.9742e-17
20375.283 1.9726e-17
20432.668 1.8936e-17
20490.053 1.8446e-17
20547.438 1.9068e-17
20604.823 1.8521e-17
20662.208 1.7758e-17
20719.595 1.7078e-17
20776.98 1.7071e-17
20834.364999999998 1.7725e-17
20891.75 1.7758e-17
20949.135000000002 1.7162e-17
21006.52 1.7118e-17
21063.905 1.737e-17
21121.292 1.702e-17
21178.677 1.6801e-17
21236.062 1.7357e-17
21293.447 1.8024e-17
21350.832 1.7822e-17
21408.217 1.7036e-17
21465.602000000003 1.673e-17
21522.986999999997 1.7155e-17
21580.372 1.7774e-17
21637.757 1.7437e-17
21695.142 1.6481e-17
21752.529 1.5637e-17
21809.914 1.4841e-17
21867.299 1.4763e-17
21924.684 1.4896e-17
21982.069000000003 1.4964e-17
22039.453999999998 1.5226e-17
22096.839 1.5165e-17
22154.226000000002 1.4714e-17
22211.611 1.4307e-17
22268.996 1.4896e-17
22326.381 1.4941e-17
22383.766 1.4412e-17
22441.151 1.4106e-17
22498.535999999996 1.3486e-17
22555.921 1.3231e-17
22613.306 1.3018e-17
22670.691 1.2525e-17
22728.076 1.2724e-17
22785.463 1.3481e-17
22842.848 1.4295e-17
22900.233 1.4715e-17
22957.618000000002 1.4536e-17
23015.002999999997 1.3882e-17
23072.388 1.2715e-17
23129.773 1.249e-17
23187.158 1.3776e-17
23244.543 1.3825e-17
23301.93 1.3275e-17
23359.315 1.3126e-17
23416.7 1.3335e-17
23474.085 1.3085e-17
23531.469999999998 1.2045e-17
23588.855 1.2202e-17
23646.24 1.2515e-17
23703.625 1.241e-17
23761.01 1.1949e-17
23818.397999999997 1.1611e-17
23875.782 1.1176e-17
23933.167 1.0546e-17
23990.552 1.0329e-17
24047.936999999998 1.0463e-17
24105.322 1.023e-17
24162.707000000002 1.019e-17
24220.092 1.0513e-17
24277.477 1.0541e-17
24334.864999999998 1.0131e-17
24392.25 9.9196e-18
24449.635000000002 1.0502e-17
24507.02 1.0938e-17
24564.404 1.1185e-17
24621.789 1.1344e-17
24679.174000000003 1.0682e-17
24736.558999999997 1.0018e-17
24793.944 1.0111e-17
24851.332 1.0789e-17
24908.717 1.0603e-17
24966.102000000003 1.0322e-17
