wave,flux
1195.0,0.008861501
1205.0,0.06945
1215.0,0.6080999
1225.0,0.1437
1235.0,0.0062695
1245.0,0.0040755
1255.0,0.003378
1265.0,0.0041625
1275.0,0.002415
1285.0,0.0019545
1295.0,0.004668
1305.0,0.01381
1315.0,0.004481
1325.0,0.0046495
1335.0,0.019305
1345.0,0.005063
1355.0,0.0041965
1365.0,0.0034325
1375.0,0.003226
1385.0,0.0044945
1395.0,0.008899
1405.0,0.0068195
1415.0,0.0046125
1425.0,0.005121
1435.0,0.005579
1445.0,0.0055705
1455.0,0.0060395
1465.0,0.0076935
1475.0,0.0091945
1485.0,0.008851
1495.0,0.008617001
1505.0,0.009397
1515.0,0.0100065
1525.0,0.012685
1535.0,0.014125
1545.0,0.022625
1555.0,0.023435
1565.0,0.01982
1575.0,0.018435
1585.0,0.017945
1595.0,0.01871
1605.0,0.0207
1615.0,0.023815
1625.0,0.02703
1635.0,0.030875
1645.0,0.032145
1655.0,0.04616
1665.0,0.04274
1675.0,0.041415
1685.0,0.048405
1695.0,0.06239
1705.0,0.070175
1715.0,0.073305
1725.0,0.0772
1735.0,0.081255
1745.0,0.096355
1755.0,0.1147
1765.0,0.1299
1775.0,0.1497
1785.0,0.1646
1795.0,0.1685
1805.0,0.19605
1815.0,0.2399
1825.0,0.23965
1835.0,0.2392
1845.0,0.21935
1855.0,0.24535
1865.0,0.287
1875.0,0.3198
1885.0,0.34945
1895.0,0.37935
1905.0,0.39925
1915.0,0.4422
1925.0,0.43775
1935.0,0.4032
1945.0,0.5531
1955.0,0.57685
1965.0,0.63705
1975.0,0.65715
1985.0,0.65555
1995.0,0.7052
2005.649,0.77565
2015.6508,0.84975
2025.6526,0.8731
2035.6544,0.9743
2045.6562,1.0835
2055.658,1.116
2065.66,1.172
2075.6619,1.341
2085.6638,1.585
2095.6658,2.233
2105.6677,2.9165
2115.6697,3.501
2125.6716,3.2705
2135.6736,3.4465
2145.6755,4.1725
2155.6777,3.7715
2165.6797,3.3635
2175.6816,3.6665
2185.6838,4.6215
2195.6858,4.889
2205.688,4.933
2215.69,4.1195
2225.6921,5.157001
2235.6943,6.5405
2245.6965,6.1255
2255.6985,5.445
2265.7007,4.11
2275.703,4.134
2285.705,5.3965
2295.7073,4.955
2305.7095,5.416
2315.7117,5.2955
2325.7139,5.5275
2335.716,4.6635
2345.7183,4.0555
2355.7205,5.335
2365.7227,5.055
2375.725,5.041
2385.7273,4.361
2395.7295,4.594
2405.7317,4.1095
2415.7341,5.3265
2425.7363,7.3245
2435.7385,6.9055
2445.741,6.34
2455.7432,5.1465
2465.7456,5.245
2475.7478,5.7705
2485.7502,4.7485
2495.7524,5.859
2505.755,6.2665
2515.757,4.8065
2525.7595,4.3185
2535.7617,5.3615
2545.7642,6.196
2555.7666,8.224
2565.7688,10.55
2575.7712,13.01
2585.7737,12.98
2595.776,10.85
2605.7783,8.9155
2615.7808,9.3045
2625.783,10.8
2635.7854,16.955
2645.7878,25.91
2655.7903,26.255
2665.7927,25.895
2675.795,26.06
2685.7974,25.335
2695.7998,24.81
2705.8022,27.76
2715.8047,23.295
2725.8071,20.485
2735.8096,20.535
2745.812,13.815
2755.8145,18.155
2765.817,25.205
2775.819,24.33
2785.8215,16.54
2795.824,9.0585
2805.8264,9.9785
2815.8289,21.69
2825.8315,30.475
2835.834,32.53
2845.8364,24.475
2855.8389,16.96
2865.8413,33.34
2875.8438,34.79
2885.8462,33.29
2895.8486,48.92
2905.851,62.255
2915.8535,60.18
2925.856,53.95
2935.8586,55.45
2945.861,52.68
2955.8635,57.115
2965.866,52.58
2975.8684,52.465
2985.8708,48.2
2995.8735,50.155
3005.876,43.615
3015.8784,47.275
3025.8809,50.69
3035.8833,64.455
3045.886,62.55
3055.8884,61.675
3065.8909,57.705
3075.8933,63.85
3085.896,63.51
3095.8984,51.645
3105.901,64.82
3115.9036,75.64
3125.906,68.08
3135.9084,72.58
3145.9111,68.815
3155.9136,65.685
3165.916,65.60001
3175.9185,80.25
3185.9211,69.035
3195.9236,73.86
3205.9263,83.49
3215.9287,72.595
3225.9312,71.45
3235.9338,68.625
3245.9363,78.95999
3255.9387,90.99
3265.9414,101.55
3275.9438,98.83
3285.9465,95.21001
3295.949,110.0
3305.9514,105.35
3315.954,100.135
3325.9565,99.07
3335.9592,95.49
3345.9617,99.39
3355.9644,97.755
3365.9668,83.96001
3375.9695,87.36
3385.972,95.60001
3395.9744,99.445
3405.977,104.3
3415.9795,95.85
3425.9822,103.05
3435.9846,98.705
3445.9873,82.69
3455.9897,97.35
3465.9924,96.075
3475.9949,93.52
3485.9976,93.14999
3496.0,92.43001
3506.0027,108.75
3516.0054,101.65
3526.0078,94.24001
3536.0105,107.15
3546.013,115.05
3556.0156,108.4
3566.018,94.27
3576.0208,82.595
3586.0232,72.11
3596.026,103.05
3606.0283,100.5
3616.031,91.19499
3626.0337,103.55
3636.0361,103.4
3646.0388,105.1
3656.0413,119.65
3666.044,127.9
3676.0466,122.55
3686.049,114.35
3696.0518,127.5
3706.0542,118.55
3716.057,122.0
3726.0596,109.65
3736.062,95.745
3746.0647,93.685
3756.0671,110.3
3766.0698,112.8
3776.0725,133.05
3786.075,137.55
3796.0776,110.75
3806.0803,124.55
3816.0828,111.85
3826.0854,81.95
3836.0881,71.095
3846.0906,99.32
3856.0933,104.55
3866.0957,104.3
3876.0984,103.9
3886.101,101.95
3896.1035,121.45
3906.1062,128.95
3916.109,138.75
3926.1113,105.7
3936.114,60.455
3946.1167,106.3
3956.1194,136.05
3966.1218,88.405
3976.1245,95.88
3986.1272,157.65
3996.1296,172.25
4006.1323,174.2
4016.135,181.2
4026.1375,182.55
4036.1401,174.95
4046.1428,173.8
4056.1455,173.15
4066.148,165.1
4076.1506,168.8
4086.1533,179.95
4096.156,177.6
4106.1587,150.4
4116.161,182.2
4126.1636,179.4
4136.1665,176.0
4146.169,174.1
4156.1714,173.8
4166.1743,184.7
4176.177,166.9
4186.1797,168.8
4196.182,170.5
4206.1846,176.2
4216.1875,180.2
4226.19,158.6
4236.1924,171.5
4246.1953,177.2
4256.1978,169.9
4266.2007,170.2
4276.203,157.3
4286.2056,159.1
4296.2085,147.9
4306.211,113.8
4316.2134,169.0
4326.2163,165.0
4336.2188,173.5
4346.2217,167.4
4356.224,172.7
4366.2266,193.4
4376.2295,181.1
4386.232,157.1
4396.235,183.0
4406.2373,171.7
4416.2397,193.6
4426.2427,198.5
4436.245,191.4
4446.248,197.8
4456.2505,182.6
4466.253,189.6
4476.256,208.2
4486.2583,197.8
4496.261,203.2
4506.2637,214.9
4516.266,211.4
4526.269,194.6
4536.2715,197.5
4546.2744,198.4
4556.277,203.9
4566.2793,208.2
4576.282,210.5
4586.2847,197.6
4596.2876,201.4
4606.29,204.5
4616.293,206.0
4626.2954,210.9
4636.298,204.5
4646.301,198.1
4656.303,204.7
4666.306,192.6
4676.3086,202.0
4686.311,199.9
4696.314,199.5
4706.3164,188.2
4716.3193,202.3
4726.322,204.6
4736.3247,199.6
4746.327,205.6
4756.3296,202.1
4766.3325,196.1
4776.335,208.0
4786.338,201.4
4796.3403,208.1
4806.3433,204.0
4816.3457,209.5
4826.348,202.8
4836.351,202.4
4846.3535,197.4
4856.3564,183.5
4866.359,162.9
4876.362,183.5
4886.3643,191.9
4896.3667,196.5
4906.3696,201.2
4916.372,190.1
4926.375,190.1
4936.3774,189.3
4946.3804,206.3
4956.383,193.1
4966.3857,202.2
4976.388,202.3
4986.3906,187.1
4996.3936,197.5
5006.396,186.2
5016.399,181.7
5026.4014,189.9
5036.4043,193.9
5046.4067,187.4
5056.4097,199.8
5066.412,196.6
5076.4146,191.1
5086.4175,192.4
5096.42,192.1
5106.423,195.2
5116.4253,200.2
5126.428,187.2
5136.4307,186.6
5146.4336,187.9
5156.436,190.5
5166.4385,167.3
5176.4414,173.0
5186.444,165.8
5196.447,183.3
5206.449,183.6
5216.452,191.1
5226.4546,182.8
5236.4575,189.9
5246.46,196.3
5256.463,193.5
5266.4653,167.8
5276.468,183.3
5286.4707,190.2
5296.473,192.3
5306.476,195.7
5316.4785,196.8
5326.4814,177.5
5336.484,192.8
5346.487,186.3
5356.4893,199.5
5366.492,187.6
5376.4946,188.7
5386.4976,190.9
5396.5,183.7
5406.5024,177.4
5416.5054,188.6
5426.508,183.0
5436.5107,188.4
5446.513,188.4
5456.516,190.6
5466.5186,188.4
5476.5215,183.8
5486.524,186.8
5496.527,190.0
5506.5293,186.7
5516.532,187.6
5526.5347,185.1
5536.5376,188.7
5546.54,190.3
5556.543,190.2
5566.5454,182.6
5576.548,185.1
5586.551,179.2
5596.553,181.3
5606.556,184.8
5616.5586,182.9
5626.5615,185.5
5636.564,186.6
5646.567,185.9
5656.5693,180.3
5666.5723,183.4
5676.5747,189.2
5686.5776,181.5
5696.58,186.5
5706.583,177.4
5716.5854,182.8
5726.5884,189.7
5736.591,188.1
5746.5938,187.2
5756.596,183.5
5766.599,185.1
5776.6016,186.2
5786.604,178.8
5796.607,183.3
5806.6094,184.3
5816.6123,185.8
5826.6147,187.8
5836.6177,186.2
5846.62,186.5
5856.623,178.8
5866.6255,183.5
5876.6284,185.3
5886.631,175.4
5896.634,161.6
5906.636,181.8
5916.639,179.2
5926.6416,181.3
5936.6445,180.1
5946.647,177.8
5956.65,178.7
5966.6523,181.0
5976.6553,178.5
5986.6577,176.2
5996.6606,177.9
6006.663,175.0
6016.666,175.5
6026.6685,172.3
6036.6714,179.2
6046.674,178.1
6056.677,176.8
6066.679,176.4
6076.682,176.2
6086.6846,174.7
6096.6875,174.8
6106.69,170.7
6116.693,175.0
6126.6953,170.9
6136.698,168.7
6146.7007,171.7
6156.7036,171.7
6166.706,161.3
6176.709,171.1
6186.7114,172.8
6196.7144,171.1
6206.717,173.8
6216.719,169.4
6226.722,171.7
6236.7246,167.0
6246.7275,166.0
6256.73,163.6
6266.733,170.1
6276.7354,170.1
6286.7383,170.1
6296.7407,168.1
6311.745,164.3
6331.7505,165.5
6351.756,166.0
6371.761,165.8
6391.7666,165.5
6411.772,161.8
6431.7773,162.5
6451.7827,163.1
6471.788,160.7
6491.7935,156.2
6511.799,161.0
6531.804,160.3
6551.8096,153.6
6571.815,138.8
6591.8203,155.3
6611.8257,157.5
6631.831,155.9
6651.8364,156.4
6671.842,153.9
6691.847,155.0
6711.8525,152.0
6731.858,152.5
6751.8633,151.4
6771.8687,151.2
6791.874,150.2
6811.8794,149.6
6831.885,148.3
6851.89,145.9
6871.8955,147.1
6891.901,146.5
6911.9062,145.2
6931.9116,145.2
6951.917,144.0
6971.9224,142.0
6991.9277,142.9
7011.933,139.0
7031.9385,139.2
7051.944,141.9
7071.949,140.4
7091.9546,138.8
7111.96,138.9
7131.9653,137.7
7151.9707,137.0
7171.9766,135.7
7191.982,133.1
7211.9873,133.4
7231.9927,135.1
7251.998,135.3
7272.0034,134.9
7292.009,132.2
7312.014,132.9
7332.0195,132.1
7352.025,131.2
7372.0303,131.0
7392.0356,128.1
7412.041,126.1
7432.0464,128.9
7452.052,128.2
7472.057,128.6
7492.0625,127.3
7512.068,126.5
7532.073,126.2
7552.0786,125.8
7572.084,125.1
7592.0894,124.3
7612.0947,124.0
7632.1006,124.4
7652.106,122.4
7672.1113,118.8
7692.1167,120.6
7712.122,120.7
7732.1274,121.1
7752.133,119.1
7772.138,119.9
7792.1436,119.0
7812.149,119.0
7832.1543,117.9
7852.1597,118.3
7872.165,118.0
7892.1704,117.7
7912.176,116.1
7932.181,114.6
7952.1865,113.7
7972.1924,115.5
7992.1978,113.8
8012.203,114.5
8032.2085,113.2
8052.214,111.8
8072.219,112.3
8092.2246,109.8
8112.23,111.7
8132.2354,111.8
8152.2407,111.0
8172.246,110.7
8192.252,106.6
8212.257,108.3
8232.263,107.6
8252.268,107.8
8272.273,107.9
8292.278,107.5
8312.284,107.0
8332.289,103.5
8352.295,105.4
8372.3,105.3
8392.306,104.3
8412.312,104.6
8432.316,102.9
8452.322,103.4
8472.327,102.6
8492.333,97.2
8512.338,100.4
8532.344,97.39999
8552.349,87.8
8572.3545,101.2
8592.359,99.8
8612.365,99.8
8632.37,100.0
8652.376,97.1
8672.382,88.10001
8692.387,96.8
8702.39,96.0
8722.395,95.3
8742.4,95.6
8762.405,95.8
8782.411,93.4
8802.417,93.5
8822.422,92.3
8842.428,93.7
8862.433,92.2
8882.438,92.4
8902.443,92.0
8922.449,91.1
8942.454,91.4
8962.46,91.9
8982.465,89.4
9002.471,88.9
9022.476,89.1
9042.481,88.1
9062.487,88.1
9082.492,85.4
9102.498,86.5
9122.503,87.3
9142.509,86.5
9162.514,86.0
9182.52,86.1
9202.524,83.5
9222.53,82.8
9242.535,83.4
9262.541,83.9
9282.547,84.5
9302.552,84.0
9322.558,84.8
9342.5625,83.5
9362.568,82.0
9382.573,82.8
9402.579,82.1
9422.584,80.6
9442.59,82.2
9462.595,81.7
9482.601,80.1
9502.606,80.3
9522.611,79.6
9542.617,78.5
9562.622,79.9
9582.628,79.6
9602.633,78.8
9622.639,78.38935
9642.644,78.17941
9662.649,77.17265
9682.654,77.62556
9702.66,77.20778
9722.666,77.64973
9742.671,75.86095
9762.677,76.49548
9782.682,76.06364
9802.6875,75.68953
9822.692,75.96313
9842.698,75.36926
9862.703,75.00387
9882.709,74.73538
9902.715,73.63179
9922.72,74.30486
9942.726,74.20058
9962.73,73.79315
9982.736,73.57117
10002.741,73.23773
10022.747,73.00728
10042.752,71.38766
10062.758,68.99416
10082.763,71.87687
10102.769,71.76549
10122.774,71.37299
10142.779,70.70595
10162.785,70.12578
10182.79,69.87607
10202.796,69.50996
10222.801,69.16306
10242.807,69.8161
10262.812,69.54941
10282.817,69.45961
10302.823,68.42381
10322.828,68.63899
10342.834,66.83368
10362.839,67.94361
10382.845,66.94673
10402.85,66.83846
10422.855,66.82946
10442.86,67.02232
10462.866,65.49031
10482.872,65.92071
10502.877,66.03579
10522.883,65.72432
10542.888,65.11803
10562.894,65.39734
10582.898,63.70441
10602.904,63.85567
10622.909,64.45622
10642.915,63.76211
10662.921,63.09301
10682.926,62.50493
10702.932,61.49424
10722.937,62.41352
10742.942,61.49778
10762.947,61.42463
10782.953,61.01913
10802.958,62.05273
10822.964,59.18496
10842.97,59.99493
10862.975,61.08934
10882.98,58.11977
10902.985,60.28704
10922.991,59.63124
10942.996,55.91789
10963.002,57.40627
10983.007,57.28666
11003.013,58.6641
11023.019,57.37829
11043.023,58.03478
11063.029,57.94183
11083.034,57.65679
11103.04,57.64046
11123.045,56.80031
11143.051,56.86176
11163.056,56.93167
11183.062,56.69742
11203.067,55.52505
11223.072,56.43431
11243.078,56.0968
11263.083,54.65652
11283.089,55.41208
11303.094,54.57809
11323.1,54.9146
11343.1045,54.5331
11363.11,54.92915
11383.116,53.7272
11403.121,53.25866
11423.127,53.49507
11443.132,53.43018
11463.138,54.13747
11483.143,53.7117
11503.148,53.54111
11523.153,53.2378
11543.159,53.4459
11563.165,52.95668
11583.17,52.85518
11603.176,51.66225
11623.181,50.98537
11643.187,51.50771
11663.191,51.4989
11683.197,51.69552
11703.202,50.84182
11723.208,51.55614
11743.214,51.48318
11763.219,50.05137
11783.225,49.75911
11803.2295,50.9707
11823.235,50.24544
11843.24,48.55664
11863.246,50.0757
11883.252,48.38157
11903.257,49.32462
11923.263,49.74626
11943.268,49.66248
11963.273,48.90552
11983.278,46.68336
12003.284,47.97074
12023.289,48.90864
12043.295,46.93597
12063.301,48.3639
12083.306,46.13804
12103.312,47.16687
12123.316,47.6859
12143.322,47.75809
12163.327,47.75607
12183.333,47.45395
12203.338,47.21936
12223.344,47.08216
12243.35,46.83695
12263.3545,46.75682
12283.36,46.0092
12303.365,46.42212
12323.371,46.05795
12343.376,45.9877
12363.382,45.91085
12383.388,45.92178
12403.393,45.23552
12423.398,45.11307
12443.403,44.90644
12463.409,45.01888
12483.414,44.92472
12503.42,44.91299
12523.425,44.21993
12543.431,44.39183
12563.437,44.09855
12583.441,43.93694
12603.447,43.94984
12623.452,43.61958
12643.458,43.48156
12663.463,43.32548
12683.469,42.65122
12703.475,43.29649
12723.4795,43.1205
12743.485,42.70112
12763.49,42.85569
12783.496,42.60778
12803.501,41.91643
12823.507,37.54504
12843.512,41.10097
12863.518,41.55607
12883.523,41.62078
12903.528,41.19453
12923.534,41.47491
12943.539,41.17268
12963.545,41.38526
12983.55,40.8968
13003.556,41.07743
13023.562,40.56111
13043.566,40.27733
13063.572,40.5784
13083.577,40.40097
13103.583,40.22859
13123.588,39.24432
13143.594,39.96184
13163.6,38.72156
13183.6045,39.54686
13203.61,39.65905
13223.615,39.35505
13243.621,39.39804
13263.626,39.02625
13283.632,38.9059
13303.637,38.13821
13323.643,38.17302
13343.648,38.81599
13363.653,38.51889
13383.659,38.28053
13403.664,37.7602
13423.67,38.07667
13443.675,38.07141
13463.681,37.79042
13483.687,37.86345
13503.691,37.23928
13523.697,37.56161
13543.702,37.40583
13563.708,36.37254
13583.713,37.08289
13603.719,36.56012
13623.725,36.80767
13643.7295,36.34309
13663.735,36.61498
13683.74,36.0503
13703.746,35.85577
13723.751,36.14877
13743.757,35.9499
13763.762,35.47024
13783.768,35.84025
13803.773,35.76661
13823.778,35.34777
13843.784,35.58649
13863.789,35.14372
13883.795,35.35804
13903.8,35.02038
13923.806,35.14186
13943.812,34.90345
13963.816,34.73063
13983.822,34.88447
14003.827,34.11927
14023.833,34.2363
14043.838,34.00965
14063.844,33.98758
14083.85,34.04776
14103.8545,34.02321
14123.86,33.15823
14143.865,33.26282
14163.871,33.52831
14183.876,33.48542
14203.882,33.1684
14223.887,32.38137
14243.893,32.78812
14263.898,32.21186
14283.903,32.14039
14303.909,32.2898
14323.914,32.43576
14343.92,32.34525
14363.925,32.44547
14383.931,32.49826
14403.937,31.06198
14423.941,31.63613
14443.947,31.34056
14463.952,31.92846
14483.958,31.65925
14503.963,31.41031
14523.969,30.98067
14543.975,30.97409
14563.9795,30.84512
14583.985,31.36523
14603.99,31.14463
14623.996,30.77849
14644.001,30.73577
14664.007,30.54582
14684.013,30.62929
14704.018,30.41102
14724.023,30.23772
14744.028,29.75865
14764.034,29.81258
14784.039,29.58573
14804.045,30.17402
14824.051,29.93131
14844.056,29.49228
14864.062,29.7727
14884.066,27.47194
14904.072,29.79812
14924.077,29.58411
14944.083,29.79185
14964.089,28.89441
14984.094,29.29504
15004.1,29.24605
15024.1045,28.05221
15044.11,27.62426
15064.115,27.35258
15084.121,28.27812
15104.126,29.0557
15124.132,28.50323
15144.138,28.27753
15164.143,28.41337
15184.148,28.49429
15204.153,28.38928
15224.159,27.62458
15244.164,27.82543
15264.17,28.216
15284.176,28.2666
15304.181,27.09387
15324.187,27.96978
15344.191,27.44102
15364.197,27.81924
15384.202,27.49386
15404.208,26.9367
15424.214,27.19389
15444.219,27.57859
15464.225,27.5253
15484.2295,26.75849
15504.235,26.69592
15524.24,27.0548
15544.246,26.20844
15564.252,26.42358
15584.257,26.52553
15604.263,26.43602
15624.268,26.60296
15644.273,26.29231
15664.278,25.90353
15684.284,25.77528
15704.29,25.90608
15724.295,26.04037
15744.301,25.48631
15764.306,24.61243
15784.312,24.30618
15804.316,25.76792
15824.322,24.82823
15844.328,25.17383
15864.333,25.24549
15884.339,24.14087
15904.344,22.9833
15924.35,24.50474
15944.3545,25.27755
15964.36,24.24809
15984.366,25.24293
16004.371,24.49355
16024.377,24.53082
16044.382,24.49345
16064.388,24.35154
16084.393,24.57504
16104.398,23.39075
16124.404,23.93041
16144.409,24.19427
16164.415,23.02428
16184.42,24.16216
16204.426,23.22344
16224.431,23.69786
16244.437,24.00487
16264.442,23.90775
16284.447,24.11529
16304.453,23.72708
16324.458,23.60983
16344.464,23.32997
16364.469,23.04031
16384.475,22.3679
16404.48,22.29219
16424.486,22.24225
16444.49,22.2037
16464.496,22.79022
16484.502,22.82176
16504.508,22.36143
16524.512,22.41337
16544.518,22.61166
16564.523,22.58381
16584.53,22.56391
16604.535,22.32018
16624.54,22.39261
16644.545,22.24247
16664.55,21.89748
16684.557,21.57675
16704.562,22.10652
16724.566,21.20468
16744.572,21.68461
16764.578,20.97663
16784.584,21.29293
16804.588,20.32038
16824.594,19.97563
16844.6,20.9066
16864.605,20.98457
16884.611,20.95403
16904.615,20.76685
16924.621,21.10332
16944.627,20.96777
16964.633,20.89481
16984.639,20.80707
17004.643,20.46495
17024.648,20.30181
17044.654,20.332
17064.66,20.36527
17084.664,20.01927
17104.67,20.15284
17124.676,19.34646
17144.682,20.21582
17164.688,19.99265
17184.691,19.91436
17204.697,19.61534
17224.703,19.5992
17244.709,18.94848
17264.715,19.3539
17284.719,19.26221
17304.725,19.36758
17324.73,18.98432
17344.736,18.02546
17364.74,17.56532
17384.746,18.17318
17404.752,18.67224
17424.758,18.50149
17444.764,18.79701
17464.768,18.41127
17484.773,18.33333
17504.78,18.37572
17524.785,18.28273
17544.791,18.47822
17564.795,18.38675
17584.8,18.34938
17604.807,18.28353
17624.812,17.76292
17644.816,18.0451
17664.822,18.15909
17684.828,17.96122
17704.834,17.81196
17724.84,17.88788
17744.844,17.87955
17764.85,17.53155
17784.855,17.40696
17804.861,17.43295
17824.867,17.37401
17844.871,17.34926
17864.877,17.25292
17884.883,17.44278
17904.889,17.27395
17924.895,17.13979
17944.898,16.99322
17964.904,16.98123
17984.91,16.94735
18004.916,16.86091
18024.92,16.54754
18044.926,16.75907
18064.932,16.6492
18084.938,16.6242
18104.943,16.59097
18124.947,16.409
18144.953,16.22128
18164.959,15.78327
18184.965,14.64521
18204.97,15.67585
18224.975,15.54719
18244.98,16.03128
18264.986,16.02261
18284.992,15.8035
18304.996,15.94158
18325.002,15.79657
18345.008,15.70635
18365.014,15.69997
18385.02,15.49632
18405.023,15.52237
18425.03,15.21681
18445.035,15.34255
18465.041,15.44265
18485.047,14.80401
18505.05,15.38884
18525.057,15.26703
18545.062,15.14106
18565.068,14.88495
18585.072,15.0694
18605.078,14.80303
18625.084,14.68327
18645.09,14.74499
18665.096,14.49713
18685.1,14.49505
18705.105,14.62574
18725.111,14.14955
18745.117,13.74512
18765.123,11.96891
18785.127,13.98346
18805.133,14.10985
18825.139,14.29771
18845.145,14.21771
18865.148,13.93368
18885.154,14.22623
18905.16,13.83874
18925.166,13.78415
18945.172,13.61408
18965.176,13.33276
18985.182,13.7893
19005.188,13.68154
19025.193,13.97655
19045.2,13.6733
19065.203,13.73057
19085.209,13.61219
19105.215,13.70531
19125.22,13.38305
19145.227,13.63212
19165.23,13.50299
19185.236,13.42937
19205.242,13.18848
19225.248,13.42672
19245.252,13.22075
19265.258,13.30484
19285.264,12.95677
19305.27,12.92476
19325.275,12.75961
19345.28,12.95572
19365.285,12.92362
19385.291,12.96899
19405.297,12.52835
19425.303,12.67815
19445.307,11.58812
19465.312,11.42763
19485.318,12.44211
19505.324,12.42224
19525.328,12.04993
19545.334,12.65135
19565.34,12.57589
19585.346,12.54513
19605.352,12.44296
19625.355,12.33317
19645.361,11.95497
19665.367,12.14672
19685.373,12.36308
19705.379,12.24656
19725.383,11.85526
19745.389,12.04993
19765.395,12.13262
19785.4,11.76034
19805.404,11.86418
19825.41,11.87267
19845.416,11.86376
19865.422,11.50386
19885.428,11.9355
19905.432,11.89407
19925.438,11.70873
19945.443,11.47821
19965.45,11.64289
19985.455,11.5137
20005.459,11.66103
20025.465,11.52914
20045.47,11.44188
20065.477,11.40564
20085.482,11.51559
20105.486,11.46023
20125.492,11.40274
20145.498,11.3212
20165.504,11.33863
20185.508,11.30131
20205.514,11.13775
20225.52,10.92579
20245.525,11.0918
20265.531,11.09415
20285.535,11.00269
20305.541,10.7422
20325.547,11.00636
20345.553,10.83804
20365.559,10.82162
20385.562,10.52871
20405.568,10.83909
20425.574,10.74892
20445.58,10.78317
20465.584,10.75222
20485.59,10.65722
20505.596,10.63919
20525.602,10.49701
20545.607,10.53586
20565.611,10.53484
20585.617,10.46679
20605.623,10.25893
20625.629,10.44973
20645.635,10.0242
20665.639,10.37199
20685.645,10.29256
20705.65,10.09162
20725.656,10.1795
20745.66,10.23139
20765.666,10.19194
20785.672,10.16394
20805.678,9.932425
20825.684,10.04796
20845.688,9.855086
20865.693,10.00508
20885.7,9.963475
20905.705,9.947034
20925.71,9.618074
20945.715,9.710592
20965.72,9.67078
20985.727,9.733356
21005.732,9.725116
21025.738,9.687522
21045.742,9.699467
21065.748,9.700283
21085.754,9.643069
21105.76,9.458072
21125.764,9.570342
21145.77,9.523367
21165.775,9.343638
21185.781,9.449934
21205.787,9.333052
21225.791,9.358583
21245.797,9.20112
21265.803,9.257522
21285.809,9.31064
21305.814,9.253057
21325.818,9.265182
21345.824,9.221927
21365.83,9.01672
21385.836,9.172522
21405.84,9.116041
21425.846,9.099525
21445.852,9.029051
21465.857,8.947999
21485.863,9.008626
21505.867,8.973722
21525.873,8.902678
21545.879,8.878581
21565.885,8.866479
21585.89,8.833586
21605.895,8.753266
21625.9,8.655013
21645.906,8.472415
21665.912,7.608472
21685.918,8.303815
21705.922,8.517407
21725.928,8.551423
21745.934,8.555308
21765.94,8.46064
21785.943,8.317131
21805.95,8.528557
21825.955,8.343378
21845.96,8.456617
21865.967,8.453033
21885.97,8.16602
21905.977,8.322844
21925.982,8.370333
21945.988,8.32881
21965.994,8.298452
21985.998,8.297029
22006.004,8.2562
22026.01,8.210254
22046.016,8.213644
22066.021,7.784324
22086.025,7.97239
22106.031,8.109716
22126.037,8.097629
22146.043,8.06232
22166.047,7.971262
22186.053,7.962715
22206.059,8.001108
22226.064,7.957787
22246.07,7.923604
22266.074,7.752663
22286.08,7.844775
22306.086,7.83772
22326.092,7.830868
22346.098,7.821339
22366.102,7.778253
22386.107,7.619207
22406.113,7.665628
22426.12,7.652956
22446.123,7.661192
22466.129,7.656466
22486.135,7.515487
22506.14,7.589761
22526.146,7.54657
22546.15,7.409714
22566.156,7.463243
22586.162,7.492931
22606.168,7.477594
22626.174,7.300589
22646.178,7.391807
22666.184,7.336788
22686.19,7.366651
22706.195,7.350574
22726.201,7.299822
22746.205,7.255056
22766.21,7.290438
22786.217,7.277381
22806.223,7.234087
22826.227,6.916335
22846.232,7.153233
22866.238,7.11996
22886.244,7.141175
22906.25,7.124009
22926.254,7.089127
22946.26,6.839079
22966.266,6.892733
22986.271,6.879397
23006.277,6.915575
23026.281,6.930194
23046.287,6.918959
23066.293,6.905087
23086.299,6.889012
23106.303,6.848699
23126.309,6.840815
23146.314,6.838899
23166.32,6.744756
23186.326,6.681328
23206.33,6.755139
23226.336,6.609423
23246.342,6.471088
23266.348,6.468368
23286.354,6.589565
23306.357,6.604533
23326.363,6.527568
23346.37,6.562235
23366.375,6.470885
23386.38,6.444325
23406.385,6.525742
23426.39,6.515162
23446.396,6.499184
23466.402,6.46103
23486.406,6.461789
23506.412,6.450948
23526.418,6.186943
23546.424,6.165344
23566.43,6.27104
23586.434,6.180926
23606.44,6.260482
23626.445,6.283697
23646.451,6.253309
23666.457,6.243799
23686.46,6.232675
23706.467,6.154332
23726.473,6.183488
23746.479,5.954613
23766.484,6.139264
23786.488,6.173412
23806.494,6.141697
23826.5,6.065282
23846.506,5.751458
23866.51,5.758802
23886.516,5.96388
23906.521,5.976233
23926.527,5.944046
23946.533,5.945261
23966.537,5.92543
23986.543,5.95675
24006.549,5.867729
24026.555,5.916553
24046.56,5.894377
24066.564,5.867162
24086.57,5.855767
24106.576,5.847337
24126.582,5.843753
24146.586,5.593778
24166.592,5.43424
24186.598,5.709578
24206.604,5.673697
24226.61,5.692431
24246.613,5.649125
24266.62,5.644866
24286.625,5.638613
24306.63,5.661162
24326.637,5.629043
24346.64,5.58234
24366.646,5.525257
24386.652,5.5218
24406.658,5.580003
24426.664,5.557671
24446.668,5.542601
24466.674,5.417651
24486.68,5.366827
24506.686,5.351323
24526.69,5.344524
24546.695,5.404882
24566.701,5.307821
24586.707,5.242172
24606.713,5.393799
24626.717,5.37506
24646.723,5.3718
24666.729,5.343614
24686.734,5.337766
24706.74,5.169591
24726.744,5.31505
24746.75,5.207941
24766.756,5.281967
24786.762,5.242604
24806.768,5.024642
24826.771,5.025889
24846.777,5.191024
24866.783,5.001424
24886.79,5.154565
24906.793,5.153316
24926.799,5.136147
24946.805,5.078345
24966.81,5.094283
24986.816,5.074543
25006.82,5.090985
25056.834,5.053445
25156.861,4.941578
25256.889,4.894886
25356.916,4.822793
25456.943,4.742045
25556.97,4.66775
25656.998,4.591386
25757.025,4.565696
25857.053,4.443347
25957.08,4.423011
26057.107,4.367141
26157.135,4.284614
26257.162,4.086294
26357.19,4.168105
26457.217,4.105946
26557.244,4.057827
26657.271,3.974363
26757.297,3.944365
26857.324,3.913914
26957.352,3.858138
