wave,flux
2900.329833984375,-2.4565e-15
2903.074951,-1.1471e-15
2905.820312,-1.0603e-15
2908.56543,-4.184e-16
2911.310547,-2.6629e-15
2914.055908,-2.6658e-16
2916.801025,1.1281e-16
2919.546387,-1.7225e-15
2922.291748,-1.9012e-15
2925.037109,-1.1396e-15
2927.782471,-1.2636e-16
2930.527832,2.5668e-16
2933.273193,1.137e-15
2936.018555,2.7892e-16
2938.763916,-5.8644e-16
2941.509521,-7.2983e-17
2944.254883,6.6757e-17
2947.000488,4.0943e-17
2949.746094,-1.7435e-17
2952.491455,6.6853e-18
2955.237061,-1.4331e-17
2957.982666,-1.4103e-16
2960.728271,-1.346e-17
2963.473877,-1.3959e-16
2966.219482,-1.5294e-16
2968.965332,-1.7169e-16
2971.710938,1.6758e-17
2974.456543,1.6772e-17
2977.202393,-7.3895e-17
2979.947998,9.9926e-17
2982.693848,1.4135e-16
2985.439697,-6.3239e-17
2988.185547,-1.2517e-16
2990.931396,-6.7849e-17
2993.677246,-7.3146e-17
2996.423096,3.8663e-17
2999.168945,-6.9925e-17
3001.914795,-4.1593e-17
3004.660889,-9.5222e-17
3007.406738,-5.4477e-17
3010.152832,-7.1979e-17
3012.898682,4.4661e-17
3015.644775,2.1647e-17
3018.390869,-8.2491e-17
3021.136963,-8.3071e-17
3023.882812,2.0584e-17
3026.628906,3.555e-19
3029.375244,-8.9434e-17
3032.121338,-5.7337e-17
3034.867432,-5.1911e-17
3037.613525,-9.8664e-19
3040.359863,6.7519e-18
3043.105957,-1.2468e-16
3045.852295,-6.1971e-17
3048.598389,-6.3635e-17
3051.344727,-5.6998e-17
3054.091064,-4.7831e-18
3056.837402,-2.1115e-17
3059.58374,-5.2294e-17
3062.330078,-3.2801e-17
3065.076416,-7.8836e-17
3067.822754,-8.3187e-17
3070.569092,-8.3103e-17
3073.31543,-6.9096e-17
3076.062012,-6.7655e-17
3078.80835,1.5202e-17
3081.554932,-4.4774e-17
3084.301514,-1.79e-17
3087.047852,-3.2937e-17
3089.794434,-6.8803e-17
3092.541016,-2.2349e-17
3095.287598,2.0268e-17
3098.03418,-9.4422e-19
3100.780762,-2.1479e-18
3103.527344,-1.0612e-16
3106.273926,-4.8503e-17
3109.020508,-3.1858e-18
3111.767334,-3.8583e-17
3114.513916,2.9265e-17
3117.260742,-8.2637e-18
3120.007324,-4.4735e-17
3122.75415,-4.8899e-17
3125.500977,-4.2275e-17
3128.247559,-4.0536e-17
3130.994385,-2.9953e-18
3133.741211,-7.4467e-17
3136.488037,-5.281e-18
3139.234863,5.4964e-17
3141.981689,-1.0583e-16
3144.72876,-7.7096e-17
3147.475586,6.1882e-20
3150.222412,-3.1652e-18
3152.969482,-1.1035e-16
3155.716309,-3.2848e-17
3158.463379,-5.6228e-17
3161.210205,-9.9528e-17
3163.957275,-1.1594e-16
3166.704346,-1.8784e-17
3169.451172,5.3747e-17
3172.198242,8.2449e-18
3174.945312,1.1389e-15
3177.692383,3.0791e-17
3180.439453,2.7747e-17
3183.186523,-2.3356e-17
3185.933838,2.1953e-17
3188.680908,-1.9325e-17
3191.427979,-1.4725e-17
3194.175293,-7.5185e-17
3196.922363,-1.3875e-17
3199.669678,-6.9446e-18
3202.416748,4.2445e-17
3205.164062,4.9914e-17
3207.911377,5.3016e-17
3210.658447,3.6466e-17
3213.405762,3.6703e-17
3216.153076,-1.9202e-17
3218.900391,-3.1431e-17
3221.647705,5.4594e-18
3224.39502,3.5742e-18
3227.142334,-4.6463e-18
3229.889893,-2.4987e-17
3232.637207,2.4634e-17
3235.384521,-4.935e-18
3238.13208,1.7169e-17
3240.879395,-2.4953e-17
3243.626709,-2.916e-17
3246.374268,-5.9971e-17
3249.121826,-5.062e-17
3251.869141,-8.1596e-17
3254.616699,1.1813e-17
3257.364258,2.5684e-18
3260.111816,-5.193e-18
3262.859375,-6.3384e-17
3265.606934,-3.0198e-17
3268.354492,-4.8363e-18
3271.102051,1.4768e-17
3273.849609,-3.5028e-17
3276.597168,-7.9618e-17
3279.344727,-1.1012e-17
3282.092529,1.4249e-16
3284.840088,1.3333e-16
3287.587646,-2.742e-17
3290.335449,-6.2004e-17
3293.083008,-4.7581e-17
3295.830811,-3.5191e-17
3298.578613,-2.2159e-17
3301.326172,-4.2499e-17
3304.073975,-3.3847e-17
3306.821777,-5.8908e-17
3309.56958,-2.8273e-18
3312.317383,-6.0768e-18
3315.065186,-2.5464e-17
3317.812988,-8.7982e-18
3320.560791,2.8675e-17
3323.308594,2.7214e-17
3326.056396,-1.5681e-17
3328.804199,-4.8522e-17
3331.552002,-4.7236e-17
3334.300049,-3.7676e-17
3337.047852,-1.8111e-17
3339.795654,-4.2345e-17
3342.543701,-8.0524e-18
3345.291504,7.1979e-17
3348.039551,3.5944e-17
3350.787598,-3.8785e-17
3353.5354,5.7835e-19
3356.283447,-5.1592e-17
3359.031494,-2.0765e-17
3361.779541,3.857e-17
3364.527344,1.0128e-17
3367.275391,-3.9608e-17
3370.023438,1.468e-17
3372.771484,-3.8969e-17
3375.519531,-6.1577e-17
3378.267578,-2.9409e-17
3381.015869,-2.9772e-18
3383.763916,-2.0079e-17
3386.511963,9.177e-19
3389.26001,3.1665e-17
3392.008301,3.4327e-17
3394.756348,1.4586e-17
3397.504395,2.7605e-17
3400.252686,4.7552e-18
3403.000732,1.3493e-18
3405.749023,-2.7257e-17
3408.497314,-7.6552e-18
3411.245361,-2.0805e-18
3413.993652,-8.7175e-18
3416.741943,1.6263e-17
3419.48999,2.2063e-18
3422.238281,2.5925e-17
3424.986572,1.5356e-17
3427.734863,3.6141e-18
3430.483154,1.1901e-17
3433.231445,6.9218e-18
3435.979736,1.6989e-17
3438.728027,2.3814e-17
3441.476318,3.9165e-17
3444.224609,-1.3523e-18
3446.9729,1.8291e-17
3449.721191,-3.223e-17
3452.469727,5.8671e-18
3455.218018,3.9532e-20
3457.966309,-4.2234e-17
3460.714844,-2.8255e-18
3463.463135,-3.0167e-17
3466.211426,-6.198e-17
3468.959961,-2.5651e-18
3471.708252,2.2418e-17
3474.456787,-1.6371e-17
3477.205322,-1.7918e-17
3479.953613,1.0841e-17
3482.702148,3.403e-17
3485.450684,-1.7113e-18
3488.198975,7.9483e-18
3490.94751,2.3271e-17
3493.696045,-2.6298e-18
3496.44458,1.6226e-17
3499.193115,9.51e-18
3501.94165,9.9978e-18
3504.690186,2.9838e-17
3507.438721,-1.2645e-17
3510.187256,2.6903e-17
3512.935791,-7.2624e-18
3515.684326,-2.0242e-17
3518.432861,-1.0385e-17
3521.181396,3.5112e-17
3523.929932,3.652e-17
3526.678467,-2.0965e-17
3529.427246,-6.7542e-18
3532.175781,-7.3188e-18
3534.924316,6.9771e-19
3537.673096,3.0659e-17
3540.421631,7.493e-19
3543.170166,-2.4479e-18
3545.918945,9.1105e-18
3548.66748,-7.8227e-18
3551.41626,-1.5867e-17
3554.164795,1.7369e-17
3556.913574,2.7449e-18
3559.662109,2.3717e-17
3562.410889,3.4581e-17
3565.159668,9.958e-18
3567.908203,-1.1471e-17
3570.656982,-2.984e-17
3573.405762,4.4597e-17
3576.154297,5.7477e-17
3578.903076,6.2399e-17
3581.651855,2.0091e-17
3584.400635,1.4141e-17
3587.149414,4.4272e-18
3589.898193,-7.7266e-18
3592.646729,-2.4985e-17
3595.395508,-1.1366e-17
3598.144287,-1.8718e-17
3600.893066,-2.8958e-17
3603.641846,3.9054e-17
3606.390625,1.6906e-17
3609.139404,3.2673e-17
3611.888428,2.8498e-17
3614.637207,-7.8328e-18
3617.385986,-1.0615e-18
3620.134766,-3.7531e-17
3622.883545,-1.8318e-17
3625.632324,2.2995e-17
3628.381348,-2.5688e-18
3631.130127,-1.7775e-17
3633.878906,-4.8764e-18
3636.627686,7.2311e-18
3639.376709,-2.8347e-17
3642.125488,7.9962e-18
3644.874268,4.7952e-18
3647.623291,-4.514e-18
3650.37207,7.9768e-18
3653.121094,-5.2697e-18
3655.869873,4.2898e-18
3658.618652,-1.3642e-17
3661.367676,3.5809e-17
3664.116455,4.5146e-17
3666.865479,1.1754e-17
3669.614258,2.7153e-18
3672.363281,9.3769e-18
3675.112305,2.443e-18
3677.861084,1.546e-19
3680.610107,1.6704e-17
3683.358887,6.2326e-17
3686.10791,4.7243e-17
3688.856934,8.944e-18
3691.605713,-5.9178e-18
3694.354736,1.1606e-17
3697.10376,4.98e-17
3699.852539,2.9498e-17
3702.601562,-9.592e-19
3705.350586,3.6511e-17
3708.099609,5.7235e-18
3710.848389,-9.7123e-20
3713.597412,3.0631e-18
3716.346436,2.4897e-17
3719.095459,2.1276e-17
3721.844482,2.7472e-17
3724.593506,1.8314e-17
3727.342285,4.0885e-17
3730.091309,-6.9906e-19
3732.840332,1.8743e-17
3735.589355,2.8919e-17
3738.338379,1.4565e-17
3741.087402,-3.4668e-17
3743.836426,-1.5679e-17
3746.585449,4.3051e-17
3749.334473,2.2334e-17
3752.083496,4.5179e-17
3754.83252,3.1465e-17
3757.581543,4.1471e-18
3760.330566,-2.9209e-17
3763.07959,-9.6448e-18
3765.828613,2.8916e-17
3768.577637,-8.6126e-18
3771.32666,3.4399e-17
3774.075684,4.9216e-17
3776.824707,1.6183e-17
3779.57373,-1.4761e-17
3782.322754,4.8167e-17
3785.071777,7.7446e-17
3787.820801,4.5595e-17
3790.569824,2.5834e-17
3793.318848,9.7038e-18
3796.067871,-5.1711e-19
3798.816895,3.9143e-17
3801.566162,1.4407e-17
3804.315186,4.3591e-17
3807.064209,5.2885e-17
3809.813232,3.6862e-17
3812.562256,1.8733e-17
3815.311279,2.5499e-17
3818.060303,1.727e-17
3820.809326,1.8364e-17
3823.558594,1.0805e-17
3826.307617,7.5929e-18
3829.056641,2.8974e-18
3831.805664,2.3103e-17
3834.554688,5.2711e-17
3837.303711,9.1796e-17
3840.052979,2.1543e-17
3842.802002,-6.8142e-19
3845.551025,7.7754e-18
3848.300049,4.4945e-17
3851.049072,1.6616e-17
3853.798096,-4.2368e-18
3856.547363,1.3873e-17
3859.296387,1.5198e-17
3862.04541,1.6765e-17
3864.794434,-1.4019e-17
3867.543457,-1.1127e-18
3870.29248,2.2111e-19
3873.041748,2.3988e-17
3875.790771,2.0339e-17
3878.539795,2.3028e-17
3881.288818,4.8241e-18
3884.037842,6.5679e-18
3886.786865,5.1328e-17
3889.536133,7.1323e-17
3892.285156,5.5299e-17
3895.03418,8.9253e-18
3897.783203,2.8085e-17
3900.532227,8.7063e-18
3903.28125,1.1935e-17
3906.030518,2.1519e-17
3908.779541,3.3491e-17
3911.528564,2.236e-17
3914.277588,2.187e-17
3917.026611,4.0303e-17
3919.775635,2.3084e-17
3922.524658,1.7833e-17
3925.273682,1.9578e-17
3928.022705,3.3467e-17
3930.771973,1.075e-16
3933.520996,2.6219e-16
3936.27002,2.4629e-16
3939.019043,8.9691e-17
3941.768066,3.0326e-17
3944.51709,1.7227e-17
3947.266113,1.8453e-17
3950.015137,2.5432e-17
3952.76416,2.5411e-17
3955.513184,2.7257e-17
3958.262207,3.6605e-17
3961.01123,3.1566e-17
3963.760254,4.3858e-17
3966.509277,1.464e-16
3969.258301,3.5206e-16
3972.007324,2.8e-16
3974.756348,1.2208e-16
3977.505371,7.3693e-17
3980.254395,7.7785e-17
3983.003418,1.0795e-16
3985.752441,1.0242e-16
3988.501221,5.4812e-17
3991.250244,3.7212e-17
3993.999268,3.4894e-17
3996.748291,5.8165e-17
3999.497314,4.3631e-17
4002.246338,4.4827e-17
4004.995361,4.8316e-17
4007.744141,5.7699e-17
4010.493164,6.3189e-17
4013.242188,4.2962e-17
4015.991211,4.586e-17
4018.73999,5.355e-17
4021.489014,4.0273e-17
4024.238037,4.6911e-17
4026.987061,5.7341e-17
4029.73584,4.5467e-17
4032.484863,3.5112e-17
4035.233887,3.1364e-17
4037.982666,4.382e-17
4040.731689,4.8738e-17
4043.480469,4.7045e-17
4046.229492,4.7792e-17
4048.978271,4.3566e-17
4051.727295,6.6738e-17
4054.476318,8.1865e-17
4057.225098,6.8564e-17
4059.974121,5.4449e-17
4062.7229,4.2306e-17
4065.47168,3.9269e-17
4068.220703,3.4362e-17
4070.969482,3.5134e-17
4073.718506,2.4754e-17
4076.467285,3.455e-17
4079.216064,3.4813e-17
4081.965088,3.1354e-17
4084.713867,3.1879e-17
4087.462646,3.3215e-17
4090.21167,4.0243e-17
4092.960449,5.3432e-17
4095.709229,4.4554e-17
4098.458008,4.8549e-17
4101.207031,1.2528e-16
4103.955566,1.6916e-16
4106.70459,8.6276e-17
4109.453125,4.3705e-17
4112.202148,3.743e-17
4114.950684,4.1492e-17
4117.699707,2.9958e-17
4120.448242,4.5114e-17
4123.197266,3.6443e-17
4125.945801,1.6798e-17
4128.694824,3.3384e-17
4131.443359,1.8259e-17
4134.192383,2.8194e-17
4136.940918,4.0395e-17
4139.689941,3.2947e-17
4142.438477,2.35e-17
4145.187012,3.1112e-17
4147.936035,2.5414e-17
4150.68457,2.6206e-17
4153.433105,3.514e-17
4156.182129,2.5655e-17
4158.930664,3.9164e-17
4161.679199,3.9747e-17
4164.428223,2.1221e-17
4167.176758,3.1585e-17
4169.925293,2.4495e-17
4172.673828,3.5362e-17
4175.422852,4.9378e-17
4178.171387,3.7513e-17
4180.919922,4.4988e-17
4183.668457,4.5627e-17
4186.416992,2.9723e-17
4189.166016,2.1959e-17
4191.914551,1.8723e-17
4194.663086,3.3465e-17
4197.411621,1.0296e-17
4200.160156,3.1306e-17
4202.908691,3.4199e-17
4205.657227,3.6669e-17
4208.405762,6.4794e-17
4211.154297,5.0048e-17
4213.902832,2.0038e-17
4216.651367,1.333e-17
4219.399902,2.8122e-17
4222.148438,1.9238e-17
4224.896973,4.1541e-18
4227.645508,-1.1477e-17
4230.394043,8.2895e-18
4233.142578,2.722e-17
4235.890625,1.4782e-17
4238.63916,2.4088e-17
4241.387695,1.2789e-17
4244.13623,1.5956e-17
4246.884766,1.9122e-17
4249.633301,1.0703e-17
4252.381348,2.0027e-17
4255.129883,6.2248e-18
4257.878418,1.8278e-17
4260.626465,2.7751e-17
4263.375,5.0481e-17
4266.123535,2.2506e-17
4268.871582,2.8532e-17
4271.620117,5.5134e-17
4274.368652,1.6842e-17
4277.116699,1.9856e-17
4279.865234,2.6314e-17
4282.613281,3.5068e-17
4285.361816,4.9884e-17
4288.109863,4.9226e-17
4290.858398,3.7157e-17
4293.606445,3.7446e-17
4296.35498,4.2891e-17
4299.103027,2.9179e-17
4301.851074,5.1614e-17
4304.599609,3.4931e-17
4307.347656,4.0803e-17
4310.095703,4.3814e-17
4312.844238,5.8555e-17
4315.592285,6.7741e-17
4318.340332,6.0776e-17
4321.088867,7.5476e-17
4323.836914,5.6604e-17
4326.584961,5.905e-17
4329.333008,6.88e-17
4332.081055,6.9927e-17
4334.829102,7.4618e-17
4337.577637,1.1943e-16
4340.325684,2.4292e-16
4343.07373,2.5497e-16
4345.821777,1.1975e-16
4348.569824,6.0891e-17
4351.317871,8.4299e-17
4354.065918,4.6391e-17
4356.813965,4.747e-17
4359.562012,6.5862e-17
4362.30957,5.0633e-17
4365.057617,5.7492e-17
4367.805664,6.5276e-17
4370.553711,5.0386e-17
4373.301758,6.6783e-17
4376.049805,7.2635e-17
4378.797363,6.9239e-17
4381.54541,7.5467e-17
4384.293457,7.6967e-17
4387.041016,7.8256e-17
4389.789062,6.9474e-17
4392.537109,8.1451e-17
4395.284668,6.6345e-17
4398.032715,6.0791e-17
4400.780273,7.2489e-17
4403.52832,7.8089e-17
4406.275879,9.7772e-17
4409.023926,9.7584e-17
4411.771484,9.9672e-17
4414.519531,9.0394e-17
4417.26709,1.0017e-16
4420.014648,9.5506e-17
4422.762695,1.0238e-16
4425.510254,9.3228e-17
4428.257812,9.5468e-17
4431.005859,1.0429e-16
4433.753418,1.1594e-16
4436.500977,1.1447e-16
4439.248535,1.2059e-16
4441.996094,1.3225e-16
4444.743652,1.4041e-16
4447.491699,1.4925e-16
4450.239258,1.4302e-16
4452.986816,1.5151e-16
4455.734375,1.5419e-16
4458.481934,1.456e-16
4461.229492,1.5555e-16
4463.976562,1.5016e-16
4466.724121,1.5979e-16
4469.47168,1.7007e-16
4472.219238,1.8796e-16
4474.966797,1.7632e-16
4477.714355,1.6848e-16
4480.461426,1.8136e-16
4483.208984,1.9633e-16
4485.956543,2.0445e-16
4488.703613,1.9207e-16
4491.451172,1.9413e-16
4494.19873,2.1549e-16
4496.945801,2.1489e-16
4499.693359,2.3856e-16
4502.44043,2.3335e-16
4505.187988,2.2271e-16
4507.935059,2.0166e-16
4510.682129,2.0057e-16
4513.429688,2.2077e-16
4516.176758,2.189e-16
4518.923828,2.3e-16
4521.671387,2.5181e-16
4524.418457,2.6699e-16
4527.165527,2.7247e-16
4529.912598,2.6383e-16
4532.660156,2.6207e-16
4535.407227,2.5909e-16
4538.154297,3.0036e-16
4540.901367,2.9494e-16
4543.648438,3.1828e-16
4546.395508,2.8256e-16
4549.142578,2.6679e-16
4551.889648,2.5928e-16
4554.636719,2.7761e-16
4557.383301,3.066e-16
4560.130371,3.3209e-16
4562.877441,3.4913e-16
4565.624512,3.6582e-16
4568.371094,3.9425e-16
4571.118164,3.9202e-16
4573.865234,4.0818e-16
4576.611816,4.1452e-16
4579.358887,4.1173e-16
4582.105957,3.6574e-16
4584.852539,2.9747e-16
4587.599609,2.5018e-16
4590.346191,2.3722e-16
4593.092773,2.5664e-16
4595.839844,2.621e-16
4598.586426,2.8122e-16
4601.333008,2.8239e-16
4604.080078,2.9315e-16
4606.82666,2.6795e-16
4609.573242,2.9667e-16
4612.319824,3.7063e-16
4615.066406,4.0816e-16
4617.813477,4.5836e-16
4620.560059,4.5919e-16
4623.306641,4.4216e-16
4626.053223,3.8217e-16
4628.799805,3.099e-16
4631.545898,2.7664e-16
4634.29248,2.9111e-16
4637.039062,3.1426e-16
4639.785645,3.1355e-16
4642.532227,3.1039e-16
4645.27832,3.0219e-16
4648.024902,3.1243e-16
4650.771484,3.1423e-16
4653.517578,3.5142e-16
4656.26416,3.9579e-16
4659.010254,4.1573e-16
4661.756836,4.4178e-16
4664.50293,4.5578e-16
4667.249512,4.2975e-16
4669.995605,3.4324e-16
4672.741699,2.6779e-16
4675.488281,2.5023e-16
4678.234375,2.7548e-16
4680.980469,2.7998e-16
4683.726562,2.9051e-16
4686.473145,3.0792e-16
4689.219238,3.1602e-16
4691.965332,3.6068e-16
4694.711426,3.8387e-16
4697.45752,4.0532e-16
4700.203613,4.1435e-16
4702.949707,4.2465e-16
4705.695312,4.1161e-16
4708.441406,4.0101e-16
4711.1875,3.9683e-16
4713.933594,3.7232e-16
4716.679199,3.4068e-16
4719.425293,3.6498e-16
4722.171387,3.634e-16
4724.916992,3.7248e-16
4727.663086,3.8575e-16
4730.408691,4.0518e-16
4733.154785,4.1791e-16
4735.900391,4.2485e-16
4738.646484,4.2353e-16
4741.39209,4.4657e-16
4744.137695,4.4933e-16
4746.883301,4.7043e-16
4749.629395,4.6959e-16
4752.375,4.7704e-16
4755.120605,4.9942e-16
4757.866211,4.6864e-16
4760.611816,3.4213e-16
4763.357422,2.1449e-16
4766.103027,1.686e-16
4768.848633,1.5755e-16
4771.594238,1.7744e-16
4774.339355,1.868e-16
4777.084961,2.3494e-16
4779.830566,2.4327e-16
4782.576172,2.2421e-16
4785.321289,2.3638e-16
4788.066895,2.7014e-16
4790.812012,2.8444e-16
4793.557617,3.0784e-16
4796.302734,3.2712e-16
4799.04834,3.3227e-16
4801.793457,3.3703e-16
4804.538574,2.8526e-16
4807.28418,2.2293e-16
4810.029297,1.9202e-16
4812.774414,1.9028e-16
4815.519531,2.1553e-16
4818.264648,2.5275e-16
4821.009766,2.7675e-16
4823.754883,2.8522e-16
4826.5,2.9002e-16
4829.245117,2.981e-16
4831.990234,2.942e-16
4834.735352,3.0926e-16
4837.480469,3.4877e-16
4840.225098,3.5313e-16
4842.970215,3.4114e-16
4845.715332,3.1781e-16
4848.459961,3.1478e-16
4851.205078,2.8682e-16
4853.949707,2.803e-16
4856.694824,3.3043e-16
4859.439453,4.4869e-16
4862.18457,6.2782e-16
4864.929199,5.1404e-16
4867.673828,3.7987e-16
4870.418457,3.5248e-16
4873.163086,3.6262e-16
4875.908203,3.7091e-16
4878.652832,3.5477e-16
4881.397461,3.7718e-16
4884.14209,3.9359e-16
4886.88623,4.1948e-16
4889.630859,4.4033e-16
4892.375488,4.442e-16
4895.120117,4.3159e-16
4897.864746,4.2633e-16
4900.608887,4.4074e-16
4903.353516,4.9068e-16
4906.097656,5.2111e-16
4908.842285,5.5786e-16
4911.586426,5.9021e-16
4914.331055,6.229e-16
4917.075195,6.3075e-16
4919.819336,6.5687e-16
4922.563965,6.8952e-16
4925.308105,7.2837e-16
4928.052246,7.3824e-16
4930.796387,7.3986e-16
4933.540527,7.7201e-16
4936.284668,8.0158e-16
4939.028809,8.0566e-16
4941.772949,8.2817e-16
4944.51709,8.5762e-16
4947.26123,9.3533e-16
4950.004883,9.7476e-16
4952.749023,8.3945e-16
4955.493164,5.7004e-16
4958.236816,3.1031e-16
4960.980957,2.2594e-16
4963.724609,2.1817e-16
4966.46875,2.1711e-16
4969.212402,2.4519e-16
4971.956543,2.9012e-16
4974.700195,3.1428e-16
4977.443848,3.3932e-16
4980.1875,3.5088e-16
4982.931152,3.4978e-16
4985.674805,3.6088e-16
4988.418457,3.9692e-16
4991.162109,4.4606e-16
4993.905762,4.5279e-16
4996.649414,4.3758e-16
4999.393066,4.0249e-16
5002.136719,3.0735e-16
5004.879883,2.7918e-16
5007.623535,2.7629e-16
5010.366699,2.826e-16
5013.110352,2.9013e-16
5015.853516,3.1551e-16
5018.597168,3.331e-16
5021.340332,3.4584e-16
5024.083496,3.5447e-16
5026.827148,3.4473e-16
5029.570312,3.8329e-16
5032.313477,4.1223e-16
5035.056641,4.3954e-16
5037.799805,4.6171e-16
5040.542969,5.0945e-16
5043.286133,5.318e-16
5046.029297,5.5735e-16
5048.772461,5.44e-16
5051.515137,5.3376e-16
5054.258301,4.9522e-16
5057.001465,5.0471e-16
5059.744141,5.2557e-16
5062.487305,5.4116e-16
5065.22998,5.4287e-16
5067.972656,5.4566e-16
5070.71582,5.7474e-16
5073.458496,5.6852e-16
5076.201172,6.1117e-16
5078.943848,6.0855e-16
5081.687012,6.1958e-16
5084.429688,6.1702e-16
5087.172363,6.4501e-16
5089.914551,6.3949e-16
5092.657227,6.0704e-16
5095.399902,6.0079e-16
5098.142578,5.8742e-16
5100.885254,6.0495e-16
5103.627441,5.9681e-16
5106.370117,5.8088e-16
5109.112305,5.7598e-16
5111.85498,5.9428e-16
5114.597168,6.2355e-16
5117.339355,6.9256e-16
5120.082031,6.7041e-16
5122.824219,6.575e-16
5125.566406,6.3985e-16
5128.308594,5.8917e-16
5131.050781,5.9766e-16
5133.792969,6.6357e-16
5136.535156,7.0458e-16
5139.277344,7.3662e-16
5142.019531,7.0216e-16
5144.76123,6.8062e-16
5147.503418,6.3328e-16
5150.245605,6.4015e-16
5152.987305,6.1816e-16
5155.729492,6.1477e-16
5158.471191,7.0706e-16
5161.212891,7.8952e-16
5163.955078,8.3717e-16
5166.696777,6.7813e-16
5169.438477,3.8058e-16
5172.180176,2.3865e-16
5174.921875,2.0454e-16
5177.663574,2.1362e-16
5180.405273,2.0529e-16
5183.146973,2.296e-16
5185.888672,2.9164e-16
5188.630371,3.3573e-16
5191.371582,3.7331e-16
5194.113281,3.9607e-16
5196.854492,4.1226e-16
5199.596191,4.2815e-16
5202.337402,3.9619e-16
5205.079102,3.6575e-16
5207.820312,3.37e-16
5210.561523,3.6142e-16
5213.302734,4.9012e-16
5216.043945,6.0975e-16
5218.785156,6.3983e-16
5221.526367,7.1493e-16
5224.267578,7.0472e-16
5227.008789,6.9931e-16
5229.75,7.427e-16
5232.490723,7.5988e-16
5235.231934,7.4142e-16
5237.973145,7.4039e-16
5240.713867,7.3436e-16
5243.455078,6.4803e-16
5246.195801,6.4832e-16
5248.936523,6.4731e-16
5251.677246,6.9204e-16
5254.418457,7.3251e-16
5257.15918,7.8875e-16
5259.899902,7.6813e-16
5262.640625,7.3222e-16
5265.381348,6.7464e-16
5268.121582,6.2653e-16
5270.862305,6.5063e-16
5273.603027,7.0921e-16
5276.34375,7.6279e-16
5279.083984,7.5878e-16
5281.824707,7.6587e-16
5284.564941,8.2431e-16
5287.305176,9.2809e-16
5290.045898,9.2943e-16
5292.786133,9.024e-16
5295.526367,9.0391e-16
5298.266602,8.9413e-16
5301.006836,9.1315e-16
5303.74707,9.4443e-16
5306.487305,9.518e-16
5309.227539,9.0034e-16
5311.967773,8.2685e-16
5314.70752,8.2941e-16
5317.447754,8.3455e-16
5320.1875,8.7787e-16
5322.927734,8.6233e-16
5325.66748,8.4557e-16
5328.407715,8.1419e-16
5331.147461,8.2458e-16
5333.887207,8.7458e-16
5336.626953,8.5723e-16
5339.366699,8.4916e-16
5342.106445,9.0852e-16
5344.846191,9.4102e-16
5347.585938,9.5974e-16
5350.325684,1.0376e-15
5353.06543,1.1075e-15
5355.804688,1.0875e-15
5358.544434,1.0275e-15
5361.283691,9.7358e-16
5364.023438,9.6685e-16
5366.762695,9.5612e-16
5369.501953,9.6009e-16
5372.241211,9.6733e-16
5374.980957,1.0323e-15
5377.720215,1.1104e-15
5380.459473,1.1827e-15
5383.198242,1.2111e-15
5385.9375,1.1859e-15
5388.676758,1.1608e-15
5391.416016,1.1742e-15
5394.154785,1.2113e-15
5396.894043,1.2039e-15
5399.632812,1.2337e-15
5402.37207,1.3159e-15
5405.11084,1.2627e-15
5407.849609,1.193e-15
5410.588867,1.1498e-15
5413.327637,1.194e-15
5416.066406,1.2265e-15
5418.805176,1.2714e-15
5421.543945,1.3268e-15
5424.282227,1.318e-15
5427.020996,1.2874e-15
5429.759766,1.2577e-15
5432.498047,1.2315e-15
5435.236816,1.262e-15
5437.975098,1.3416e-15
5440.713867,1.45e-15
5443.452148,1.4512e-15
5446.19043,1.2655e-15
5448.928711,8.69e-16
5452.662109,9.7772e-16
5457.533691,5.7433e-16
5462.405273,5.9013e-16
5467.276367,6.8176e-16
5472.147949,6.5055e-16
5477.02002,6.5347e-16
5481.891602,6.6713e-16
5486.763184,6.5208e-16
5491.635254,6.2374e-16
5496.506836,5.4939e-16
5501.378906,4.4434e-16
5506.250977,3.3642e-16
5511.122559,2.8647e-16
5515.994629,2.5168e-16
5520.867188,2.4767e-16
5525.739258,2.0794e-16
5530.611328,2.3207e-16
5535.483398,2.1201e-16
5540.355957,1.9397e-16
5545.228516,2.0234e-16
5550.100586,2.4021e-16
5554.973145,2.6027e-16
5559.845703,2.9844e-16
5564.718262,4.0628e-16
5569.591309,4.8241e-16
5574.463867,5.5015e-16
5579.336426,6.2052e-16
5584.209473,6.8765e-16
5589.08252,7.135e-16
5593.955078,6.9952e-16
5598.828125,6.514e-16
5603.701172,6.4982e-16
5608.574219,6.6191e-16
5613.447266,6.5597e-16
5618.320801,5.9747e-16
5623.193848,6.0927e-16
5628.067383,5.9498e-16
5632.94043,5.8193e-16
5637.813965,6.0728e-16
5642.6875,6.0224e-16
5647.561035,6.8747e-16
5652.43457,7.3726e-16
5657.308105,7.7595e-16
5662.181641,7.5517e-16
5667.055176,6.9534e-16
5671.929199,6.7546e-16
5676.802734,7.1499e-16
5681.676758,7.7659e-16
5686.550781,8.3936e-16
5691.424805,8.2763e-16
5696.298828,8.4461e-16
5701.172852,8.8482e-16
5706.046875,9.1095e-16
5710.920898,9.544e-16
5715.79541,8.6934e-16
5720.669434,8.5516e-16
5725.543945,8.6479e-16
5730.417969,8.8576e-16
5735.29248,9.0612e-16
5740.166992,8.8639e-16
5745.041504,9.0263e-16
5749.916016,9.537e-16
5754.790527,9.7103e-16
5759.665527,8.962e-16
5764.540039,8.095e-16
5769.414551,7.9768e-16
5774.289551,8.2721e-16
5779.164551,8.7433e-16
5784.039551,9.6899e-16
5788.914062,9.864e-16
5793.789062,1.0373e-15
5798.664062,1.0759e-15
5803.539551,1.0929e-15
5808.414551,1.0408e-15
5813.289551,9.0762e-16
5818.165039,8.163e-16
5823.040039,8.0083e-16
5827.915527,7.7988e-16
5832.791016,8.1957e-16
5837.666504,8.0693e-16
5842.541992,7.4803e-16
5847.41748,6.6436e-16
5852.292969,5.7414e-16
5857.168457,5.2964e-16
5862.043945,5.08e-16
5866.919922,4.6428e-16
5871.79541,4.2528e-16
5876.671387,4.04e-16
5881.547363,3.6948e-16
5886.42334,3.3628e-16
5891.298828,3.2782e-16
5896.174805,3.144e-16
5901.05127,3.1397e-16
5905.927246,3.2107e-16
5910.803223,3.4323e-16
5915.679199,3.4964e-16
5920.555664,3.6365e-16
5925.431641,3.896e-16
5930.308105,4.1283e-16
5935.18457,4.1507e-16
5940.061035,4.5737e-16
5944.9375,4.7855e-16
5949.813965,4.7065e-16
5954.69043,4.5901e-16
5959.566895,4.5584e-16
5964.443359,4.8484e-16
5969.320312,4.8081e-16
5974.196777,4.654e-16
5979.07373,4.9233e-16
5983.950195,5.0466e-16
5988.827148,5.3148e-16
5993.704102,5.5107e-16
5998.581055,5.4665e-16
6003.458008,5.2306e-16
6008.334961,5.2209e-16
6013.211914,5.2723e-16
6018.088867,5.6728e-16
6022.966309,5.7432e-16
6027.843262,5.9115e-16
6032.720703,6.071e-16
6037.597656,6.2182e-16
6042.475098,6.6278e-16
6047.352539,7.0278e-16
6052.22998,7.4598e-16
6057.107422,7.5571e-16
6061.984863,7.8632e-16
6066.862305,8.0891e-16
6071.739746,8.2719e-16
6076.617188,8.0694e-16
6081.495117,7.8493e-16
6086.372559,7.9482e-16
6091.250488,7.7799e-16
6096.128418,7.7251e-16
6101.005859,7.5347e-16
6105.883789,7.7097e-16
6110.761719,7.7033e-16
6115.639648,6.9024e-16
6120.517578,6.5768e-16
6125.395508,6.3803e-16
6130.273438,6.5088e-16
6135.151855,6.264e-16
6140.029785,5.7932e-16
6144.908203,5.6289e-16
6149.786133,5.1952e-16
6154.664551,4.8014e-16
6159.542969,4.2843e-16
6164.420898,3.8017e-16
6169.299316,3.693e-16
6174.177734,3.6771e-16
6179.056152,3.4786e-16
6183.93457,3.4893e-16
6188.813477,3.5328e-16
6193.691895,3.389e-16
6198.570312,3.1799e-16
6203.449219,3.2811e-16
6208.327637,3.2014e-16
6213.206543,3.1563e-16
6218.085449,3.2333e-16
6222.963867,3.069e-16
6227.842773,2.985e-16
6232.72168,3.0982e-16
6237.600586,3.234e-16
6242.479492,3.7164e-16
6247.358398,3.5391e-16
6252.237793,3.506e-16
6257.116699,3.6041e-16
6261.995605,3.7354e-16
6266.875,3.8874e-16
6271.753906,4.2114e-16
6276.633301,4.4331e-16
6281.512695,4.9731e-16
6286.391602,5.3419e-16
6291.270996,5.7855e-16
6296.150391,6.2799e-16
6301.029785,6.8752e-16
6305.90918,7.321e-16
6310.788574,7.9066e-16
6315.668457,8.6668e-16
6320.547852,8.8069e-16
6325.427246,9.2974e-16
6330.307129,1.021e-15
6335.186523,1.0904e-15
6340.066406,1.1811e-15
6344.945801,1.2332e-15
6349.825684,1.3054e-15
6354.705566,1.2438e-15
6359.585449,1.1556e-15
6364.465332,1.1395e-15
6369.345215,1.1407e-15
6374.225098,1.1569e-15
6379.10498,1.1283e-15
6383.984863,1.0865e-15
6388.864746,1.0777e-15
6393.745117,1.1621e-15
6398.625,1.2738e-15
6403.505371,1.3207e-15
6408.385254,1.318e-15
6413.265625,1.3105e-15
6418.145996,1.256e-15
6423.025879,1.239e-15
6427.90625,1.215e-15
6432.786621,1.2671e-15
6437.666992,1.3159e-15
6442.547363,1.3218e-15
6447.427734,1.3533e-15
6452.308594,1.3851e-15
6457.188965,1.4157e-15
6462.069336,1.4571e-15
6466.950195,1.5651e-15
6471.830566,1.6211e-15
6476.711426,1.5981e-15
6481.591797,1.5515e-15
6486.472656,1.6028e-15
6491.353027,1.6754e-15
6496.233887,1.8419e-15
6501.114746,2.016e-15
6505.995605,2.1683e-15
6510.876465,2.3576e-15
6515.757324,2.5406e-15
6520.638184,2.7384e-15
6525.519043,3.007e-15
6530.400391,3.2575e-15
6535.28125,3.4263e-15
6540.162109,3.5504e-15
6545.043457,3.3762e-15
6549.924316,3.1906e-15
6554.805664,3.212e-15
6559.686523,3.3602e-15
6564.567871,3.2819e-15
6569.449219,2.7724e-15
6574.330566,2.4039e-15
6579.211426,2.2253e-15
6584.092773,2.2261e-15
6588.974121,2.3331e-15
6593.855469,2.2747e-15
6598.736816,2.1653e-15
6603.618652,2.1585e-15
6608.5,2.1229e-15
6613.381348,2.1374e-15
6618.262695,2.0619e-15
6623.144531,1.9308e-15
6628.025879,1.7737e-15
6632.907715,1.738e-15
6637.789062,1.6425e-15
6642.670898,1.6675e-15
6647.552734,1.597e-15
6652.43457,1.4056e-15
6657.315918,1.3442e-15
6662.197754,1.3745e-15
6667.07959,1.4842e-15
6671.961426,1.5407e-15
6676.843262,1.4946e-15
6681.725098,1.3501e-15
6686.606934,1.2142e-15
6691.489258,1.2384e-15
6696.371094,1.2584e-15
6701.25293,1.3431e-15
6706.135254,1.39e-15
6711.01709,1.3676e-15
6715.899414,1.2543e-15
6720.78125,1.1331e-15
6725.663574,1.1433e-15
6730.54541,1.1617e-15
6735.427734,1.2167e-15
6740.310059,1.2948e-15
6745.192383,1.3149e-15
6750.074219,1.2473e-15
6754.956543,1.2881e-15
6759.838867,1.3717e-15
6764.721191,1.4733e-15
6769.603516,1.5492e-15
6774.486328,1.5689e-15
6779.368652,1.5647e-15
6784.250977,1.4317e-15
6789.133301,1.3402e-15
6794.016113,1.3458e-15
6798.898438,1.4354e-15
6803.780762,1.4943e-15
6808.663574,1.543e-15
6813.545898,1.5565e-15
6818.428711,1.5322e-15
6823.311523,1.5751e-15
6828.193848,1.5954e-15
6833.07666,1.6463e-15
6837.959473,1.6724e-15
6842.842285,1.724e-15
6847.725098,1.6821e-15
6852.60791,1.5654e-15
6857.490234,1.5371e-15
6862.373535,1.5355e-15
6867.256348,1.6201e-15
6872.13916,1.6999e-15
6877.021973,1.78e-15
6881.904785,1.7696e-15
6886.787598,1.7502e-15
6891.670898,1.7685e-15
6896.553711,1.8152e-15
6901.436523,1.8406e-15
6906.319824,1.9358e-15
6911.202637,2.0506e-15
6916.085938,2.1083e-15
6920.969238,2.0941e-15
6925.852051,2.2807e-15
6930.735352,2.4991e-15
6935.618652,2.7209e-15
6940.501465,2.8928e-15
6945.384766,3.1827e-15
6950.268066,3.3813e-15
6955.151367,3.3644e-15
6960.034668,3.3398e-15
6964.917969,3.4578e-15
6969.80127,3.5659e-15
6974.68457,3.6583e-15
6979.567871,3.8405e-15
6984.451172,3.9197e-15
6989.334473,3.9769e-15
6994.218262,3.9496e-15
6999.101562,4.0178e-15
7003.984863,4.11e-15
7008.868164,4.3398e-15
7013.751953,4.6174e-15
7018.635254,4.9001e-15
7023.519043,5.0814e-15
7028.402344,5.4331e-15
7033.286133,5.9534e-15
7038.169434,6.4321e-15
7043.053223,6.6637e-15
7047.937012,6.424e-15
7052.820312,5.5098e-15
7057.704102,3.7299e-15
7062.587891,2.6765e-15
7067.47168,2.4815e-15
7072.355469,2.5717e-15
7077.239258,2.6496e-15
7082.123047,2.6523e-15
7087.006836,2.3264e-15
7091.890625,1.8602e-15
7096.774414,1.729e-15
7101.658203,1.7577e-15
7106.541992,1.8937e-15
7111.425781,2.1074e-15
7116.30957,2.1867e-15
7121.193359,2.1767e-15
7126.077637,1.8708e-15
7130.961426,1.5038e-15
7135.845215,1.3778e-15
7140.729492,1.4012e-15
7145.613281,1.522e-15
7150.497559,1.6255e-15
7155.381348,1.7107e-15
7160.265625,1.719e-15
7165.149414,1.735e-15
7170.033691,1.8359e-15
7174.91748,1.9743e-15
7179.801758,2.1707e-15
7184.686035,2.3626e-15
7189.569824,2.4771e-15
7194.454102,2.4497e-15
7199.338379,2.3482e-15
7204.222656,2.3317e-15
7209.106445,2.4216e-15
7213.990723,2.5468e-15
7218.875,2.7447e-15
7223.759277,3.0006e-15
7228.643555,3.1932e-15
7233.527832,3.382e-15
7238.412109,3.6449e-15
7243.296387,3.9236e-15
7248.180664,4.3256e-15
7253.064941,4.6469e-15
7257.949219,4.9577e-15
7262.833984,5.3185e-15
7267.718262,5.5018e-15
7272.602539,5.3488e-15
7277.486816,5.5566e-15
7282.371582,5.8992e-15
7287.255859,6.3237e-15
7292.140137,6.6801e-15
7297.024902,7.1044e-15
7301.90918,7.6597e-15
7306.793457,8.1417e-15
7311.678223,8.5574e-15
7316.5625,8.9623e-15
7321.447266,9.356e-15
7326.331543,9.6269e-15
7331.216309,9.8444e-15
7336.100586,1.0244e-14
7340.985352,1.048e-14
7345.870117,1.0535e-14
7350.754395,1.0708e-14
7355.63916,1.0774e-14
7360.523926,1.1107e-14
7365.408203,1.1596e-14
7370.292969,1.1868e-14
7375.177734,1.1894e-14
7380.0625,1.2001e-14
7384.946777,1.2084e-14
7389.831543,1.2202e-14
7394.716309,1.2185e-14
7399.601074,1.2171e-14
7404.48584,1.2142e-14
7409.370605,1.2036e-14
7414.255371,1.2198e-14
7419.140137,1.2092e-14
7424.024902,1.2172e-14
7428.909668,1.236e-14
7433.794434,1.2211e-14
7438.679199,1.2031e-14
7443.563965,1.2061e-14
7448.44873,1.1994e-14
7453.333496,1.2048e-14
7458.218262,1.2191e-14
7463.103027,1.2255e-14
7467.987793,1.2345e-14
7472.872559,1.2471e-14
7477.757812,1.2479e-14
7482.642578,1.2648e-14
7487.527344,1.2766e-14
7492.412109,1.2833e-14
7497.297363,1.2975e-14
7502.182129,1.3354e-14
7507.066895,1.3507e-14
7511.952148,1.3714e-14
7516.836914,1.3741e-14
7521.72168,1.3583e-14
7526.606934,1.3538e-14
7531.491699,1.3846e-14
7536.376465,1.4381e-14
7541.261719,1.4851e-14
7546.146484,1.4998e-14
7551.031738,1.5017e-14
7555.916504,1.5004e-14
7560.801758,1.5004e-14
7565.686523,1.4825e-14
7570.571777,1.4851e-14
7575.456543,1.5056e-14
7580.341797,1.4882e-14
7585.226562,1.4083e-14
7590.111816,1.1581e-14
7594.996582,9.84e-15
7599.881836,9.4398e-15
7604.76709,9.3738e-15
7609.651855,9.7258e-15
7614.537109,1.0168e-14
7619.421875,1.0077e-14
7624.307129,9.2699e-15
7629.192383,7.7546e-15
7634.077148,6.736e-15
7638.962402,6.2582e-15
7643.847656,5.846e-15
7648.732422,5.2836e-15
7653.617676,4.407e-15
7658.50293,3.5168e-15
7663.388184,2.7297e-15
7668.272949,2.5202e-15
7673.158203,2.7458e-15
7678.043457,3.1935e-15
7682.928711,3.4521e-15
7687.813477,3.4847e-15
7692.69873,3.2118e-15
7697.583984,2.7709e-15
7702.469238,2.7907e-15
7707.354004,3.4115e-15
7712.239258,4.1888e-15
7717.124512,4.9682e-15
7722.009766,5.6497e-15
7726.89502,6.2389e-15
7731.780273,6.8087e-15
7736.665039,7.0935e-15
7741.550293,7.1506e-15
7746.435547,6.6977e-15
7751.320801,6.1999e-15
7756.206055,6.1433e-15
7761.091309,6.3884e-15
7765.976562,6.5888e-15
7770.861328,6.9657e-15
7775.746582,7.1483e-15
7780.631836,7.179e-15
7785.51709,7.0432e-15
7790.402344,7.1e-15
7795.287598,7.2979e-15
7800.172852,7.4237e-15
7805.058105,8.1802e-15
7809.943359,8.8794e-15
7814.828125,9.1791e-15
7819.713379,9.1619e-15
7824.598633,8.7591e-15
7829.483887,8.3201e-15
7834.369141,8.2368e-15
7839.254395,8.521e-15
7844.139648,8.742e-15
7849.024902,9.0605e-15
7853.910156,9.2809e-15
7858.79541,9.435e-15
7863.680664,9.4092e-15
7868.565918,9.4285e-15
7873.450684,9.5898e-15
7878.335938,1.0023e-14
7883.221191,1.0589e-14
7888.106445,1.0869e-14
7892.991699,1.1173e-14
7897.876953,1.0988e-14
7902.762207,1.065e-14
7907.647461,1.0374e-14
7912.532715,9.9441e-15
7917.417969,1.0059e-14
7922.303223,1.0263e-14
7927.187988,1.053e-14
7932.073242,1.0984e-14
7936.958496,1.1249e-14
7941.84375,1.0872e-14
7946.729004,1.0716e-14
7951.614258,1.0915e-14
7956.499512,1.1681e-14
7961.384766,1.1956e-14
7966.269531,1.2222e-14
7971.154785,1.2686e-14
7976.040039,1.2694e-14
7980.925293,1.2484e-14
7985.810547,1.2296e-14
7990.695801,1.2262e-14
7995.580566,1.2559e-14
8000.46582,1.2966e-14
8005.351074,1.3541e-14
8010.236328,1.4207e-14
8015.121582,1.4762e-14
8020.006348,1.5247e-14
8024.891602,1.5628e-14
8029.776855,1.6215e-14
8034.662109,1.6576e-14
8039.547363,1.685e-14
8044.432129,1.7393e-14
8049.317383,1.8033e-14
8054.202637,1.8658e-14
8059.087402,1.9247e-14
8063.972656,1.9613e-14
8068.85791,2.006e-14
8073.743164,2.0461e-14
8078.62793,2.0917e-14
8083.513184,2.1306e-14
8088.398438,2.1773e-14
8093.283203,2.2072e-14
8098.168457,2.2172e-14
8103.053711,2.2131e-14
8107.938477,2.2507e-14
8112.82373,2.3197e-14
8117.708496,2.3587e-14
8122.59375,2.4127e-14
8127.478516,2.4685e-14
8132.36377,2.5121e-14
8137.249023,2.5065e-14
8142.133789,2.4965e-14
8147.019043,2.4823e-14
8151.903809,2.4923e-14
8156.789062,2.5118e-14
8161.673828,2.505e-14
8166.558594,2.5028e-14
8171.443848,2.4583e-14
8176.328613,2.3373e-14
8181.213867,2.0779e-14
8186.098633,1.8271e-14
8190.983887,1.8228e-14
8195.868164,1.7645e-14
8200.753906,1.8603e-14
8205.638672,2.0119e-14
8210.523438,2.134e-14
8215.408203,2.2337e-14
8220.292969,2.3124e-14
8225.177734,2.4049e-14
8230.0625,2.4682e-14
8234.948242,2.5065e-14
8239.833008,2.5316e-14
8244.717773,2.5509e-14
8249.602539,2.5454e-14
8254.487305,2.4989e-14
8259.37207,2.4663e-14
8264.256836,2.5036e-14
8269.141602,2.4935e-14
8274.026367,2.4562e-14
8278.911133,2.4286e-14
8283.795898,2.3835e-14
8288.680664,2.3104e-14
8293.56543,2.266e-14
8298.450195,2.2731e-14
8303.334961,2.186e-14
8308.219727,2.181e-14
8313.104492,2.2267e-14
8317.989258,2.2743e-14
8322.874023,2.3055e-14
8327.758789,2.2907e-14
8332.643555,2.2844e-14
8337.52832,2.2797e-14
8342.413086,2.2707e-14
8347.296875,2.271e-14
8352.181641,2.2762e-14
8357.066406,2.2974e-14
8361.951172,2.2923e-14
8366.835938,2.2838e-14
8371.720703,2.3116e-14
8376.604492,2.2616e-14
8381.489258,2.2123e-14
8386.374023,2.1749e-14
8391.258789,2.148e-14
8396.143555,2.196e-14
8401.027344,2.2495e-14
8405.912109,2.2941e-14
8410.796875,2.3315e-14
8415.680664,2.308e-14
8420.56543,2.2704e-14
8425.450195,2.1764e-14
8430.333984,2.0828e-14
8435.21875,1.903e-14
8440.103516,1.7626e-14
8444.987305,1.6535e-14
8449.87207,1.5318e-14
8454.756836,1.4455e-14
8459.640625,1.3804e-14
8464.525391,1.3641e-14
8469.40918,1.3563e-14
8474.293945,1.3728e-14
8479.177734,1.4238e-14
8484.0625,1.4737e-14
8488.946289,1.5103e-14
8493.831055,1.5383e-14
8498.714844,1.5251e-14
8503.599609,1.508e-14
8508.483398,1.4798e-14
8513.367188,1.4723e-14
8518.251953,1.4502e-14
8523.135742,1.446e-14
8528.020508,1.5216e-14
8532.904297,1.595e-14
8537.788086,1.6415e-14
8542.672852,1.6765e-14
8547.556641,1.7356e-14
8552.44043,1.8189e-14
8557.324219,1.8345e-14
8562.208984,1.8314e-14
8567.092773,1.8715e-14
8571.976562,1.8924e-14
8576.860352,1.9019e-14
8581.745117,1.9194e-14
8586.628906,1.9523e-14
8591.512695,1.9901e-14
8596.396484,2.0113e-14
8601.280273,2.0273e-14
8606.164062,2.0443e-14
8611.047852,2.0365e-14
8615.931641,1.9887e-14
8620.81543,1.9673e-14
8625.699219,1.9363e-14
8630.583008,1.9428e-14
8635.466797,1.9605e-14
8640.350586,1.9724e-14
8645.234375,2.0011e-14
8650.118164,2.0209e-14
8655.001953,2.0509e-14
8659.885742,2.0852e-14
8664.769531,2.091e-14
8669.65332,2.1324e-14
8674.536133,2.1292e-14
8679.419922,2.1262e-14
8684.303711,2.1121e-14
8689.1875,2.042e-14
8694.071289,1.9308e-14
8698.954102,1.8856e-14
8703.837891,1.9265e-14
8708.72168,1.9184e-14
8713.604492,1.8832e-14
8718.488281,1.8932e-14
8723.37207,1.9548e-14
8728.254883,2.0329e-14
8733.138672,2.0824e-14
8738.021484,2.1041e-14
8742.905273,2.1568e-14
8747.789062,2.2139e-14
8752.671875,2.239e-14
8757.554688,2.2966e-14
8762.438477,2.3575e-14
8767.321289,2.3721e-14
8772.205078,2.4525e-14
8777.087891,2.5231e-14
8781.97168,2.4844e-14
8786.854492,2.5067e-14
8791.737305,2.5435e-14
8796.621094,2.565e-14
8801.503906,2.5288e-14
8806.386719,2.5057e-14
8811.269531,2.6149e-14
8816.15332,2.6999e-14
8821.036133,2.6934e-14
8825.918945,2.6606e-14
8830.801758,2.6955e-14
8835.68457,2.7806e-14
8840.567383,2.7971e-14
8845.450195,2.7531e-14
8850.333008,2.685e-14
8855.21582,2.6985e-14
8860.098633,2.5026e-14
8864.981445,2.3344e-14
8869.864258,2.2599e-14
8874.74707,2.1714e-14
8879.629883,2.2414e-14
8884.512695,2.2534e-14
8889.395508,2.2815e-14
8894.27832,2.3259e-14
8899.161133,2.3275e-14
8904.042969,2.4345e-14
8908.925781,2.4853e-14
8913.808594,2.4947e-14
8918.691406,2.5748e-14
8923.573242,2.5889e-14
8928.456055,2.5669e-14
8933.338867,2.6111e-14
8938.220703,2.5503e-14
8943.103516,2.4513e-14
8947.985352,2.4808e-14
8952.868164,2.5427e-14
8957.75,2.5965e-14
8962.632812,2.628e-14
8967.514648,2.6361e-14
8972.397461,2.6895e-14
8977.279297,2.7505e-14
8982.161133,2.7915e-14
8987.043945,2.8445e-14
8991.925781,2.8663e-14
8996.807617,2.8393e-14
9001.69043,2.8752e-14
9006.572266,2.9366e-14
9011.454102,2.932e-14
9016.335938,2.9153e-14
9021.217773,2.8581e-14
9026.099609,2.8129e-14
9030.982422,2.8389e-14
9035.864258,2.9143e-14
9040.746094,2.9575e-14
9045.62793,2.9849e-14
9050.509766,2.9983e-14
9055.391602,2.9402e-14
9060.273438,2.9139e-14
9065.154297,2.9251e-14
9070.036133,2.9297e-14
9074.917969,3.0132e-14
9079.799805,3.0877e-14
9084.681641,3.0975e-14
9089.5625,3.0853e-14
9094.444336,3.1336e-14
9099.326172,3.1959e-14
9104.208008,3.2321e-14
9109.088867,3.2505e-14
9113.970703,3.298e-14
9118.851562,3.3123e-14
9123.733398,3.3145e-14
9128.614258,3.3426e-14
9133.496094,3.3819e-14
9138.376953,3.3621e-14
9143.258789,3.3622e-14
9148.139648,3.423e-14
9153.020508,3.4773e-14
9157.902344,3.5297e-14
9162.783203,3.5331e-14
9167.664062,3.5051e-14
9172.545898,3.4859e-14
9177.426758,3.4674e-14
9182.307617,3.4967e-14
9187.188477,3.5692e-14
9192.069336,3.6149e-14
9196.950195,3.6176e-14
9201.831055,3.5976e-14
9206.711914,3.5055e-14
9211.592773,3.4081e-14
9216.473633,3.3775e-14
9221.354492,3.3848e-14
9226.235352,3.3712e-14
9231.116211,3.3523e-14
9235.99707,3.3168e-14
9240.876953,3.277e-14
9245.757812,3.2891e-14
9250.638672,3.2495e-14
9255.519531,3.2847e-14
9260.399414,3.3439e-14
9265.280273,3.3431e-14
9270.160156,3.339e-14
9275.041016,3.2855e-14
9279.921875,3.2289e-14
9284.801758,3.2344e-14
9289.681641,3.2453e-14
9294.5625,3.2266e-14
9299.442383,3.2141e-14
9304.323242,3.195e-14
9309.203125,3.2116e-14
9314.083008,3.23e-14
9318.962891,3.2205e-14
9323.84375,3.2334e-14
9328.723633,3.2544e-14
9333.603516,3.2501e-14
9338.483398,3.241e-14
9343.363281,3.2415e-14
9348.243164,3.2399e-14
9353.123047,3.2322e-14
9358.00293,3.2591e-14
9362.882812,3.2833e-14
9367.762695,3.2755e-14
9372.642578,3.2376e-14
9377.521484,3.2443e-14
9382.401367,3.2629e-14
9387.28125,3.2863e-14
9392.161133,3.3157e-14
9397.040039,3.3274e-14
9401.919922,3.3338e-14
9406.799805,3.3846e-14
9411.678711,3.3912e-14
9416.558594,3.3576e-14
9421.4375,3.3456e-14
9426.317383,3.3814e-14
9431.196289,3.4217e-14
9436.075195,3.4496e-14
9440.955078,3.4264e-14
9445.833984,3.3978e-14
9450.712891,3.4232e-14
9455.591797,3.4436e-14
9460.47168,3.47e-14
9465.350586,3.4966e-14
9470.229492,3.5538e-14
9475.108398,3.5829e-14
9479.987305,3.6555e-14
9484.866211,3.6607e-14
9489.745117,3.6674e-14
9494.624023,3.6797e-14
9499.50293,3.6786e-14
9504.380859,3.683e-14
9509.259766,3.6995e-14
9514.138672,3.6972e-14
9519.017578,3.6822e-14
9523.895508,3.7175e-14
9528.774414,3.7633e-14
9533.65332,3.7587e-14
9538.53125,3.7231e-14
9543.410156,3.7304e-14
9548.288086,3.7143e-14
9553.166016,3.7153e-14
9558.044922,3.7898e-14
9562.922852,3.8387e-14
9567.801758,3.8109e-14
9572.679688,3.7796e-14
9577.557617,3.7436e-14
9582.435547,3.7135e-14
9587.313477,3.6634e-14
9592.191406,3.6018e-14
9597.069336,3.5726e-14
9601.947266,3.5368e-14
9606.825195,3.6184e-14
9611.703125,3.7071e-14
9616.581055,3.7165e-14
9621.458984,3.7212e-14
9626.336914,3.7079e-14
9631.214844,3.6662e-14
9636.091797,3.5665e-14
9640.969727,3.4529e-14
9645.847656,3.4739e-14
9650.724609,3.5498e-14
9655.602539,3.6017e-14
9660.479492,3.6794e-14
9665.357422,3.733e-14
9670.234375,3.7294e-14
9675.112305,3.6334e-14
9679.989258,3.6147e-14
9684.866211,3.6761e-14
9689.744141,3.6968e-14
9694.621094,3.7704e-14
9699.498047,3.8376e-14
9704.375,3.8111e-14
9709.251953,3.7362e-14
9714.128906,3.8119e-14
9719.005859,3.8225e-14
9723.882812,3.7727e-14
9728.759766,3.7198e-14
9733.636719,3.7165e-14
9738.513672,3.7201e-14
9743.389648,3.694e-14
9748.266602,3.6787e-14
9753.143555,3.7653e-14
9758.019531,3.811e-14
9762.896484,3.8377e-14
9767.773438,3.8237e-14
9772.649414,3.7844e-14
9777.525391,3.8079e-14
9782.402344,3.7699e-14
9787.27832,3.6992e-14
9792.155273,3.7364e-14
9797.03125,3.8926e-14
9801.907227,3.9615e-14
9806.783203,3.9469e-14
9811.65918,3.9603e-14
9816.535156,3.9185e-14
9821.411133,3.8894e-14
9826.287109,3.9396e-14
9831.163086,3.9098e-14
9836.039062,3.8853e-14
9840.915039,3.8705e-14
9845.791016,3.9052e-14
9850.666992,3.962e-14
9855.541992,3.9559e-14
9860.417969,3.9627e-14
9865.292969,3.955e-14
9870.168945,3.9115e-14
9875.044922,3.9396e-14
9879.919922,3.9338e-14
9884.794922,3.8875e-14
9889.670898,3.8213e-14
9894.545898,3.6373e-14
9899.420898,3.3569e-14
9904.296875,3.074e-14
9909.171875,2.8816e-14
9914.046875,2.7533e-14
9918.921875,2.7217e-14
9923.796875,2.7533e-14
9928.671875,2.8263e-14
9933.546875,2.9203e-14
9938.421875,3.0245e-14
9943.296875,3.1687e-14
9948.170898,3.2273e-14
9953.045898,3.306e-14
9957.920898,3.3033e-14
9962.794922,3.2906e-14
9967.669922,3.2807e-14
9972.543945,3.2028e-14
9977.418945,3.1874e-14
9982.292969,3.2579e-14
9987.167969,3.2079e-14
9992.041992,3.2021e-14
9996.916016,3.2335e-14
10001.790039,3.3439e-14
10006.665039,3.3977e-14
10011.539062,3.4073e-14
10016.413086,3.4416e-14
10021.287109,3.4609e-14
10026.161133,3.468e-14
10031.035156,3.4675e-14
10035.90918,3.4104e-14
10040.782227,3.3902e-14
10045.65625,3.4031e-14
10050.530273,3.3723e-14
10055.40332,3.2828e-14
10060.277344,3.2835e-14
10065.151367,3.3667e-14
10072.0,3.4737e-14
10088.0,3.611e-14
10104.0,3.6434e-14
10120.0,3.634e-14
10136.0,3.599e-14
10152.0,3.6019e-14
10168.0,3.6041e-14
10184.0,3.6151e-14
10200.0,3.6084e-14
10216.0,3.6032e-14
10232.0,3.5897e-14
10248.0,3.5561e-14
10264.0,3.5301e-14
10280.0,3.5455e-14
10296.0,3.5784e-14
10312.0,3.6353e-14
10328.0,3.6281e-14
10344.0,3.6793e-14
10360.0,3.8015e-14
10376.0,3.8101e-14
10392.0,3.8156e-14
10408.0,3.836e-14
10424.0,3.907e-14
10440.0,3.9633e-14
10456.0,3.9727e-14
10472.0,3.9338e-14
10488.0,3.8934e-14
10504.0,3.8543e-14
10520.0,3.8661e-14
10536.0,3.8821e-14
10552.0,3.8311e-14
10568.0,3.8276e-14
10584.0,3.8434e-14
10600.0,3.8743e-14
10616.0,3.9303e-14
10632.0,3.9876e-14
10648.0,3.9468e-14
10664.0,3.9518e-14
10680.0,3.9931e-14
10696.0,4.0461e-14
10712.0,4.0868e-14
10728.0,4.0989e-14
10744.0,4.1379e-14
10760.0,4.154e-14
10776.0,4.1188e-14
10792.0,4.1532e-14
10808.0,4.2017e-14
10824.0,4.2341e-14
10840.0,4.2562e-14
10856.0,4.2848e-14
10872.0,4.3138e-14
10888.0,4.3033e-14
10904.0,4.2995e-14
10920.0,4.2892e-14
10936.0,4.2833e-14
10952.0,4.2923e-14
10968.0,4.3015e-14
10984.0,4.2605e-14
11000.0,4.2238e-14
11016.0,4.1938e-14
11032.0,4.151e-14
11048.0,4.094e-14
11064.0,4.0862e-14
11080.0,4.0938e-14
11096.0,4.0941e-14
11112.0,4.1018e-14
11128.0,4.1048e-14
11144.0,4.1147e-14
11160.0,4.0865e-14
11176.0,4.0673e-14
11192.0,4.0903e-14
11208.0,4.1205e-14
11224.0,4.135e-14
11240.0,4.1313e-14
11250.0,4.1207e-14
11275.0,4.1133e-14
11300.0,4.0668e-14
11325.0,3.9566e-14
11350.0,3.7689e-14
11375.0,3.6066e-14
11400.0,3.5778e-14
11425.0,3.6898e-14
11450.0,3.8899e-14
11475.0,4.0387e-14
11500.0,4.0947e-14
11525.0,4.1231e-14
11550.0,4.1064e-14
11575.0,4.0996e-14
11600.0,4.0613e-14
11625.0,4.0001e-14
11650.0,3.9251e-14
11675.0,3.842e-14
11700.0,3.7985e-14
11725.0,3.784e-14
11750.0,3.733e-14
11775.0,3.6954e-14
11800.0,3.737e-14
11825.0,3.8188e-14
11850.0,3.8774e-14
11875.0,3.8942e-14
11900.0,3.8701e-14
11925.0,3.8096e-14
11950.0,3.723e-14
11975.0,3.6564e-14
12000.0,3.6575e-14
12025.0,3.6972e-14
12050.0,3.7499e-14
12075.0,3.7985e-14
12100.0,3.8137e-14
12125.0,3.8364e-14
12150.0,3.8955e-14
12175.0,3.9274e-14
12200.0,3.9124e-14
12225.0,3.9251e-14
12250.0,3.9707e-14
12275.0,3.9719e-14
12300.0,3.9266e-14
12325.0,3.8802e-14
12350.0,3.8385e-14
12375.0,3.7746e-14
12400.0,3.6951e-14
12425.0,3.6291e-14
12450.0,3.6126e-14
12475.0,3.6439e-14
12500.0,3.6682e-14
12525.0,3.6965e-14
12550.0,3.7759e-14
12575.0,3.8799e-14
12600.0,3.9231e-14
12625.0,3.9288e-14
12650.0,3.9404e-14
12675.0,3.9553e-14
12700.0,3.9661e-14
12725.0,3.9737e-14
12750.0,3.9779e-14
12775.0,3.981e-14
12800.0,3.9645e-14
12825.0,3.9308e-14
12850.0,3.9183e-14
12875.0,3.931e-14
12900.0,3.9393e-14
12925.0,3.9218e-14
12950.0,3.9016e-14
12975.0,3.9004e-14
13000.0,3.909e-14
13025.0,3.8912e-14
13050.0,3.8598e-14
13075.0,3.8208e-14
13100.0,3.7662e-14
13125.0,3.7517e-14
13150.0,3.7759e-14
13175.0,3.8136e-14
13200.0,3.8219e-14
13225.0,3.7925e-14
13250.0,3.7394e-14
13275.0,3.6406e-14
13300.0,3.478e-14
13325.0,3.2827e-14
13350.0,3.1084e-14
13375.0,2.9633e-14
13400.0,2.8776e-14
13425.0,2.8369e-14
13450.0,2.8191e-14
13475.0,2.7925e-14
13500.0,2.739e-14
13525.0,2.6907e-14
13550.0,2.6669e-14
13575.0,2.6658e-14
13600.0,2.673e-14
13625.0,2.677e-14
13650.0,2.6903e-14
13675.0,2.6935e-14
13700.0,2.6751e-14
13725.0,2.6428e-14
13750.0,2.6292e-14
13775.0,2.6505e-14
13800.0,2.6766e-14
13825.0,2.6937e-14
13850.0,2.693e-14
13875.0,2.6659e-14
13900.0,2.6204e-14
13925.0,2.5559e-14
13950.0,2.5265e-14
13975.0,2.521e-14
14000.0,2.4845e-14
14025.0,2.4427e-14
14050.0,2.426e-14
14075.0,2.4069e-14
14100.0,2.3776e-14
14125.0,2.3543e-14
14150.0,2.3447e-14
14175.0,2.3438e-14
14200.0,2.3387e-14
14225.0,2.3241e-14
14250.0,2.3001e-14
14275.0,2.2901e-14
14300.0,2.2915e-14
14325.0,2.2972e-14
14350.0,2.3107e-14
14375.0,2.3255e-14
14400.0,2.3311e-14
14425.0,2.3298e-14
14450.0,2.3379e-14
14475.0,2.3424e-14
14500.0,2.3506e-14
14525.0,2.375e-14
14550.0,2.3871e-14
14575.0,2.3866e-14
14600.0,2.3703e-14
14625.0,2.338e-14
14650.0,2.3268e-14
14675.0,2.3198e-14
14700.0,2.3145e-14
14725.0,2.3141e-14
14750.0,2.3097e-14
14775.0,2.308e-14
14800.0,2.3147e-14
14825.0,2.3181e-14
14850.0,2.3279e-14
14875.0,2.3449e-14
14900.0,2.356e-14
14925.0,2.3468e-14
14950.0,2.3354e-14
14975.0,2.3482e-14
15000.0,2.3587e-14
15025.0,2.3722e-14
15050.0,2.3926e-14
15075.0,2.3989e-14
15100.0,2.3992e-14
15125.0,2.4009e-14
15150.0,2.4096e-14
15175.0,2.4226e-14
15200.0,2.4317e-14
15225.0,2.4435e-14
15250.0,2.4521e-14
15275.0,2.4427e-14
15300.0,2.4412e-14
15325.0,2.4538e-14
15350.0,2.4718e-14
15375.0,2.4833e-14
15400.0,2.4821e-14
15425.0,2.4843e-14
15450.0,2.5064e-14
15475.0,2.5274e-14
15500.0,2.528e-14
15525.0,2.5341e-14
15550.0,2.5402e-14
15575.0,2.5402e-14
15600.0,2.5424e-14
15625.0,2.5407e-14
15650.0,2.5413e-14
15675.0,2.5393e-14
15700.0,2.5412e-14
15725.0,2.5549e-14
15750.0,2.5679e-14
15775.0,2.573e-14
15800.0,2.5751e-14
15825.0,2.5732e-14
15850.0,2.5661e-14
15875.0,2.5617e-14
15900.0,2.5629e-14
15925.0,2.5623e-14
15950.0,2.5626e-14
15975.0,2.5688e-14
16000.0,2.5828e-14
16025.0,2.5937e-14
16050.0,2.5883e-14
16075.0,2.5775e-14
16100.0,2.5604e-14
16125.0,2.5522e-14
16150.0,2.5493e-14
16175.0,2.5444e-14
16200.0,2.5531e-14
16225.0,2.5554e-14
16250.0,2.5457e-14
16275.0,2.5431e-14
16300.0,2.536e-14
16325.0,2.5417e-14
16350.0,2.5628e-14
16375.0,2.5697e-14
16400.0,2.5793e-14
16425.0,2.5979e-14
16450.0,2.6093e-14
16475.0,2.608e-14
16500.0,2.603e-14
16525.0,2.6036e-14
16550.0,2.6164e-14
16575.0,2.619e-14
16600.0,2.6267e-14
16625.0,2.6341e-14
16650.0,2.6351e-14
16675.0,2.6153e-14
16712.954,2.6203e-14
16752.936,2.6237e-14
16792.917999999998,2.6166e-14
16832.901,2.6048e-14
16872.884,2.5917e-14
16912.867000000002,2.5805e-14
16952.85,2.5681e-14
16992.832,2.5499e-14
17032.814000000002,2.5266e-14
17072.797,2.4924e-14
17112.780000000002,2.4492e-14
17152.762,2.4051e-14
17192.745,2.3638e-14
17232.727000000003,2.3269e-14
17272.71,2.2936e-14
17312.692,2.2532e-14
17352.675,2.2123e-14
17392.658,2.1748e-14
17432.641,2.1437e-14
17472.624,2.1109e-14
17512.606,2.0709e-14
17552.589,2.0303e-14
17592.571,1.993e-14
17632.554,1.9591e-14
17672.536,1.9197e-14
17712.519,1.8814e-14
17752.502,1.8455e-14
17792.484,1.8143e-14
17832.466,1.7815e-14
17872.449,1.7519e-14
17912.432,1.7259e-14
17952.415,1.7012e-14
17992.398,1.6747e-14
18032.379999999997,1.6505e-14
18072.362,1.6328e-14
18112.345,1.6165e-14
18152.328,1.6041e-14
18192.31,1.5849e-14
18232.292999999998,1.5731e-14
18272.276,1.5617e-14
18312.259,1.5519e-14
18352.239999999998,1.5336e-14
18392.223,1.5039e-14
18432.206,1.465e-14
18472.189000000002,1.4259e-14
18512.172,1.4073e-14
18552.154000000002,1.3832e-14
18592.137,1.3727e-14
18632.119,1.3688e-14
18672.101000000002,1.3852e-14
18712.084,1.3877e-14
18752.067,1.395e-14
18792.05,1.4014e-14
18832.031,1.4083e-14
18872.014,1.4113e-14
18896.663,1.4201e-14
18954.027,1.4286e-14
19011.39,1.431e-14
19068.754,1.4316e-14
19126.117000000002,1.423e-14
19183.481,1.4126e-14
19240.843,1.3969e-14
19298.207000000002,1.3742e-14
19355.57,1.3547e-14
19412.934,1.3301e-14
19470.297000000002,1.3192e-14
19527.661,1.3225e-14
19585.024,1.3265e-14
19642.388,1.312e-14
19699.751,1.2811e-14
19757.113,1.2525e-14
19814.477,1.2307e-14
19871.84,1.2331e-14
19929.204,1.2411e-14
19986.567,1.2449e-14
20043.931,1.2443e-14
20101.295000000002,1.2416e-14
20158.658,1.2415e-14
20216.021999999997,1.2381e-14
20273.385,1.2372e-14
20330.749,1.237e-14
20388.112,1.2379e-14
20445.473,1.2404e-14
20502.837,1.2428e-14
20560.2,1.2447e-14
20617.564000000002,1.2449e-14
20674.927,1.2479e-14
20732.290999999997,1.2503e-14
20789.654,1.2521e-14
20847.018,1.2557e-14
20904.381,1.2589e-14
20961.745,1.2665e-14
21019.108,1.2714e-14
21076.472,1.2774e-14
21133.835,1.2829e-14
21191.198999999997,1.2863e-14
21248.561999999998,1.2935e-14
21305.926,1.2989e-14
21363.289,1.31e-14
21420.653000000002,1.3152e-14
21478.016000000003,1.3223e-14
21535.378,1.3262e-14
21592.741,1.3284e-14
21650.105000000003,1.3327e-14
21707.467999999997,1.3291e-14
21764.832,1.3282e-14
21822.195,1.323e-14
21879.559,1.3189e-14
21936.922000000002,1.3128e-14
21994.286,1.3022e-14
22051.649,1.2935e-14
22109.013000000003,1.2895e-14
22166.376,1.2961e-14
22223.739999999998,1.3029e-14
22281.103,1.3088e-14
22338.467,1.3102e-14
22395.83,1.3088e-14
22453.194,1.3047e-14
22510.555,1.2958e-14
22567.917999999998,1.2869e-14
22625.282000000003,1.2769e-14
22682.645,1.2663e-14
22740.009,1.2524e-14
22797.372,1.2422e-14
22854.736,1.2219e-14
22912.099000000002,1.1928e-14
22969.463,1.1611e-14
23026.825999999997,1.1356e-14
23084.190000000002,1.1221e-14
23141.553,1.1037e-14
23198.916999999998,1.0815e-14
23256.28,1.0567e-14
23313.644,1.0411e-14
23371.007,1.0287e-14
23428.371000000003,1.0191e-14
23485.733999999997,1.0056e-14
23543.097999999998,9.8557e-15
23600.459,9.6953e-15
23657.822999999997,9.6109e-15
23715.185999999998,9.5601e-15
23772.55,9.4219e-15
23829.913,9.2768e-15
23887.277000000002,9.1083e-15
23944.640000000003,8.9479e-15
24002.004,8.7907e-15
24059.367,8.6067e-15
24116.730999999996,8.3951e-15
24174.094,8.1892e-15
24231.458,8.0168e-15
24288.821,7.858e-15
24346.185,7.6918e-15
24403.548000000003,7.5121e-15
24460.912,7.3475e-15
24518.274999999998,7.1795e-15
24575.636,6.9972e-15
24633.0,6.8541e-15
24690.363,6.7169e-15
24747.727,6.5614e-15
24805.09,6.3854e-15
24862.454,6.2898e-15
24919.817000000003,6.1005e-15
24977.181,5.9514e-15
