wave flux
1140.511962890625 2.9079e-13
1141.095825 2.6758e-13
1141.679565 2.5494e-13
1142.263428 2.933e-13
1142.84729 2.6287e-13
1143.431152 2.7082e-13
1144.014893 2.6649e-13
1144.598755 2.6993e-13
1145.182617 2.5812e-13
1145.766479 2.8506e-13
1146.35022 2.4942e-13
1146.934082 2.6279e-13
1147.517944 2.5206e-13
1148.101685 2.5624e-13
1148.685547 2.4187e-13
1149.269409 2.4266e-13
1149.853149 2.342e-13
1150.437012 2.2719e-13
1151.020874 2.3324e-13
1151.604614 2.1578e-13
1152.188477 2.1748e-13
1152.772217 2.0647e-13
1153.356079 2.1168e-13
1153.939941 1.9745e-13
1154.523682 2.0339e-13
1155.107544 1.9292e-13
1155.691284 1.9707e-13
1156.275146 1.8856e-13
1156.858887 1.8617e-13
1157.442749 1.7205e-13
1158.026489 1.7959e-13
1158.610352 1.7584e-13
1159.194092 1.6878e-13
1159.777954 1.6649e-13
1160.361694 1.6454e-13
1160.945435 1.5666e-13
1161.529297 1.5436e-13
1162.113037 1.4687e-13
1162.696899 1.4236e-13
1163.28064 1.411e-13
1163.86438 1.3431e-13
1164.448242 1.3316e-13
1165.031982 1.2643e-13
1165.615723 1.2526e-13
1166.199585 1.1401e-13
1166.783325 1.1371e-13
1167.367065 1.1597e-13
1167.950928 1.0144e-13
1168.534668 1.097e-13
1169.118408 9.7128e-14
1169.702148 9.5879e-14
1170.286011 9.3359e-14
1170.869751 8.8239e-14
1171.453491 8.2306e-14
1172.037231 8.2552e-14
1172.620972 8.2602e-14
1173.204834 7.5621e-14
1173.788574 7.1572e-14
1174.372314 6.676e-14
1174.956055 6.822e-14
1175.539795 6.5043e-14
1176.123535 5.6108e-14
1176.707275 5.839e-14
1177.291016 5.5386e-14
1177.874878 5.4988e-14
1178.458618 4.7203e-14
1179.042358 4.6225e-14
1179.626099 4.4956e-14
1180.209839 4.2148e-14
1180.793579 4.3627e-14
1181.377319 4.039e-14
1181.96106 3.8419e-14
1182.5448 3.6718e-14
1183.12854 3.2914e-14
1183.71228 3.2485e-14
1184.296021 2.9324e-14
1184.879761 2.8502e-14
1185.463501 2.6423e-14
1186.047119 2.6507e-14
1186.630859 2.3595e-14
1187.2146 2.6525e-14
1187.79834 2.1404e-14
1188.38208 2.2296e-14
1188.96582 2.1496e-14
1189.549561 1.9891e-14
1190.133301 1.9997e-14
1190.716919 1.8233e-14
1191.300659 1.7856e-14
1191.884399 1.7129e-14
1192.46814 1.7388e-14
1193.05188 1.623e-14
1193.635498 1.5192e-14
1194.219238 1.417e-14
1194.802979 1.3117e-14
1195.386719 1.2847e-14
1195.970337 1.3541e-14
1196.554077 1.1319e-14
1197.137817 1.2051e-14
1197.721436 1.2794e-14
1198.305176 1.0628e-14
1198.888916 1.0501e-14
1199.472534 9.7854e-15
1200.056274 1.1131e-14
1200.640015 1.0049e-14
1201.223633 9.46e-15
1201.807373 1.0281e-14
1202.390991 9.0523e-15
1202.974731 8.6615e-15
1203.558472 8.3162e-15
1204.14209 7.2237e-15
1204.72583 8.3241e-15
1205.309448 7.2665e-15
1205.893188 7.9645e-15
1206.476807 6.8295e-15
1207.060547 7.2827e-15
1207.644165 6.7473e-15
1208.227905 5.2935e-15
1208.811523 4.9766e-15
1209.395264 5.31e-15
1209.978882 5.0435e-15
1210.562622 5.4967e-15
1211.14624 5.5772e-15
1211.729858 4.2112e-15
1212.313599 3.7635e-15
1212.897217 4.6758e-15
1213.480957 3.6162e-15
1214.064575 2.7379e-15
1214.648193 3.5702e-15
1215.231934 2.9292e-15
1215.815552 3.7897e-15
1216.39917 4.073e-15
1216.982788 3.6878e-15
1217.566528 3.7991e-15
1218.150146 4.1077e-15
1218.733765 4.5869e-15
1219.317505 5.2814e-15
1219.901123 5.6418e-15
1220.484741 5.1737e-15
1221.068359 6.7196e-15
1221.651978 5.9158e-15
1222.235718 5.4185e-15
1222.819336 7.0027e-15
1223.402954 7.8645e-15
1223.986572 6.7826e-15
1224.57019 7.1291e-15
1225.153809 7.983e-15
1225.737549 8.4752e-15
1226.321167 9.4995e-15
1226.904785 7.3044e-15
1227.488403 1.0142e-14
1228.072021 9.8972e-15
1228.65564 1.0097e-14
1229.239258 1.0043e-14
1229.822876 1.1486e-14
1230.406494 1.1853e-14
1230.990112 1.1135e-14
1231.57373 1.1521e-14
1232.157349 1.2024e-14
1232.740967 1.3584e-14
1233.324585 1.2375e-14
1233.908203 1.5144e-14
1234.491821 1.4612e-14
1235.075439 1.6107e-14
1235.659058 1.7377e-14
1236.242676 1.8058e-14
1236.826294 1.7485e-14
1237.409912 1.8185e-14
1237.993408 1.9835e-14
1238.577026 2.159e-14
1239.160645 2.2485e-14
1239.744263 2.2911e-14
1240.327881 2.5125e-14
1240.911499 2.7375e-14
1241.495117 2.8171e-14
1242.078613 3.1337e-14
1242.662231 3.2554e-14
1243.24585 3.4011e-14
1243.829468 3.5794e-14
1244.412964 3.7385e-14
1244.996582 4.0598e-14
1245.5802 4.2749e-14
1246.163818 4.4797e-14
1246.747314 4.7469e-14
1247.330933 4.981e-14
1247.914551 5.3472e-14
1248.498047 5.5285e-14
1249.081665 5.9261e-14
1249.665283 6.0213e-14
1250.248779 6.5743e-14
1250.832397 6.6534e-14
1251.416016 7.1259e-14
1251.999512 7.6785e-14
1252.58313 7.9315e-14
1253.166626 8.1272e-14
1253.750244 8.5352e-14
1254.33374 8.8886e-14
1254.917358 9.3186e-14
1255.500854 9.4937e-14
1256.084473 1.0583e-13
1256.667969 1.0936e-13
1257.251587 1.1389e-13
1257.835083 1.1898e-13
1258.418701 1.1948e-13
1259.002197 1.3001e-13
1259.585815 1.2992e-13
1260.169312 1.3336e-13
1260.75293 1.4119e-13
1261.336426 1.4345e-13
1261.920044 1.5234e-13
1262.50354 1.5437e-13
1263.087036 1.588e-13
1263.670654 1.6672e-13
1264.25415 1.7207e-13
1264.837646 1.7873e-13
1265.421265 1.8237e-13
1266.004761 1.873e-13
1266.588257 1.9143e-13
1267.171875 1.9836e-13
1267.755371 2.0137e-13
1268.338867 2.0676e-13
1268.922363 2.2051e-13
1269.505981 2.2408e-13
1270.089478 2.2575e-13
1270.672974 2.2901e-13
1271.25647 2.3208e-13
1271.840088 2.4323e-13
1272.423584 2.4244e-13
1273.00708 2.4504e-13
1273.590576 2.4838e-13
1274.174072 2.5127e-13
1274.757568 2.5333e-13
1275.341187 2.5329e-13
1275.924683 2.6272e-13
1276.508179 2.626e-13
1277.091675 2.7097e-13
1277.675171 2.7361e-13
1278.258667 2.7924e-13
1278.842163 2.7996e-13
1279.425659 2.846e-13
1280.009155 2.9018e-13
1280.592651 2.9646e-13
1281.176147 2.9785e-13
1281.759644 2.9949e-13
1282.34314 3.1018e-13
1282.926636 3.1445e-13
1283.510132 3.2062e-13
1284.093628 3.1888e-13
1284.677124 3.2724e-13
1285.26062 3.3011e-13
1285.844116 3.3102e-13
1286.427612 3.3704e-13
1287.011108 3.4315e-13
1287.594604 3.4469e-13
1288.177979 3.4961e-13
1288.761475 3.5207e-13
1289.344971 3.5544e-13
1289.928467 3.5921e-13
1290.511963 3.6953e-13
1291.095459 3.745e-13
1291.678833 3.7163e-13
1292.262329 3.7834e-13
1292.845825 3.7862e-13
1293.429321 3.8603e-13
1294.012817 3.9275e-13
1294.596191 3.8958e-13
1295.179688 3.9129e-13
1295.763184 3.9934e-13
1296.34668 4.0218e-13
1296.930054 4.0827e-13
1297.51355 4.07e-13
1298.097046 4.1311e-13
1298.68042 4.189e-13
1299.263916 4.2505e-13
1299.847412 4.274e-13
1300.430786 4.3048e-13
1301.014282 4.2298e-13
1301.597656 4.2607e-13
1302.181152 4.3015e-13
1302.764648 4.3426e-13
1303.348022 4.4057e-13
1303.931519 4.4817e-13
1304.514893 4.5143e-13
1305.098389 4.5206e-13
1305.681763 4.5739e-13
1306.265259 4.5134e-13
1306.848633 4.6473e-13
1307.432129 4.6113e-13
1308.015503 4.6717e-13
1308.598999 4.6364e-13
1309.182373 4.7627e-13
1309.765869 4.8053e-13
1310.349243 4.7594e-13
1310.932739 4.8806e-13
1311.516113 4.8513e-13
1312.099487 4.8775e-13
1312.682983 4.9208e-13
1313.266357 4.8727e-13
1313.849731 4.8573e-13
1314.433228 4.9581e-13
1315.016602 4.9995e-13
1315.600098 4.9563e-13
1316.183472 5.0028e-13
1316.766846 5.0838e-13
1317.35022 5.0154e-13
1317.933716 4.9981e-13
1318.51709 5.1402e-13
1319.100464 5.1796e-13
1319.683838 5.2483e-13
1320.267334 5.2017e-13
1320.850708 5.2177e-13
1321.434082 5.2669e-13
1322.017456 5.1986e-13
1322.600952 5.2647e-13
1323.184326 5.2411e-13
1323.7677 5.2678e-13
1324.351074 5.2928e-13
1324.934448 5.2975e-13
1325.517822 5.3088e-13
1326.101196 5.4567e-13
1326.684692 5.3109e-13
1327.268066 5.4275e-13
1327.85144 5.4254e-13
1328.434814 5.4205e-13
1329.018188 5.3563e-13
1329.601562 5.3921e-13
1330.184937 5.415e-13
1330.768311 5.4041e-13
1331.351685 5.4031e-13
1331.935059 5.4941e-13
1332.518433 5.5931e-13
1333.101807 5.5515e-13
1333.685181 5.4273e-13
1334.268555 5.3914e-13
1334.851929 5.525e-13
1335.435303 5.5312e-13
1336.018677 5.5465e-13
1336.602051 5.5664e-13
1337.185303 5.572e-13
1337.768677 5.6087e-13
1338.352051 5.6355e-13
1338.935425 5.676e-13
1339.518799 5.695e-13
1340.102173 5.6446e-13
1340.685547 5.6015e-13
1341.268799 5.7199e-13
1341.852173 5.7024e-13
1342.435547 5.7153e-13
1343.018921 5.7013e-13
1343.602295 5.7529e-13
1344.185547 5.694e-13
1344.768921 5.7305e-13
1345.352295 5.7558e-13
1345.935547 5.8032e-13
1346.518921 5.802e-13
1347.102295 5.8202e-13
1347.685669 5.8482e-13
1348.268921 5.8964e-13
1348.852295 5.8382e-13
1349.435669 5.9622e-13
1350.018921 5.9127e-13
1350.602295 5.9734e-13
1351.185547 5.9714e-13
1351.768921 5.9279e-13
1352.352295 5.9743e-13
1352.935547 5.9846e-13
1353.518921 6.0369e-13
1354.102173 5.8895e-13
1354.685547 5.9023e-13
1355.268799 5.9477e-13
1355.852173 5.8839e-13
1356.435425 5.879e-13
1357.018799 5.8932e-13
1357.602051 5.9201e-13
1358.185425 5.9112e-13
1358.768677 5.7856e-13
1359.352051 5.9212e-13
1359.935303 5.9096e-13
1360.518677 5.8457e-13
1361.101929 5.8758e-13
1361.685303 5.8553e-13
1362.268555 5.8462e-13
1362.851807 5.9317e-13
1363.435181 5.8526e-13
1364.018433 5.822e-13
1364.601685 5.8347e-13
1365.185059 5.8249e-13
1365.768311 5.7769e-13
1366.351562 5.7226e-13
1366.934937 5.6548e-13
1367.518188 5.7024e-13
1368.10144 5.6234e-13
1368.684814 5.6427e-13
1369.268066 5.6343e-13
1369.851318 5.5478e-13
1370.43457 5.6011e-13
1371.017822 5.6267e-13
1371.601196 5.6586e-13
1372.184448 5.5334e-13
1372.7677 5.4487e-13
1373.350952 5.5363e-13
1373.934204 5.5586e-13
1374.517578 5.5282e-13
1375.10083 5.5585e-13
1375.684082 5.548e-13
1376.267334 5.4796e-13
1376.850586 5.4369e-13
1377.433838 5.4209e-13
1378.01709 5.4114e-13
1378.600342 5.4041e-13
1379.183594 5.3547e-13
1379.766846 5.39e-13
1380.350098 5.3786e-13
1380.93335 5.3031e-13
1381.516602 5.2993e-13
1382.099854 5.2067e-13
1382.683105 5.2648e-13
1383.266357 5.276e-13
1383.849609 5.2362e-13
1384.432861 5.2376e-13
1385.016113 5.2196e-13
1385.599365 5.1524e-13
1386.182617 4.9922e-13
1386.765869 5.0575e-13
1387.349121 4.9747e-13
1387.932373 5.0267e-13
1388.515625 4.9883e-13
1389.098877 4.9608e-13
1389.682007 4.915e-13
1390.265259 4.9702e-13
1390.848511 4.9376e-13
1391.431763 4.8468e-13
1392.015015 4.9323e-13
1392.598145 4.8813e-13
1393.181396 4.9717e-13
1393.764648 4.8394e-13
1394.3479 4.9107e-13
1394.931152 4.8258e-13
1395.514282 4.8743e-13
1396.097534 4.7856e-13
1396.680786 4.8257e-13
1397.263916 4.8897e-13
1397.847168 4.8601e-13
1398.43042 4.9583e-13
1399.01355 5.0427e-13
1399.596802 4.97e-13
1400.180054 5.0418e-13
1400.763184 5.1252e-13
1401.346436 5.1162e-13
1401.929688 5.196e-13
1402.512817 5.341e-13
1403.096069 5.3871e-13
1403.679199 5.3434e-13
1404.262451 5.456e-13
1404.845581 5.4952e-13
1405.428833 5.5996e-13
1406.011963 5.6907e-13
1406.595215 5.78e-13
1407.178345 5.8317e-13
1407.761597 5.9108e-13
1408.344727 5.8651e-13
1408.927979 6.0258e-13
1409.511108 6.0878e-13
1410.09436 6.0931e-13
1410.67749 6.1993e-13
1411.260742 6.2557e-13
1411.843872 6.3347e-13
1412.427002 6.2545e-13
1413.010254 6.3265e-13
1413.593384 6.3298e-13
1414.176514 6.3471e-13
1414.759766 6.4806e-13
1415.342896 6.4077e-13
1415.926025 6.5069e-13
1416.509277 6.4534e-13
1417.092407 6.4957e-13
1417.675537 6.5014e-13
1418.258789 6.5147e-13
1418.841919 6.5448e-13
1419.425049 6.4677e-13
1420.008179 6.5115e-13
1420.591431 6.5951e-13
1421.174561 6.6177e-13
1421.75769 6.5672e-13
1422.34082 6.6762e-13
1422.92395 6.81e-13
1423.507202 6.6564e-13
1424.090332 6.6646e-13
1424.673462 6.7695e-13
1425.256592 6.7642e-13
1425.839722 6.865e-13
1426.422852 6.8326e-13
1427.005981 6.9772e-13
1427.589233 6.8816e-13
1428.172363 6.8899e-13
1428.755493 6.9467e-13
1429.338623 6.9472e-13
1429.921753 6.9528e-13
1430.504883 6.8592e-13
1431.088013 6.9545e-13
1431.671143 6.8758e-13
1432.254272 6.8969e-13
1432.837402 6.8513e-13
1433.420532 6.8524e-13
1434.003662 6.8375e-13
1434.586792 6.7086e-13
1435.169922 6.8226e-13
1435.753052 6.8065e-13
1436.33606 6.7618e-13
1436.919189 6.7412e-13
1437.502319 6.747e-13
1438.085449 6.7788e-13
1438.668579 6.8163e-13
1439.251709 6.67e-13
1439.834839 6.5797e-13
1440.417969 6.678e-13
1441.000977 6.6337e-13
1441.584106 6.7382e-13
1442.167236 6.6366e-13
1442.750366 6.7656e-13
1443.333496 6.6324e-13
1443.916504 6.6996e-13
1444.499634 6.6906e-13
1445.082764 6.6921e-13
1445.665894 6.6302e-13
1446.248901 6.77e-13
1446.832031 6.6514e-13
1447.415161 6.7668e-13
1447.998169 6.8231e-13
1448.581299 6.7016e-13
1449.164429 6.6055e-13
1449.747437 6.6262e-13
1450.330566 6.6031e-13
1450.913696 6.6665e-13
1451.496704 6.6981e-13
1452.079834 6.6448e-13
1452.662842 6.6694e-13
1453.245972 6.6201e-13
1453.829102 6.5988e-13
1454.412109 6.7769e-13
1454.995239 6.7391e-13
1455.578247 6.6592e-13
1456.161377 6.6296e-13
1456.744385 6.7384e-13
1457.327515 6.6628e-13
1457.910522 6.7838e-13
1458.493652 6.6423e-13
1459.07666 6.5775e-13
1459.65979 6.5805e-13
1460.242798 6.6208e-13
1460.825806 6.5183e-13
1461.408936 6.5022e-13
1461.991943 6.5337e-13
1462.575073 6.5265e-13
1463.158081 6.5303e-13
1463.741089 6.4304e-13
1464.324219 6.2886e-13
1464.907227 6.3229e-13
1465.490234 6.4399e-13
1466.073364 6.6032e-13
1466.656372 6.5583e-13
1467.23938 6.4856e-13
1467.82251 6.378e-13
1468.405518 6.4791e-13
1468.988525 6.4273e-13
1469.571533 6.4377e-13
1470.154663 6.3886e-13
1470.737671 6.5003e-13
1471.320679 6.5598e-13
1471.903687 6.4154e-13
1472.486816 6.404e-13
1473.069824 6.5525e-13
1473.652832 6.5804e-13
1474.23584 6.3993e-13
1474.818848 6.4589e-13
1475.401855 6.4573e-13
1475.984863 6.3776e-13
1476.567993 6.4893e-13
1477.151001 6.4378e-13
1477.734009 6.535e-13
1478.317017 6.5265e-13
1478.900024 6.4566e-13
1479.483032 6.5519e-13
1480.06604 6.5443e-13
1480.649048 6.5425e-13
1481.232056 6.4915e-13
1481.815063 6.4092e-13
1482.398071 6.5001e-13
1482.981079 6.4339e-13
1483.564087 6.4122e-13
1484.147095 6.4155e-13
1484.730103 6.4061e-13
1485.31311 6.3518e-13
1485.896118 6.3338e-13
1486.479126 6.5019e-13
1487.062134 6.3593e-13
1487.64502 6.4469e-13
1488.228027 6.263e-13
1488.811035 6.3677e-13
1489.394043 6.3021e-13
1489.977051 6.148e-13
1490.560059 6.2815e-13
1491.143066 6.2322e-13
1491.725952 6.2713e-13
1492.30896 6.2676e-13
1492.891968 6.278e-13
1493.474976 6.2623e-13
1494.057983 6.2672e-13
1494.640869 6.3163e-13
1495.223877 6.1497e-13
1495.806885 6.311e-13
1496.389771 6.1618e-13
1496.972778 6.2822e-13
1497.555786 6.2184e-13
1498.138794 6.2978e-13
1498.72168 6.2309e-13
1499.304688 6.3073e-13
1499.887695 6.2899e-13
1500.470581 6.2778e-13
1501.053589 6.2956e-13
1501.636475 6.2431e-13
1502.219482 6.1455e-13
1502.80249 6.2345e-13
1503.385376 6.1808e-13
1503.968384 6.0662e-13
1504.55127 6.1864e-13
1505.134277 6.147e-13
1505.717163 6.179e-13
1506.300171 6.2368e-13
1506.883057 6.1289e-13
1507.466064 6.2316e-13
1508.04895 6.1405e-13
1508.631958 6.1911e-13
1509.214844 6.1646e-13
1509.797852 6.02e-13
1510.380737 6.1781e-13
1510.963745 6.1601e-13
1511.546631 5.987e-13
1512.129517 6.1147e-13
1512.712524 6.1868e-13
1513.29541 6.1608e-13
1513.878418 6.0457e-13
1514.461304 6.0956e-13
1515.044189 6.1889e-13
1515.627197 6.1597e-13
1516.210083 6.1578e-13
1516.792969 6.1657e-13
1517.375977 6.2011e-13
1517.958862 6.1639e-13
1518.541748 6.1396e-13
1519.124634 6.07e-13
1519.707642 6.0757e-13
1520.290527 6.0817e-13
1520.873413 6.1619e-13
1521.456299 6.0827e-13
1522.039185 6.0021e-13
1522.622192 6.2703e-13
1523.205078 6.2052e-13
1523.787964 6.0439e-13
1524.37085 6.1478e-13
1524.953735 6.061e-13
1525.536621 5.9959e-13
1526.119629 6.0175e-13
1526.702515 6.0753e-13
1527.2854 6.0627e-13
1527.868286 6.1195e-13
1528.451172 6.0895e-13
1529.034058 6.1569e-13
1529.616943 6.0799e-13
1530.199829 6.0396e-13
1530.782715 6.0186e-13
1531.365601 6.0189e-13
1531.948486 5.9506e-13
1532.531372 6.0766e-13
1533.114258 5.9196e-13
1533.697144 5.9371e-13
1534.280029 5.9139e-13
1534.862915 5.9065e-13
1535.445801 5.9254e-13
1536.028687 5.8435e-13
1536.611572 5.8722e-13
1537.194458 5.883e-13
1537.777344 5.9041e-13
1538.360107 5.8388e-13
1538.942993 5.8444e-13
1539.525879 5.8638e-13
1540.108765 5.8232e-13
1540.69165 5.8483e-13
1541.274536 5.7648e-13
1541.857422 5.6974e-13
1542.440186 5.8424e-13
1543.023071 5.8576e-13
1543.605957 5.8452e-13
1544.188843 5.8487e-13
1544.771606 5.8303e-13
1545.354492 6.046e-13
1545.937378 5.974e-13
1546.520264 5.8532e-13
1547.103027 5.9302e-13
1547.685913 5.8813e-13
1548.268799 5.9187e-13
1548.851562 5.7734e-13
1549.434448 5.8601e-13
1550.017334 6.0285e-13
1550.600098 5.9608e-13
1551.182983 5.8176e-13
1551.765869 6.078e-13
1552.348633 5.9759e-13
1552.931519 5.8961e-13
1553.514282 5.8227e-13
1554.097168 5.8952e-13
1554.679932 5.7415e-13
1555.262817 5.7424e-13
1555.845581 5.7102e-13
1556.428467 5.8111e-13
1557.01123 5.6759e-13
1557.594116 5.7193e-13
1558.17688 5.8706e-13
1558.759766 5.7712e-13
1559.342529 5.7737e-13
1559.925415 5.768e-13
1560.508179 5.6868e-13
1561.091064 5.7474e-13
1561.673828 5.6293e-13
1562.256714 5.7181e-13
1562.839478 5.8314e-13
1563.422241 5.6959e-13
1564.005127 5.7389e-13
1564.587891 5.7338e-13
1565.170654 5.7433e-13
1565.75354 5.5968e-13
1566.336304 5.6175e-13
1566.919067 5.6058e-13
1567.501953 5.7996e-13
1568.084717 5.6511e-13
1568.66748 5.6622e-13
1569.250244 5.5574e-13
1569.83313 5.733e-13
1570.415894 5.6226e-13
1570.998657 5.6787e-13
1571.581421 5.743e-13
1572.164307 5.7425e-13
1572.74707 5.6317e-13
1573.329834 5.6371e-13
1573.912598 5.5657e-13
1574.495361 5.6289e-13
1575.078125 5.7583e-13
1575.661011 5.7876e-13
1576.243774 5.6437e-13
1576.826538 5.5951e-13
1577.409302 5.5641e-13
1577.992065 5.5543e-13
1578.574829 5.7195e-13
1579.157593 5.5638e-13
1579.740356 5.635e-13
1580.32312 5.5358e-13
1580.905884 5.6532e-13
1581.488647 5.5623e-13
1582.071411 5.5618e-13
1582.654175 5.6171e-13
1583.236938 5.6077e-13
1583.819702 5.528e-13
1584.402466 5.7626e-13
1584.985229 5.6346e-13
1585.567993 5.6573e-13
1586.150757 5.6199e-13
1586.733521 5.6449e-13
1587.316284 5.5374e-13
1587.899048 5.6639e-13
1588.481812 5.4537e-13
1589.064453 5.4773e-13
1589.647217 5.5175e-13
1590.22998 5.4868e-13
1590.812744 5.5455e-13
1591.395508 5.4593e-13
1591.978271 5.4779e-13
1592.560913 5.5487e-13
1593.143677 5.491e-13
1593.72644 5.439e-13
1594.309204 5.4699e-13
1594.891968 5.3749e-13
1595.474609 5.4752e-13
1596.057373 5.4634e-13
1596.640137 5.5186e-13
1597.222778 5.4029e-13
1597.805542 5.4188e-13
1598.388306 5.4763e-13
1598.970947 5.4169e-13
1599.553711 5.4918e-13
1600.136475 5.4638e-13
1600.719116 5.3851e-13
1601.30188 5.381e-13
1601.884644 5.5058e-13
1602.467285 5.2948e-13
1603.050049 5.443e-13
1603.63269 5.3639e-13
1604.215454 5.3913e-13
1604.798218 5.407e-13
1605.380859 5.5096e-13
1605.963623 5.4624e-13
1606.546265 5.4077e-13
1607.129028 5.4456e-13
1607.71167 5.2773e-13
1608.294434 5.4284e-13
1608.877075 5.5634e-13
1609.459839 5.1835e-13
1610.04248 5.4168e-13
1610.625122 5.361e-13
1611.207886 5.2752e-13
1611.790527 5.3162e-13
1612.373291 5.426e-13
1612.955933 5.4229e-13
1613.538574 5.2789e-13
1614.121338 5.2872e-13
1614.703979 5.4051e-13
1615.286743 5.4572e-13
1615.869385 5.2869e-13
1616.452026 5.3058e-13
1617.034668 5.2665e-13
1617.617432 5.44e-13
1618.200073 5.2875e-13
1618.782715 5.3863e-13
1619.365479 5.1707e-13
1619.94812 5.4759e-13
1620.530762 5.3026e-13
1621.113403 5.3173e-13
1621.696167 5.3407e-13
1622.278809 5.193e-13
1622.86145 5.3993e-13
1623.444092 5.3649e-13
1624.026733 5.3524e-13
1624.609375 5.2025e-13
1625.192139 5.4015e-13
1625.77478 5.2924e-13
1626.357422 5.182e-13
1626.940063 5.2915e-13
1627.522705 5.1914e-13
1628.105347 5.2695e-13
1628.687988 5.1607e-13
1629.27063 5.1976e-13
1629.853271 5.1259e-13
1630.435913 5.1658e-13
1631.018555 5.2381e-13
1631.601196 5.2e-13
1632.183838 5.2192e-13
1632.766479 5.1423e-13
1633.349121 5.1981e-13
1633.931763 5.1063e-13
1634.514404 5.1472e-13
1635.097046 5.3568e-13
1635.679688 5.1967e-13
1636.262329 5.2396e-13
1636.844971 5.071e-13
1637.427612 5.1042e-13
1638.010254 5.2642e-13
1638.592896 5.1551e-13
1639.175537 5.1494e-13
1639.758179 5.1159e-13
1640.340698 5.0557e-13
1640.92334 5.0046e-13
1641.505981 4.9851e-13
1642.088623 5.1518e-13
1642.671265 5.1008e-13
1643.253784 5.1976e-13
1643.836426 5.2159e-13
1644.419067 5.0735e-13
1645.001709 5.196e-13
1645.584229 5.059e-13
1646.16687 5.1986e-13
1646.749512 5.1764e-13
1647.332153 5.1758e-13
1647.914673 5.1459e-13
1648.497314 5.0658e-13
1649.079956 5.1513e-13
1649.662476 5.0544e-13
1650.245117 5.1684e-13
1650.827759 5.0439e-13
1651.410278 4.9754e-13
1651.99292 4.9402e-13
1652.575439 4.9402e-13
1653.158081 4.9863e-13
1653.740723 4.9199e-13
1654.323242 4.8874e-13
1654.905884 5.0028e-13
1655.488403 5.1128e-13
1656.071045 5.1306e-13
1656.653564 5.0573e-13
1657.236206 4.9894e-13
1657.818726 5.0879e-13
1658.401367 4.9035e-13
1658.983887 5.0547e-13
1659.566528 5.0491e-13
1660.149048 4.9242e-13
1660.731689 5.0557e-13
1661.314209 4.9753e-13
1661.896851 4.8539e-13
1662.47937 4.8357e-13
1663.06189 4.8772e-13
1663.644531 4.9766e-13
1664.227051 4.9623e-13
1664.80957 4.8934e-13
1665.392212 5.1477e-13
1665.974731 5.0302e-13
1666.557251 4.9264e-13
1667.139893 5.2e-13
1667.722412 4.8925e-13
1668.304932 4.9643e-13
1668.887573 4.962e-13
1669.470093 4.9159e-13
1670.052612 4.8325e-13
1670.635132 4.8579e-13
1671.217773 5.128e-13
1671.800293 4.8732e-13
1672.382812 4.8877e-13
1672.965332 4.9622e-13
1673.547852 4.8808e-13
1674.130493 4.8251e-13
1674.713013 5.0751e-13
1675.295532 4.9014e-13
1675.878052 4.8391e-13
1676.460571 4.9498e-13
1677.043091 4.8311e-13
1677.62561 4.8614e-13
1678.836182 4.9751e-13
1680.380371 4.9803e-13
1681.924561 4.9802e-13
1683.468872 5.0065e-13
1685.013184 4.9538e-13
1686.557373 5.0044e-13
1688.101685 5.0032e-13
1689.645996 4.8885e-13
1691.190308 4.922e-13
1692.734619 4.8241e-13
1694.278931 4.9196e-13
1695.823242 4.7677e-13
1697.367676 4.8589e-13
1698.911987 4.8894e-13
1700.456299 4.9306e-13
1702.000732 4.9083e-13
1703.545044 4.8289e-13
1705.089478 4.9279e-13
1706.633911 4.8477e-13
1708.178223 4.7146e-13
1709.722656 4.8868e-13
1711.26709 4.7777e-13
1712.811523 4.7546e-13
1714.355957 4.7025e-13
1715.900391 4.7429e-13
1717.444946 4.6955e-13
1718.98938 4.8007e-13
1720.533813 4.6782e-13
1722.078369 4.6005e-13
1723.622803 4.7325e-13
1725.167358 4.6599e-13
1726.711792 4.6228e-13
1728.256348 4.6074e-13
1729.800903 4.6958e-13
1731.345459 4.5461e-13
1732.890015 4.673e-13
1734.43457 4.6259e-13
1735.979126 4.7617e-13
1737.523682 4.4894e-13
1739.068237 4.601e-13
1740.612915 4.6471e-13
1742.157471 4.549e-13
1743.702026 4.4609e-13
1745.246704 4.5852e-13
1746.791382 4.5211e-13
1748.335938 4.5268e-13
1749.880615 4.5539e-13
1751.425293 4.4722e-13
1752.969971 4.4887e-13
1754.514648 4.5117e-13
1756.059326 4.5255e-13
1757.604004 4.4425e-13
1759.148682 4.5017e-13
1760.693481 4.4094e-13
1762.238159 4.4127e-13
1763.782837 4.4045e-13
1765.327637 4.3944e-13
1766.872314 4.409e-13
1768.417114 4.5395e-13
1769.961914 4.3326e-13
1771.506714 4.3694e-13
1773.051514 4.378e-13
1774.596191 4.3942e-13
1776.141113 4.3204e-13
1777.685913 4.4008e-13
1779.230713 4.3683e-13
1780.775513 4.3863e-13
1782.320312 4.3896e-13
1783.865234 4.3361e-13
1785.410034 4.2181e-13
1786.954956 4.3442e-13
1788.499756 4.188e-13
1790.044678 4.3232e-13
1791.5896 4.3166e-13
1793.134521 4.2751e-13
1794.679443 4.2725e-13
1796.224365 4.2307e-13
1797.769287 4.2444e-13
1799.314209 4.2785e-13
1800.859131 4.2852e-13
1802.404053 4.2154e-13
1803.949097 4.2945e-13
1805.494019 4.2424e-13
1807.039062 4.1916e-13
1808.583984 4.1687e-13
1810.129028 4.1808e-13
1811.674072 4.2028e-13
1813.219116 4.1921e-13
1814.764038 4.1829e-13
1816.309082 4.1319e-13
1817.854126 4.116e-13
1819.399292 4.1116e-13
1820.944336 4.0921e-13
1822.48938 4.0324e-13
1824.034424 4.07e-13
1825.57959 4.0517e-13
1827.124634 4.0809e-13
1828.6698 4.099e-13
1830.214844 4.0892e-13
1831.76001 4.0085e-13
1833.305176 4.0322e-13
1834.850342 3.9383e-13
1836.395508 3.99e-13
1837.940674 3.998e-13
1839.48584 3.9321e-13
1841.031006 4.0277e-13
1842.576172 3.9354e-13
1844.121338 3.9631e-13
1845.666626 3.9472e-13
1847.211792 3.9948e-13
1848.75708 3.9593e-13
1850.302246 3.9774e-13
1851.847534 3.894e-13
1853.392822 3.8853e-13
1854.93811 3.91e-13
1856.483276 3.8882e-13
1858.028564 3.9011e-13
1859.573853 3.8744e-13
1861.119263 3.9164e-13
1862.664551 3.9629e-13
1864.209839 3.8975e-13
1865.755127 3.9651e-13
1867.300537 3.9326e-13
1868.845825 3.7088e-13
1870.391235 3.9148e-13
1871.936523 3.8721e-13
1873.481934 3.8389e-13
1875.027344 3.7449e-13
1876.572754 3.8538e-13
1878.118164 3.8569e-13
1879.663574 3.8898e-13
1881.208984 3.7724e-13
1882.754395 3.8017e-13
1884.299805 3.7743e-13
1885.845337 3.7569e-13
1887.390747 3.7716e-13
1888.936157 3.6751e-13
1890.481689 3.755e-13
1892.0271 3.6627e-13
1893.572632 3.6997e-13
1895.118164 3.7362e-13
1896.663696 3.7778e-13
1898.209229 3.7754e-13
1899.754761 3.6779e-13
1901.300293 3.7402e-13
1902.845825 3.7089e-13
1904.391357 3.7855e-13
1905.93689 3.7164e-13
1907.482544 3.7212e-13
1909.028076 3.6889e-13
1910.57373 3.6395e-13
1912.119263 3.6261e-13
1913.664917 3.6088e-13
1915.210449 3.6118e-13
1916.756104 3.5815e-13
1918.301758 3.5949e-13
1919.847412 3.5727e-13
1921.393066 3.5608e-13
1922.938721 3.5377e-13
1924.484375 3.4389e-13
1926.030151 3.5775e-13
1927.575806 3.6037e-13
1929.12146 3.5395e-13
1930.667236 3.5658e-13
1932.212891 3.5122e-13
1933.758667 3.4531e-13
1935.304443 3.4864e-13
1936.850098 3.5301e-13
1938.395874 3.536e-13
1939.94165 3.4509e-13
1941.487427 3.5013e-13
1943.033203 3.5279e-13
1944.578979 3.5028e-13
1946.124756 3.4456e-13
1947.670654 3.5033e-13
1949.216431 3.5151e-13
1950.762207 3.4904e-13
1952.308105 3.4572e-13
1953.854004 3.4151e-13
1955.39978 3.4482e-13
1956.945679 3.4783e-13
1958.491577 3.4776e-13
1960.037476 3.4294e-13
1961.583374 3.4152e-13
1963.129272 3.394e-13
1964.675171 3.4148e-13
1966.221069 3.4968e-13
1967.766968 3.3854e-13
1969.312866 3.3946e-13
1970.858887 3.486e-13
1972.404785 3.4749e-13
1973.950806 3.3912e-13
1975.496704 3.4117e-13
1977.042725 3.3839e-13
1978.588745 3.4019e-13
1980.134766 3.3734e-13
1981.680786 3.3698e-13
1983.226807 3.3082e-13
1984.772827 3.3186e-13
1986.318848 3.3737e-13
1987.864868 3.3003e-13
1989.410889 3.308e-13
1990.957031 3.3264e-13
1992.503052 3.3619e-13
1994.049194 3.3219e-13
1995.595215 3.2633e-13
1997.141357 3.2768e-13
1998.6875 3.2622e-13
2000.233521 3.2939e-13
2001.779663 3.2094e-13
2003.325806 3.2414e-13
2004.871948 3.2024e-13
2006.418091 3.2742e-13
2007.964355 3.2022e-13
2009.510498 3.2393e-13
2011.056641 3.1726e-13
2012.602905 3.2182e-13
2014.149048 3.1884e-13
2015.695312 3.1886e-13
2017.241455 3.1938e-13
2018.78772 3.2189e-13
2020.333984 3.1592e-13
2021.880249 3.1768e-13
2023.426392 3.1551e-13
2024.972656 3.1972e-13
2026.519043 3.1338e-13
2028.065308 3.1084e-13
2029.611572 3.1916e-13
2031.157837 3.1297e-13
2032.704224 3.1976e-13
2034.250488 3.1086e-13
2035.796875 3.125e-13
2037.34314 3.1378e-13
2038.889526 3.1348e-13
2040.435913 3.1182e-13
2041.982178 3.1341e-13
2043.528564 3.1038e-13
2045.074951 3.1334e-13
2046.621338 3.1214e-13
2048.167725 3.1326e-13
2049.714111 3.0934e-13
2051.260498 3.0664e-13
2052.807129 3.1088e-13
2054.353516 3.1067e-13
2055.899902 3.1013e-13
2057.446289 3.0694e-13
2058.99292 3.0441e-13
2060.539307 3.0824e-13
2062.085693 3.0626e-13
2063.632324 3.0694e-13
2065.178711 3.0282e-13
2066.725342 3.101e-13
2068.271729 3.0626e-13
2069.818359 3.0454e-13
2071.36499 3.0827e-13
2072.911377 3.0693e-13
2074.458008 3.0324e-13
2076.004639 3.0405e-13
2077.551025 3.0055e-13
2079.097656 3.026e-13
2080.644287 3.0071e-13
2082.190918 3.0475e-13
2083.737549 3.0692e-13
2085.28418 2.947e-13
2086.830811 2.966e-13
2088.377441 3.0127e-13
2089.924072 2.9525e-13
2091.470703 2.986e-13
2093.017334 2.9183e-13
2094.563965 2.9908e-13
2096.110596 2.936e-13
2097.657471 2.9347e-13
2099.204102 2.8916e-13
2100.750732 2.9352e-13
2102.297607 2.9219e-13
2103.844238 2.9153e-13
2105.391113 2.9336e-13
2106.937744 2.8906e-13
2108.484375 2.9054e-13
2110.03125 2.8759e-13
2111.578125 2.9042e-13
2113.124756 2.866e-13
2114.671631 2.892e-13
2116.218506 2.8439e-13
2117.765137 2.8621e-13
2119.312012 2.8679e-13
2120.858887 2.8793e-13
2122.405762 2.884e-13
2123.952637 2.8854e-13
2125.499512 2.8285e-13
2127.046387 2.8671e-13
2128.593262 2.9267e-13
2130.140137 2.8441e-13
2131.687012 2.8835e-13
2133.233887 2.8525e-13
2134.780762 2.8351e-13
2136.327637 2.8961e-13
2137.874512 2.8774e-13
2139.421631 2.8106e-13
2140.968506 2.8615e-13
2142.515381 2.8392e-13
2144.0625 2.7929e-13
2145.609375 2.8232e-13
2147.15625 2.8223e-13
2148.703369 2.827e-13
2150.250244 2.8412e-13
2151.797363 2.8469e-13
2153.344482 2.8028e-13
2154.891357 2.7846e-13
2156.438477 2.8011e-13
2157.985596 2.7692e-13
2159.532471 2.7801e-13
2161.07959 2.7327e-13
2162.626709 2.6943e-13
2164.173828 2.7069e-13
2165.720947 2.7421e-13
2167.268066 2.7294e-13
2168.814941 2.7646e-13
2170.362061 2.7866e-13
2171.909424 2.7577e-13
2173.456543 2.737e-13
2175.003662 2.7504e-13
2176.550781 2.7385e-13
2178.0979 2.7815e-13
2179.64502 2.7602e-13
2181.192383 2.7172e-13
2182.739502 2.7425e-13
2184.286621 2.7451e-13
2185.833984 2.6992e-13
2187.381104 2.7378e-13
2188.928223 2.73e-13
2190.475586 2.7174e-13
2192.022705 2.6866e-13
2193.570068 2.7415e-13
2195.117432 2.7142e-13
2196.664551 2.6811e-13
2198.211914 2.6647e-13
2199.759277 2.6864e-13
2201.306396 2.6714e-13
2202.85376 2.6737e-13
2204.401123 2.7207e-13
2205.948486 2.704e-13
2207.49585 2.6846e-13
2209.043213 2.6939e-13
2210.590576 2.6682e-13
2212.137939 2.6428e-13
2213.685303 2.6508e-13
2215.232666 2.6046e-13
2216.780029 2.6324e-13
2218.327393 2.5723e-13
2219.874756 2.5933e-13
2221.422119 2.5939e-13
2222.969727 2.5946e-13
2224.51709 2.5931e-13
2226.064453 2.5933e-13
2227.612061 2.5964e-13
2229.159424 2.5452e-13
2230.707031 2.5634e-13
2232.254395 2.5635e-13
2233.802002 2.5195e-13
2235.349365 2.5225e-13
2236.896973 2.5747e-13
2238.444336 2.5277e-13
2239.991943 2.5497e-13
2241.539551 2.5202e-13
2243.087158 2.5503e-13
2244.634521 2.5231e-13
2246.182129 2.5147e-13
2247.729736 2.5081e-13
2249.277344 2.4774e-13
2250.824951 2.5029e-13
2252.372559 2.5354e-13
2253.920166 2.5309e-13
2255.467773 2.5285e-13
2257.015381 2.495e-13
2258.562988 2.4709e-13
2260.110596 2.4785e-13
2261.658447 2.5076e-13
2263.206055 2.4908e-13
2264.753662 2.5502e-13
2266.30127 2.4931e-13
2267.849121 2.4526e-13
2269.396729 2.5133e-13
2270.94458 2.4323e-13
2272.492188 2.4424e-13
2274.040039 2.515e-13
2275.587646 2.4571e-13
2277.135498 2.5087e-13
2278.683105 2.4689e-13
2280.230957 2.448e-13
2281.778809 2.4172e-13
2283.326416 2.5247e-13
2284.874268 2.46e-13
2286.422119 2.4642e-13
2287.969971 2.438e-13
2289.517822 2.4707e-13
2291.06543 2.4011e-13
2292.613281 2.3979e-13
2294.161133 2.4184e-13
2295.708984 2.4209e-13
2297.25708 2.4071e-13
2298.804932 2.4396e-13
2300.352783 2.4197e-13
2301.900635 2.4166e-13
2303.448486 2.4185e-13
2304.996338 2.3658e-13
2306.544434 2.3861e-13
2308.092285 2.3903e-13
2309.640137 2.3973e-13
2311.188232 2.3897e-13
2312.736084 2.4027e-13
2314.28418 2.3513e-13
2315.832031 2.3477e-13
2317.380127 2.337e-13
2318.927979 2.3296e-13
2320.476074 2.384e-13
2322.02417 2.3642e-13
2323.572021 2.321e-13
2325.120117 2.358e-13
2326.668213 2.3008e-13
2328.216309 2.3042e-13
2329.76416 2.3175e-13
2331.312256 2.3637e-13
2332.860352 2.2961e-13
2334.408447 2.3266e-13
2335.956543 2.318e-13
2337.504639 2.304e-13
2339.052734 2.3076e-13
2340.60083 2.3047e-13
2342.14917 2.3078e-13
2343.697266 2.2652e-13
2345.245361 2.2637e-13
2346.793457 2.2326e-13
2348.341553 2.2844e-13
2349.889893 2.2771e-13
2351.437988 2.2808e-13
2352.986328 2.2391e-13
2354.534424 2.2869e-13
2356.08252 2.2377e-13
2357.630859 2.2606e-13
2359.179199 2.2639e-13
2360.727295 2.2065e-13
2362.275635 2.201e-13
2363.82373 2.2294e-13
2365.37207 2.2743e-13
2366.92041 2.2285e-13
2368.46875 2.2287e-13
2370.016846 2.2216e-13
2371.565186 2.2516e-13
2373.113525 2.2408e-13
2374.661865 2.2502e-13
2376.210205 2.2211e-13
2377.758545 2.1859e-13
2379.306885 2.1932e-13
2380.855225 2.1825e-13
2382.403564 2.1949e-13
2383.952148 2.1867e-13
2385.500488 2.2006e-13
2387.048828 2.1849e-13
2388.597168 2.2173e-13
2390.145508 2.1961e-13
2391.694092 2.2052e-13
2393.242432 2.1818e-13
2394.791016 2.1789e-13
2396.339355 2.2072e-13
2397.887939 2.1434e-13
2399.436279 2.2083e-13
2400.984863 2.1575e-13
2402.533203 2.1637e-13
2404.081787 2.152e-13
2405.630371 2.1632e-13
2407.178711 2.1621e-13
2408.727295 2.1416e-13
2410.275879 2.1809e-13
2411.824463 2.1689e-13
2413.373047 2.15e-13
2414.921387 2.1618e-13
2416.469971 2.1333e-13
2418.018555 2.1666e-13
2419.567139 2.1734e-13
2421.115723 2.1334e-13
2422.664307 2.1182e-13
2424.213135 2.112e-13
2425.761719 2.0885e-13
2427.310303 2.1376e-13
2428.858887 2.0836e-13
2430.407471 2.1255e-13
2431.956299 2.0665e-13
2433.504883 2.0631e-13
2435.053711 2.0689e-13
2436.602295 2.1008e-13
2438.150879 2.0775e-13
2439.699707 2.0981e-13
2441.248291 2.0756e-13
2442.797119 2.0559e-13
2444.345947 2.0621e-13
2445.894531 2.0891e-13
2447.443359 2.0386e-13
2448.992188 2.0476e-13
2450.540771 2.0533e-13
2452.0896 2.0466e-13
2453.638428 2.1001e-13
2455.187256 2.0632e-13
2456.736084 2.0658e-13
2458.284912 2.0492e-13
2459.83374 2.0255e-13
2461.382568 2.0459e-13
2462.931396 2.0014e-13
2464.480225 2.0303e-13
2466.029053 2.0462e-13
2467.577881 2.0261e-13
2469.126709 2.0289e-13
2470.675781 1.9992e-13
2472.224609 2.0346e-13
2473.773438 2.0277e-13
2475.32251 2.021e-13
2476.871338 2.0172e-13
2478.42041 1.9755e-13
2479.969238 1.9986e-13
2481.518066 1.965e-13
2483.067139 1.9869e-13
2484.616211 2.0163e-13
2486.165039 2.0224e-13
2487.714111 1.9746e-13
2489.263184 1.9915e-13
2490.812012 1.9865e-13
2492.361084 1.9861e-13
2493.910156 1.9948e-13
2495.459229 1.9764e-13
2497.008301 1.9852e-13
2498.557373 2.0046e-13
2500.106445 2.032e-13
2501.655518 1.983e-13
2503.20459 1.9403e-13
2504.753662 2.0104e-13
2506.302734 1.9322e-13
2507.851807 1.9371e-13
2509.400879 1.945e-13
2510.949951 1.9496e-13
2512.499268 1.969e-13
2514.04834 1.9264e-13
2515.597412 1.9367e-13
2517.146729 1.9415e-13
2518.695801 1.9504e-13
2520.244873 1.9289e-13
2521.794189 1.9193e-13
2523.343262 1.9414e-13
2524.892578 1.926e-13
2526.441895 1.9211e-13
2527.990967 1.9271e-13
2529.540283 1.9143e-13
2531.0896 1.8843e-13
2532.638672 1.896e-13
2534.187988 1.9217e-13
2535.737305 1.8881e-13
2537.286621 1.9136e-13
2538.835938 1.9017e-13
2540.385254 1.8957e-13
2541.93457 1.8929e-13
2543.483887 1.8758e-13
2545.033203 1.8594e-13
2546.58252 1.871e-13
2548.131836 1.8742e-13
2549.681152 1.854e-13
2551.230469 1.9199e-13
2552.779785 1.8668e-13
2554.329346 1.9036e-13
2555.878662 1.8857e-13
2557.427979 1.858e-13
2558.977539 1.8801e-13
2560.526855 1.8179e-13
2562.076416 1.8394e-13
2563.625732 1.8643e-13
2565.175293 1.8737e-13
2566.724609 1.8455e-13
2568.27417 1.8718e-13
2569.823486 1.8534e-13
2571.373047 1.8461e-13
2572.922607 1.8694e-13
2574.472168 1.8837e-13
2576.021484 1.835e-13
2577.571045 1.8332e-13
2579.120605 1.8438e-13
2580.670166 1.8901e-13
2582.219727 1.8312e-13
2583.769287 1.7898e-13
2585.318848 1.8307e-13
2586.868408 1.7923e-13
2588.417969 1.826e-13
2589.967529 1.8195e-13
2591.51709 1.8203e-13
2593.06665 1.8218e-13
2594.616455 1.8012e-13
2596.166016 1.7812e-13
2597.715576 1.8142e-13
2599.265381 1.8172e-13
2600.814941 1.7909e-13
2602.364502 1.7861e-13
2603.914307 1.8198e-13
2605.463867 1.7924e-13
2607.013672 1.811e-13
2608.563477 1.7908e-13
2610.113037 1.7942e-13
2611.662842 1.7785e-13
2613.212646 1.8034e-13
2614.762207 1.8131e-13
2616.312012 1.7897e-13
2617.861816 1.7984e-13
2619.411621 1.7898e-13
2620.961426 1.752e-13
2622.510986 1.7852e-13
2624.060791 1.7919e-13
2625.610596 1.7757e-13
2627.1604 1.7731e-13
2628.710449 1.7645e-13
2630.260254 1.7719e-13
2631.810059 1.77e-13
2633.359863 1.7524e-13
2634.909668 1.7331e-13
2636.459473 1.7412e-13
2638.009521 1.73e-13
2639.559326 1.7498e-13
2641.109131 1.7441e-13
2642.65918 1.7576e-13
2644.208984 1.7196e-13
2645.759033 1.7482e-13
2647.308838 1.7512e-13
2648.858887 1.7034e-13
2650.408691 1.7195e-13
2651.95874 1.7089e-13
2653.508789 1.7305e-13
2655.058594 1.7297e-13
2656.608643 1.6874e-13
2658.158691 1.6827e-13
2659.70874 1.689e-13
2661.258789 1.7436e-13
2662.808594 1.7056e-13
2664.358643 1.6849e-13
2665.908691 1.7109e-13
2667.45874 1.6997e-13
2669.008789 1.7043e-13
2670.558838 1.7091e-13
2672.109131 1.7307e-13
2673.65918 1.7126e-13
2675.209229 1.7115e-13
2676.759277 1.6747e-13
2678.309326 1.6883e-13
2679.859619 1.7174e-13
2681.409668 1.6539e-13
2682.959717 1.6659e-13
2684.51001 1.6857e-13
2686.060059 1.6803e-13
2687.610352 1.6888e-13
2689.1604 1.6949e-13
2690.710693 1.6575e-13
2692.260742 1.673e-13
2693.811035 1.6365e-13
2695.361328 1.6765e-13
2696.911621 1.6619e-13
2698.46167 1.678e-13
2700.011963 1.665e-13
2701.562256 1.6582e-13
2703.112549 1.6963e-13
2704.662842 1.6342e-13
2706.213135 1.633e-13
2707.763428 1.6607e-13
2709.313721 1.6424e-13
2710.864014 1.64e-13
2712.414307 1.6556e-13
2713.9646 1.6598e-13
2715.514893 1.6218e-13
2717.065186 1.6219e-13
2718.615479 1.6452e-13
2720.166016 1.6338e-13
2721.716309 1.6527e-13
2723.266602 1.6227e-13
2724.817139 1.5961e-13
2726.367432 1.6453e-13
2727.917969 1.6382e-13
2729.468262 1.644e-13
2731.018799 1.618e-13
2732.569092 1.6176e-13
2734.119629 1.6221e-13
2735.670166 1.6234e-13
2737.220459 1.6423e-13
2738.770996 1.6219e-13
2740.321533 1.6008e-13
2741.87207 1.6026e-13
2743.422363 1.6186e-13
2744.9729 1.6054e-13
2746.523438 1.597e-13
2748.073975 1.6325e-13
2749.624512 1.5993e-13
2751.175049 1.6057e-13
2752.725586 1.5896e-13
2754.276123 1.593e-13
2755.826904 1.5747e-13
2757.377441 1.5992e-13
2758.927979 1.5723e-13
2760.478516 1.5805e-13
2762.029053 1.5396e-13
2763.579834 1.5345e-13
2765.130371 1.5226e-13
2766.681152 1.5744e-13
2768.231689 1.6148e-13
2769.782227 1.5604e-13
2771.333008 1.5563e-13
2772.883789 1.5548e-13
2774.434326 1.5308e-13
2775.985107 1.5579e-13
2777.535645 1.5412e-13
2779.086426 1.5613e-13
2780.637207 1.5294e-13
2782.187988 1.5717e-13
2783.738525 1.5544e-13
2785.289307 1.5411e-13
2786.840088 1.5362e-13
2788.390869 1.5361e-13
2789.94165 1.5114e-13
2791.492432 1.5331e-13
2793.043213 1.4879e-13
2794.593994 1.4885e-13
2796.144775 1.5222e-13
2797.695801 1.5509e-13
2799.246582 1.5156e-13
2800.797363 1.5432e-13
2802.348145 1.5052e-13
2803.89917 1.5448e-13
2805.449951 1.534e-13
2807.000732 1.5121e-13
2808.551758 1.5141e-13
2810.102539 1.518e-13
2811.653564 1.4967e-13
2813.204346 1.5021e-13
2814.755371 1.4856e-13
2816.306152 1.4913e-13
2817.857178 1.4823e-13
2819.408203 1.5019e-13
2820.958984 1.4911e-13
2822.51001 1.4922e-13
2824.061035 1.4607e-13
2825.612061 1.4657e-13
2827.163086 1.4731e-13
2828.714111 1.4546e-13
2830.264893 1.464e-13
2831.815918 1.4581e-13
2833.366943 1.4504e-13
2834.918213 1.4673e-13
2836.469238 1.4642e-13
2838.020264 1.4659e-13
2839.571289 1.4683e-13
2841.122314 1.4549e-13
2842.67334 1.4502e-13
2844.224609 1.4408e-13
2845.775635 1.4319e-13
2847.32666 1.4394e-13
2848.87793 1.4406e-13
2850.428955 1.4336e-13
2851.980225 1.4237e-13
2853.53125 1.4022e-13
2855.08252 1.431e-13
2856.633545 1.4369e-13
2858.184814 1.4222e-13
2859.736084 1.4428e-13
2861.287109 1.4368e-13
2862.838379 1.4513e-13
2864.389648 1.4038e-13
2865.940918 1.436e-13
2867.491943 1.437e-13
2869.043213 1.3941e-13
2870.594482 1.4272e-13
2872.145752 1.4128e-13
2873.697021 1.3953e-13
2875.248291 1.4334e-13
2876.799561 1.4228e-13
2878.35083 1.4287e-13
2879.9021 1.4048e-13
2881.453613 1.4024e-13
2883.004883 1.4046e-13
2884.556152 1.412e-13
2886.107422 1.4119e-13
2887.658936 1.3908e-13
2889.210205 1.3721e-13
2890.761719 1.3945e-13
2892.312988 1.3883e-13
2893.864502 1.3661e-13
2895.415771 1.3988e-13
2896.967285 1.3877e-13
2898.518555 1.3785e-13
2900.070068 1.3987e-13
2901.621338 1.3833e-13
2903.172852 1.3947e-13
2904.724365 1.3663e-13
2906.275879 1.3811e-13
2907.827393 1.3658e-13
2909.378662 1.4112e-13
2910.930176 1.387e-13
2912.481689 1.3811e-13
2914.033203 1.3777e-13
2915.584717 1.3749e-13
2917.13623 1.3922e-13
2918.687744 1.3739e-13
2920.239258 1.3708e-13
2921.791016 1.3878e-13
2923.342529 1.3649e-13
2924.894043 1.355e-13
2926.445557 1.4006e-13
2927.997314 1.4145e-13
2929.548828 1.3725e-13
2931.100342 1.3787e-13
2932.6521 1.3897e-13
2934.203613 1.3766e-13
2935.755371 1.3565e-13
2937.306885 1.3376e-13
2938.858643 1.3567e-13
2940.4104 1.3509e-13
2941.961914 1.3251e-13
2943.513672 1.3545e-13
2945.06543 1.3444e-13
2946.616943 1.3333e-13
2948.168701 1.3204e-13
2949.720459 1.3391e-13
2951.272217 1.3388e-13
2952.823975 1.325e-13
2954.375732 1.3181e-13
2955.92749 1.3154e-13
2957.479248 1.331e-13
2959.031006 1.3203e-13
2960.582764 1.2943e-13
2962.134521 1.325e-13
2963.686279 1.3505e-13
2965.238037 1.3292e-13
2966.790039 1.3322e-13
2968.341797 1.3058e-13
2969.893555 1.3201e-13
2971.445557 1.2662e-13
2972.997314 1.2903e-13
2974.549316 1.2883e-13
2976.101074 1.2878e-13
2977.653076 1.3486e-13
2979.204834 1.2807e-13
2980.756836 1.3094e-13
2982.308594 1.3237e-13
2983.860596 1.3197e-13
2985.412598 1.3064e-13
2986.964355 1.2816e-13
2988.516357 1.3337e-13
2990.068359 1.319e-13
2991.620361 1.2909e-13
2993.172363 1.2979e-13
2994.724365 1.2904e-13
2996.276367 1.2706e-13
2997.828369 1.2649e-13
2999.380371 1.2772e-13
3000.932373 1.3032e-13
3002.484375 1.2955e-13
3004.036377 1.297e-13
3005.588379 1.2835e-13
3007.140381 1.296e-13
3008.692627 1.2725e-13
3010.244629 1.3007e-13
3011.796631 1.2925e-13
3013.348877 1.3099e-13
3014.900879 1.28e-13
3016.453125 1.2533e-13
3018.005127 1.2402e-13
3019.557373 1.2437e-13
3021.109375 1.2512e-13
3022.661621 1.2019e-13
3024.213623 1.2655e-13
3025.765869 1.259e-13
3027.318115 1.2666e-13
3028.870361 1.2832e-13
3030.422363 1.2612e-13
3031.974609 1.2602e-13
3033.526855 1.2234e-13
3035.079102 1.2378e-13
3036.631348 1.2427e-13
3038.183594 1.2504e-13
3039.73584 1.2694e-13
3041.288086 1.2554e-13
3042.840332 1.2328e-13
3044.392578 1.251e-13
3045.944824 1.2537e-13
3047.497314 1.2492e-13
3049.049561 1.2243e-13
3050.601807 1.2465e-13
3052.154297 1.2765e-13
3053.706543 1.2393e-13
3055.258789 1.2109e-13
3056.811279 1.2091e-13
3058.363525 1.2237e-13
3059.916016 1.2144e-13
3061.468262 1.2292e-13
3063.020752 1.2259e-13
3064.572998 1.2183e-13
3065.380127 1.2146e-13
3068.126221 1.2181e-13
3070.872559 1.1888e-13
3073.618652 1.1951e-13
3076.364746 1.2158e-13
3079.111084 1.1968e-13
3081.857178 1.1844e-13
3084.603516 1.209e-13
3087.349609 1.2049e-13
3090.095947 1.1837e-13
3092.842285 1.2037e-13
3095.588623 1.1925e-13
3098.334961 1.1773e-13
3101.081299 1.1936e-13
3103.827637 1.1528e-13
3106.573975 1.165e-13
3109.320312 1.1655e-13
3112.066895 1.1983e-13
3114.813232 1.1556e-13
3117.559814 1.1548e-13
3120.306152 1.1818e-13
3123.052734 1.1615e-13
3125.799072 1.1298e-13
3128.545654 1.1848e-13
3131.292236 1.1322e-13
3134.038818 1.1675e-13
3136.7854 1.1748e-13
3139.531982 1.1496e-13
3142.278564 1.1445e-13
3145.025146 1.1389e-13
3147.771729 1.1505e-13
3150.518555 1.1594e-13
3153.265137 1.1624e-13
3156.011719 1.1184e-13
3158.758545 1.1293e-13
3161.505371 1.1411e-13
3164.251953 1.121e-13
3166.998779 1.135e-13
3169.745605 1.142e-13
3172.492432 1.1289e-13
3175.239014 1.1237e-13
3177.98584 1.1139e-13
3180.732666 1.1091e-13
3183.479736 1.1266e-13
3186.226562 1.1459e-13
3188.973389 1.1264e-13
3191.720215 1.1123e-13
3194.467285 1.0936e-13
3197.214111 1.1022e-13
3199.961182 1.1076e-13
3202.708008 1.1046e-13
3205.455078 1.1081e-13
3208.201904 1.1015e-13
3210.948975 1.081e-13
3213.696045 1.0968e-13
3216.443115 1.0819e-13
3219.190186 1.0697e-13
3221.937256 1.0674e-13
3224.684326 1.0959e-13
3227.431396 1.0987e-13
3230.178467 1.0818e-13
3232.925537 1.0817e-13
3235.672852 1.0652e-13
3238.419922 1.0596e-13
3241.166992 1.0694e-13
3243.914307 1.0538e-13
3246.661377 1.0587e-13
3249.408691 1.0573e-13
3252.156006 1.0492e-13
3254.903076 1.0349e-13
3257.650391 1.0554e-13
3260.397705 1.0512e-13
3263.14502 1.0265e-13
3265.892334 1.0516e-13
3268.639648 1.0325e-13
3271.386963 1.03e-13
3274.134277 1.053e-13
3276.881592 1.0252e-13
3279.628906 1.0373e-13
3282.376221 1.0306e-13
3285.123779 1.0369e-13
3287.871094 1.0468e-13
3290.618652 1.0138e-13
3293.365967 1.0197e-13
3296.113525 1.0439e-13
3298.86084 1.0296e-13
3301.608398 1.0396e-13
3304.355957 1.0113e-13
3307.103271 1.0059e-13
3309.85083 1.0097e-13
3312.598389 1.0158e-13
3315.345947 1.0112e-13
3318.093506 1.0222e-13
3320.841064 1.0094e-13
3323.588623 1.0196e-13
3326.336182 1.0089e-13
3329.08374 1.0063e-13
3331.831543 9.9811e-14
3334.579102 9.948e-14
3337.32666 1.0008e-13
3340.074463 9.8638e-14
3342.822021 9.7591e-14
3345.569824 1.008e-13
3348.317383 1.0032e-13
3351.065186 9.8567e-14
3353.812744 9.8866e-14
3356.560547 1.0012e-13
3359.30835 9.696e-14
3362.055908 9.9301e-14
3364.803711 9.918e-14
3367.551514 9.795e-14
3370.299316 9.7416e-14
3373.047119 9.9043e-14
3375.794922 9.7114e-14
3378.542725 9.6038e-14
3381.290527 9.7116e-14
3384.03833 9.4594e-14
3386.786377 9.5527e-14
3389.53418 9.6539e-14
3392.281982 9.5939e-14
3395.029785 9.5286e-14
3397.777832 9.4495e-14
3400.525635 9.5269e-14
3403.273682 9.5321e-14
3406.021484 9.5008e-14
3408.769531 9.4111e-14
3411.517334 9.4445e-14
3414.265381 9.5722e-14
3417.013428 9.4423e-14
3419.76123 9.3609e-14
3422.509277 9.181e-14
3425.257324 9.3985e-14
3428.005371 9.4672e-14
3430.753418 9.4132e-14
3433.501465 9.4191e-14
3436.249512 9.3075e-14
3438.997559 9.3861e-14
3441.745605 9.2249e-14
3444.493652 9.2709e-14
3447.241699 9.2961e-14
3449.989746 9.2781e-14
3452.737793 9.2372e-14
3455.48584 9.1403e-14
3458.234131 9.2791e-14
3460.982178 9.0156e-14
3463.730225 9.2331e-14
3466.478516 9.2384e-14
3469.226562 9.2047e-14
3471.974854 9.19e-14
3474.7229 8.9604e-14
3477.471191 9.0732e-14
3480.219238 8.9033e-14
3482.967529 8.9463e-14
3485.71582 9.0501e-14
3488.463867 8.9786e-14
3491.212158 9.0281e-14
3493.960449 8.9127e-14
3496.70874 8.9216e-14
3499.457031 8.975e-14
3502.205078 8.8059e-14
3504.953369 9.0545e-14
3507.70166 8.768e-14
3510.449951 8.7096e-14
3513.198242 8.7564e-14
3515.946533 8.6348e-14
3518.694824 8.7224e-14
3521.443359 8.6219e-14
3524.19165 8.4948e-14
3526.939941 8.6992e-14
3529.688232 8.6817e-14
3532.436523 8.7744e-14
3535.185059 8.707e-14
3537.93335 8.6605e-14
3540.681641 8.468e-14
3543.430176 8.6076e-14
3546.178467 8.6245e-14
3548.926758 8.4903e-14
3551.675293 8.6455e-14
3554.423584 8.4783e-14
3557.172119 8.5303e-14
3559.92041 8.4345e-14
3562.668945 8.5924e-14
3565.41748 8.6028e-14
3568.165771 8.508e-14
3570.914307 8.4976e-14
3573.662842 8.4404e-14
3576.411133 8.3595e-14
3579.159668 8.3786e-14
3581.908203 8.4217e-14
3584.656738 8.5129e-14
3587.405029 8.2149e-14
3590.153564 8.3313e-14
3592.9021 8.3874e-14
3595.650635 8.2846e-14
3598.39917 8.2035e-14
3601.147705 8.3018e-14
3603.89624 8.1852e-14
3606.644775 8.1781e-14
3609.393311 8.274e-14
3612.141846 8.2347e-14
3614.890381 8.0967e-14
3617.638916 8.0675e-14
3620.387451 8.2721e-14
3623.135986 8.0954e-14
3625.884521 8.1082e-14
3628.633301 8.0837e-14
3631.381836 8.0692e-14
3634.130371 7.9883e-14
3636.878906 7.954e-14
3639.627686 8.0918e-14
3642.376221 8.1012e-14
3645.124756 8.2028e-14
3647.873535 7.999e-14
3650.62207 7.9241e-14
3653.370605 7.9843e-14
3656.119385 8.0572e-14
3658.86792 7.9998e-14
3661.616699 7.9947e-14
3664.365234 8.0103e-14
3667.11377 8.0544e-14
3669.862549 7.9119e-14
3672.611084 7.8968e-14
3675.359863 7.9902e-14
3678.108643 7.9072e-14
3680.857178 7.9115e-14
3683.605957 7.8598e-14
3686.354492 7.8214e-14
3689.103271 7.7862e-14
3691.851807 7.8688e-14
3694.600586 7.851e-14
3697.349365 7.8898e-14
3700.0979 7.7432e-14
3702.84668 7.7334e-14
3705.595459 7.7545e-14
3708.344238 7.8056e-14
3711.092773 7.7772e-14
3713.841553 7.5221e-14
3716.590332 7.8695e-14
3719.339111 7.6682e-14
3722.087646 7.7396e-14
3724.836426 7.6003e-14
3727.585205 7.6585e-14
3730.333984 7.7548e-14
3733.082764 7.7122e-14
3735.831543 7.5207e-14
3738.580078 7.7079e-14
3741.328857 7.5029e-14
3744.077637 7.5617e-14
3746.826416 7.5615e-14
3749.575195 7.5768e-14
3752.323975 7.6035e-14
3755.072754 7.4993e-14
3757.821533 7.624e-14
3760.570312 7.582e-14
3763.319092 7.3689e-14
3766.067871 7.3597e-14
3768.81665 7.3944e-14
3771.56543 7.3735e-14
3774.314209 7.4128e-14
3777.062988 7.4489e-14
3779.811768 7.417e-14
3782.560547 7.4494e-14
3785.309326 7.4543e-14
3788.058105 7.3132e-14
3790.806885 7.3554e-14
3793.555664 7.2627e-14
3796.304443 7.0537e-14
3799.053223 7.2168e-14
3801.802002 7.2725e-14
3804.550781 7.234e-14
3807.299561 7.4011e-14
3810.04834 7.3734e-14
3812.797119 7.5339e-14
3815.545898 7.5089e-14
3818.294922 7.407e-14
3821.043701 7.3046e-14
3823.79248 7.2132e-14
3826.54126 7.0827e-14
3829.290039 6.9503e-14
3832.038818 6.8705e-14
3834.787598 6.6662e-14
3837.536377 6.5834e-14
3840.285156 6.8076e-14
3843.03418 6.9511e-14
3845.782959 7.1237e-14
3848.531738 7.3615e-14
3851.280518 7.4617e-14
3854.029297 7.5644e-14
3856.778076 7.6713e-14
3859.526855 7.6456e-14
3862.275635 7.6803e-14
3865.024658 7.3436e-14
3867.773438 7.5709e-14
3870.522217 7.432e-14
3873.270996 7.1162e-14
3876.019775 7.1155e-14
3878.768555 6.831e-14
3881.517334 6.4883e-14
3884.266113 6.2298e-14
3887.015137 5.8861e-14
3889.763916 5.8213e-14
3892.512695 5.9054e-14
3895.261475 6.1786e-14
3898.010254 6.4176e-14
3900.759033 6.8447e-14
3903.507812 6.9786e-14
3906.256592 7.1126e-14
3909.005371 7.4871e-14
3911.75415 7.7459e-14
3914.503174 7.9842e-14
3917.251953 7.9131e-14
3920.000732 8.1339e-14
3922.749512 8.2456e-14
3925.498291 8.1507e-14
3928.24707 8.3098e-14
3930.99585 8.3429e-14
3933.744629 8.2273e-14
3936.493408 8.1633e-14
3939.242188 8.0257e-14
3941.990967 7.9308e-14
3944.739746 7.7331e-14
3947.488525 7.5018e-14
3950.237305 7.174e-14
3952.986084 6.9535e-14
3955.734863 6.6702e-14
3958.483643 6.3088e-14
3961.232422 5.9009e-14
3963.981201 5.5619e-14
3966.72998 5.2354e-14
3969.47876 5.0353e-14
3972.227539 4.8296e-14
3974.976074 5.2822e-14
3977.724854 5.4981e-14
3980.473633 5.8245e-14
3983.222412 6.1591e-14
3985.971191 6.4703e-14
3988.719971 6.7781e-14
3991.46875 7.0863e-14
3994.217285 7.2887e-14
3996.966064 7.542e-14
3999.714844 7.8555e-14
4002.463623 7.9311e-14
4005.212402 8.2477e-14
4007.960938 8.3721e-14
4010.709717 8.5971e-14
4013.458496 8.7273e-14
4016.207275 8.8714e-14
4018.955811 8.8728e-14
4021.70459 9.0804e-14
4024.453369 9.0858e-14
4027.201904 9.0584e-14
4029.950684 9.1193e-14
4032.699219 9.1158e-14
4035.447998 9.0449e-14
4038.196777 9.0983e-14
4040.945312 9.1026e-14
4043.694092 9.1488e-14
4046.442627 9.069e-14
4049.191406 8.9788e-14
4051.939941 8.9008e-14
4054.688721 8.7831e-14
4057.437256 8.4934e-14
4060.186035 8.3853e-14
4062.93457 8.281e-14
4065.683105 8.0593e-14
4068.431885 7.7912e-14
4071.18042 7.6948e-14
4073.929199 7.3338e-14
4076.677734 7.1719e-14
4079.42627 6.8777e-14
4082.174805 6.561e-14
4084.923584 6.2284e-14
4087.672119 5.9987e-14
4090.420654 5.5542e-14
4093.169189 5.2423e-14
4095.917725 4.8556e-14
4098.666504 4.5255e-14
4101.415039 4.2577e-14
4104.163574 4.1917e-14
4106.912109 4.4727e-14
4109.660645 4.7653e-14
4112.40918 5.1202e-14
4115.157715 5.532e-14
4117.90625 5.7178e-14
4120.654785 6.0772e-14
4123.40332 6.3567e-14
4126.151855 6.6699e-14
4128.900391 6.8367e-14
4131.648926 7.0511e-14
4134.397461 7.2927e-14
4137.145996 7.4578e-14
4139.894043 7.7234e-14
4142.642578 7.8904e-14
4145.391113 7.9963e-14
4148.139648 8.1307e-14
4150.888184 8.2974e-14
4153.636719 8.5485e-14
4156.384766 8.7105e-14
4159.133301 8.7576e-14
4161.881836 8.7697e-14
4164.630371 8.8738e-14
4167.378906 8.9532e-14
4170.126953 9.0846e-14
4172.875488 9.0934e-14
4175.624023 9.0622e-14
4178.37207 9.212e-14
4181.120605 9.1469e-14
4183.869141 9.3574e-14
4186.617188 9.3566e-14
4189.365723 9.4099e-14
4192.114258 9.6152e-14
4194.862305 9.5794e-14
4197.61084 9.469e-14
4200.358887 9.4648e-14
4203.107422 9.4203e-14
4205.855469 9.4477e-14
4208.604004 9.4948e-14
4211.352051 9.45e-14
4214.100586 9.4269e-14
4216.848633 9.4683e-14
4219.597168 9.3911e-14
4222.345215 9.305e-14
4225.09375 9.4053e-14
4227.841797 9.2996e-14
4230.589844 9.3861e-14
4233.338379 9.2303e-14
4236.086426 9.2033e-14
4238.834473 9.3229e-14
4241.583008 9.203e-14
4244.331055 9.1378e-14
4247.079102 9.1596e-14
4249.827148 9.0584e-14
4252.575684 9.0023e-14
4255.32373 8.7576e-14
4258.071777 8.8003e-14
4260.819824 8.8889e-14
4263.567871 8.7268e-14
4266.315918 8.6983e-14
4269.064453 8.5393e-14
4271.8125 8.4852e-14
4274.560547 8.3571e-14
4277.308594 8.2112e-14
4280.056641 8.1995e-14
4282.804688 8.0289e-14
4285.552734 7.9689e-14
4288.300781 7.8572e-14
4291.048828 7.6091e-14
4293.796875 7.436e-14
4296.544922 7.3412e-14
4299.29248 7.2465e-14
4302.040527 6.9963e-14
4304.788574 6.8605e-14
4307.536621 6.5091e-14
4310.284668 6.4181e-14
4313.032715 6.1961e-14
4315.780273 6.0496e-14
4318.52832 5.8115e-14
4321.276367 5.553e-14
4324.023926 5.3394e-14
4326.771973 5.0511e-14
4329.52002 4.7444e-14
4332.267578 4.4148e-14
4335.015625 4.2373e-14
4337.763672 3.9126e-14
4340.51123 3.6678e-14
4343.259277 3.6078e-14
4346.006836 3.8824e-14
4348.754883 4.1296e-14
4351.502441 4.4484e-14
4354.250488 4.6803e-14
4356.998047 4.9367e-14
4359.745605 5.2137e-14
4362.493652 5.4396e-14
4365.241211 5.5683e-14
4367.98877 5.7942e-14
4370.736816 5.9655e-14
4373.484375 6.2056e-14
4376.231934 6.3601e-14
4378.979492 6.5863e-14
4381.727539 6.6498e-14
4384.475098 6.86e-14
4387.222656 7.0284e-14
4389.970215 7.151e-14
4392.717773 7.2424e-14
4395.465332 7.3384e-14
4398.212891 7.4203e-14
4400.960449 7.475e-14
4403.708008 7.5557e-14
4406.455566 7.5283e-14
4409.203125 7.7105e-14
4411.950684 7.6957e-14
4414.698242 7.7875e-14
4417.445801 7.8154e-14
4420.193359 7.9308e-14
4422.94043 7.8632e-14
4425.687988 7.8534e-14
4428.435547 7.9531e-14
4431.183105 8.0045e-14
4433.930176 8.0597e-14
4436.677734 8.0944e-14
4439.425293 8.0761e-14
4442.172363 8.1061e-14
4444.919922 8.149e-14
4447.66748 8.149e-14
4450.414551 8.1226e-14
4453.162109 8.1914e-14
4455.90918 8.226e-14
4458.65625 8.2417e-14
4461.403809 8.2348e-14
4464.150879 8.1712e-14
4466.898438 8.3271e-14
4469.645508 8.2045e-14
4472.392578 8.2347e-14
4475.140137 8.1782e-14
4477.887207 8.219e-14
4480.634277 8.2685e-14
4483.381348 8.2553e-14
4486.128418 8.1663e-14
4488.875488 8.2018e-14
4491.623047 8.2237e-14
4494.370117 8.2666e-14
4497.117188 8.2216e-14
4499.864258 8.1903e-14
4502.611328 8.1719e-14
4505.358398 8.2489e-14
4508.10498 8.1966e-14
4510.852051 8.1224e-14
4513.599121 8.0709e-14
4516.346191 8.0938e-14
4519.093262 8.1766e-14
4521.839844 8.1057e-14
4524.586914 8.022e-14
4527.333984 8.1273e-14
4530.081055 7.9937e-14
4532.827637 8.004e-14
4535.574707 8.0002e-14
4538.321289 8.0626e-14
4541.068359 8.0195e-14
4543.814941 8.0725e-14
4546.562012 8.0478e-14
4549.308594 8.0045e-14
4552.055664 8.0845e-14
4554.802246 7.9328e-14
4557.548828 7.9691e-14
4560.295898 7.9228e-14
4563.04248 7.9988e-14
4565.789062 7.9397e-14
4568.535645 7.7464e-14
4571.282227 7.9001e-14
4574.029297 7.8888e-14
4576.775879 7.9306e-14
4579.522461 7.7591e-14
4582.269043 7.6802e-14
4585.015625 7.6593e-14
4587.762207 7.8454e-14
4590.508789 7.7579e-14
4593.254883 7.6713e-14
4596.001465 7.6384e-14
4598.748047 7.6739e-14
4601.494629 7.6795e-14
4604.241211 7.6259e-14
4606.987305 7.6128e-14
4609.733887 7.6396e-14
4612.480469 7.6129e-14
4615.226562 7.6603e-14
4617.973145 7.5066e-14
4620.719238 7.6201e-14
4623.46582 7.6237e-14
4626.211914 7.6047e-14
4628.958496 7.5631e-14
4631.70459 7.5716e-14
4634.450684 7.4993e-14
4637.197266 7.5465e-14
4639.943359 7.4604e-14
4642.689453 7.4773e-14
4645.435547 7.3201e-14
4648.182129 7.471e-14
4650.928223 7.4983e-14
4653.674316 7.2829e-14
4656.42041 7.3769e-14
4659.166504 7.35e-14
4661.912598 7.3355e-14
4664.658691 7.4265e-14
4667.404785 7.3952e-14
4670.150391 7.2855e-14
4672.896484 7.3065e-14
4675.642578 7.2194e-14
4678.388672 7.2679e-14
4681.134277 7.2684e-14
4683.880371 7.2305e-14
4686.626465 7.2084e-14
4689.37207 7.1256e-14
4692.118164 7.2071e-14
4694.86377 7.1457e-14
4697.609863 7.0329e-14
4700.355469 7.0859e-14
4703.101074 7.0667e-14
4705.847168 7.0335e-14
4708.592773 6.9705e-14
4711.338379 7.0433e-14
4714.084473 6.9627e-14
4716.830078 7.0144e-14
4719.575684 6.9855e-14
4722.321289 6.9532e-14
4725.066895 6.8531e-14
4727.8125 6.8663e-14
4730.558105 6.8477e-14
4733.303711 6.7748e-14
4736.049316 6.9159e-14
4738.794922 6.7666e-14
4741.540039 6.6518e-14
4744.285645 6.7034e-14
4747.03125 6.649e-14
4749.776855 6.6102e-14
4752.521973 6.6212e-14
4755.267578 6.6197e-14
4758.012695 6.4455e-14
4760.758301 6.5045e-14
4763.503418 6.4234e-14
4766.249023 6.4517e-14
4768.994141 6.3469e-14
4771.739258 6.3131e-14
4774.484863 6.1707e-14
4777.22998 6.2301e-14
4779.975098 6.1393e-14
4782.720215 6.1605e-14
4785.465332 6.0598e-14
4788.210449 5.9747e-14
4790.955566 5.9602e-14
4793.700684 5.8039e-14
4796.445801 5.8043e-14
4799.190918 5.756e-14
4801.936035 5.7198e-14
4804.681152 5.5683e-14
4807.42627 5.4815e-14
4810.170898 5.3468e-14
4812.916016 5.3243e-14
4815.660645 5.2852e-14
4818.405762 5.0714e-14
4821.150879 5.0299e-14
4823.895508 4.9838e-14
4826.640137 4.888e-14
4829.385254 4.6948e-14
4832.129883 4.5562e-14
4834.874512 4.4451e-14
4837.619629 4.3232e-14
4840.364258 4.1664e-14
4843.108887 4.0029e-14
4845.853516 3.8975e-14
4848.598145 3.7201e-14
4851.342773 3.5521e-14
4854.087402 3.3541e-14
4856.832031 3.1632e-14
4859.57666 2.965e-14
4862.321289 2.8863e-14
4865.06543 2.8496e-14
4867.810059 2.9726e-14
4870.554688 3.2405e-14
4873.299316 3.4341e-14
4876.043457 3.5503e-14
4878.788086 3.6331e-14
4881.532227 3.896e-14
4884.276367 4.0057e-14
4887.020996 4.1067e-14
4889.765137 4.2473e-14
4892.509277 4.3468e-14
4895.253906 4.3771e-14
4897.998047 4.4811e-14
4900.742188 4.6168e-14
4903.486328 4.7341e-14
4906.230469 4.8484e-14
4908.974609 4.9257e-14
4911.71875 4.9872e-14
4914.462891 5.0697e-14
4917.207031 5.1089e-14
4919.951172 5.0915e-14
4922.694824 5.2163e-14
4925.438965 5.2858e-14
4928.183105 5.302e-14
4930.926758 5.2968e-14
4933.670898 5.3905e-14
4936.414551 5.4857e-14
4939.158691 5.4704e-14
4941.902344 5.5461e-14
4944.645996 5.543e-14
4947.390137 5.5705e-14
4950.133789 5.6054e-14
4952.877441 5.6435e-14
4955.621094 5.5428e-14
4958.364746 5.6175e-14
4961.108398 5.6397e-14
4963.852051 5.6225e-14
4966.595703 5.6378e-14
4969.339355 5.7116e-14
4972.083008 5.6762e-14
4974.826172 5.7013e-14
4977.569824 5.704e-14
4980.313477 5.726e-14
4983.056641 5.71e-14
4985.800293 5.715e-14
4988.543457 5.6073e-14
4991.287109 5.737e-14
4994.030273 5.7362e-14
4996.773438 5.7209e-14
4999.51709 5.7345e-14
5002.260254 5.6869e-14
5005.003418 5.7794e-14
5007.746582 5.7547e-14
5010.489746 5.7234e-14
5013.23291 5.7117e-14
5015.976074 5.7509e-14
5018.719238 5.6973e-14
5021.462402 5.6676e-14
5024.205078 5.7674e-14
5026.948242 5.6587e-14
5029.691406 5.6841e-14
5032.434082 5.613e-14
5035.177246 5.713e-14
5037.919922 5.7607e-14
5040.663086 5.5577e-14
5043.405762 5.6131e-14
5046.148438 5.7742e-14
5048.891602 5.7065e-14
5051.634277 5.618e-14
5054.376953 5.6444e-14
5057.119629 5.7254e-14
5059.862305 5.6286e-14
5062.60498 5.6361e-14
5065.347656 5.6563e-14
5068.090332 5.6509e-14
5070.833008 5.6998e-14
5073.575195 5.5991e-14
5076.317871 5.6067e-14
5079.060547 5.5982e-14
5081.802734 5.6311e-14
5084.54541 5.4866e-14
5087.287598 5.6087e-14
5090.030273 5.6094e-14
5092.772461 5.5825e-14
5095.514648 5.461e-14
5098.256836 5.5429e-14
5100.999512 5.5471e-14
5103.741699 5.5629e-14
5106.483887 5.5448e-14
5109.226074 5.5721e-14
5111.968262 5.4834e-14
5114.709961 5.4938e-14
5117.452148 5.4625e-14
5120.194336 5.4192e-14
5122.936523 5.4689e-14
5125.678223 5.4743e-14
5128.42041 5.4481e-14
5131.162109 5.3885e-14
5133.904297 5.4117e-14
5136.645996 5.4172e-14
5139.387695 5.4104e-14
5142.129883 5.3761e-14
5144.871582 5.3699e-14
5147.613281 5.3967e-14
5150.35498 5.3501e-14
5153.09668 5.3734e-14
5155.838379 5.2859e-14
5158.580078 5.3189e-14
5161.321777 5.374e-14
5164.063477 5.3e-14
5166.804688 5.3059e-14
5169.546387 5.3363e-14
5172.287598 5.2677e-14
5175.029297 5.289e-14
5177.770508 5.3043e-14
5180.512207 5.2881e-14
5183.253418 5.27e-14
5185.994629 5.2611e-14
5188.736328 5.2553e-14
5191.477539 5.1671e-14
5194.21875 5.2218e-14
5196.959961 5.1509e-14
5199.701172 5.1861e-14
5202.442383 5.2077e-14
5205.183105 5.2124e-14
5207.924316 5.2124e-14
5210.665527 5.1536e-14
5213.40625 5.1839e-14
5216.147461 5.1789e-14
5218.888184 5.0654e-14
5221.629395 5.1275e-14
5224.370117 5.0942e-14
5227.111328 5.0708e-14
5229.852051 5.1555e-14
5232.592773 5.1637e-14
5235.333496 5.0701e-14
5238.074219 5.0782e-14
5240.814941 5.1822e-14
5243.555664 5.0823e-14
5246.296387 4.9949e-14
5249.037109 5.0531e-14
5251.777344 5.0434e-14
5254.518066 5.0463e-14
5257.258301 5.0649e-14
5259.999023 5.0623e-14
5262.739258 5.0185e-14
5265.47998 4.9351e-14
5268.220215 5.038e-14
5270.960449 5.0093e-14
5273.701172 5.0296e-14
5276.441406 5.0001e-14
5279.181641 4.9382e-14
5281.921875 5.0034e-14
5284.662109 4.9448e-14
5287.401855 4.911e-14
5290.14209 4.9737e-14
5292.882324 4.9453e-14
5295.62207 4.8397e-14
5298.362305 4.9324e-14
5301.102051 4.8546e-14
5303.842285 4.9018e-14
5306.582031 4.8537e-14
5309.322266 4.8893e-14
5312.062012 4.8646e-14
5314.801758 4.8312e-14
5317.541504 4.8091e-14
5320.28125 4.7801e-14
5323.020996 4.7966e-14
5325.760742 4.8507e-14
5328.500488 4.7558e-14
5331.239746 4.7932e-14
5333.979492 4.7727e-14
5336.719238 4.7958e-14
5339.458496 4.8002e-14
5342.198242 4.7228e-14
5344.9375 4.7223e-14
5347.676758 4.7148e-14
5350.416016 4.7367e-14
5353.155762 4.797e-14
5355.89502 4.6844e-14
5358.634277 4.7134e-14
5361.373535 4.6829e-14
5364.112793 4.6945e-14
5366.851562 4.7624e-14
5369.59082 4.7499e-14
5372.330078 4.6945e-14
5375.068848 4.6745e-14
5377.808105 4.7404e-14
5380.546875 4.6618e-14
5383.286133 4.6934e-14
5386.024902 4.63e-14
5388.763672 4.6336e-14
5391.502441 4.6119e-14
5394.241699 4.6262e-14
5396.980469 4.666e-14
5399.71875 4.6616e-14
5402.45752 4.5681e-14
5405.196289 4.5483e-14
5407.935059 4.6054e-14
5410.67334 4.5029e-14
5413.412109 4.6079e-14
5416.150879 4.6041e-14
5418.88916 4.5797e-14
5421.627441 4.5018e-14
5424.366211 4.5131e-14
5427.104492 4.4902e-14
5429.842773 4.5604e-14
5432.581055 4.5405e-14
5435.319336 4.5718e-14
5438.057617 4.514e-14
5440.795898 4.4244e-14
5443.533691 4.5005e-14
5446.271973 4.4837e-14
5449.010254 4.4491e-14
5454.013672 4.4392e-14
5458.884766 4.4136e-14
5463.755859 4.421e-14
5468.626953 4.4026e-14
5473.498047 4.4033e-14
5478.369141 4.3877e-14
5483.240234 4.3629e-14
5488.111816 4.3543e-14
5492.98291 4.3647e-14
5497.854492 4.3803e-14
5502.726074 4.3621e-14
5507.597656 4.2805e-14
5512.469238 4.2993e-14
5517.34082 4.255e-14
5522.212402 4.3139e-14
5527.083984 4.3195e-14
5531.956055 4.2784e-14
5536.827637 4.2037e-14
5541.699707 4.1907e-14
5546.571777 4.2248e-14
5551.443848 4.2013e-14
5556.315918 4.1825e-14
5561.187988 4.1713e-14
5566.060059 4.1266e-14
5570.932129 4.1532e-14
5575.804688 4.1397e-14
5580.676758 4.1598e-14
5585.549316 4.1311e-14
5590.421875 4.098e-14
5595.294434 4.0913e-14
5600.166992 4.0953e-14
5605.039551 4.0515e-14
5609.912109 4.0618e-14
5614.784668 4.072e-14
5619.657715 4.0308e-14
5624.530273 4.0492e-14
5629.40332 4.0226e-14
5634.275879 3.978e-14
5639.148926 3.9918e-14
5644.021973 3.9656e-14
5648.89502 3.9531e-14
5653.768066 3.9701e-14
5658.641602 3.9251e-14
5663.514648 3.916e-14
5668.387695 3.9024e-14
5673.26123 3.8889e-14
5678.134766 3.8582e-14
5683.007812 3.8735e-14
5687.881348 3.8293e-14
5692.754883 3.8696e-14
5697.628418 3.8598e-14
5702.501953 3.8371e-14
5707.375977 3.8171e-14
5712.249512 3.7641e-14
5717.123535 3.7878e-14
5721.99707 3.7675e-14
5726.871094 3.7654e-14
5731.745117 3.7658e-14
5736.619141 3.7441e-14
5741.493164 3.7478e-14
5746.367188 3.7165e-14
5751.241211 3.7273e-14
5756.115234 3.6805e-14
5760.989746 3.622e-14
5765.86377 3.7142e-14
5770.738281 3.698e-14
5775.612305 3.6987e-14
5780.486816 3.687e-14
5785.361328 3.653e-14
5790.23584 3.6175e-14
5795.110352 3.6156e-14
5799.984863 3.5791e-14
5804.859863 3.6039e-14
5809.734375 3.554e-14
5814.609375 3.5774e-14
5819.483887 3.6121e-14
5824.358887 3.5652e-14
5829.233887 3.5385e-14
5834.108398 3.4972e-14
5838.983398 3.5638e-14
5843.858398 3.5164e-14
5848.733887 3.5103e-14
5853.608887 3.5148e-14
5858.483887 3.4584e-14
5863.359375 3.4677e-14
5868.234375 3.4641e-14
5873.109863 3.4698e-14
5877.985352 3.4532e-14
5882.860352 3.4716e-14
5887.73584 3.4286e-14
5892.611328 3.421e-14
5897.486816 3.4116e-14
5902.362793 3.42e-14
5907.238281 3.4133e-14
5912.11377 3.3902e-14
5916.989746 3.3695e-14
5921.865234 3.3796e-14
5926.741211 3.3143e-14
5931.617188 3.3364e-14
5936.493164 3.344e-14
5941.369141 3.3499e-14
5946.245117 3.3149e-14
5951.121094 3.3026e-14
5955.99707 3.3163e-14
5960.873047 3.2837e-14
5965.749512 3.2873e-14
5970.625488 3.2821e-14
5975.501953 3.2712e-14
5980.37793 3.2774e-14
5985.254395 3.2298e-14
5990.130859 3.2355e-14
5995.007324 3.1913e-14
5999.883789 3.2134e-14
6004.760254 3.185e-14
6009.636719 3.1777e-14
6014.513672 3.1768e-14
6019.390137 3.1879e-14
6024.266602 3.1539e-14
6029.143555 3.1676e-14
6034.020508 3.1654e-14
6038.896973 3.1678e-14
6043.773926 3.2053e-14
6048.650879 3.1486e-14
6053.527832 3.1187e-14
6058.404785 3.0982e-14
6063.281738 3.0681e-14
6068.15918 3.09e-14
6073.036133 3.0982e-14
6077.913086 3.0747e-14
6082.790527 3.0929e-14
6087.66748 3.0535e-14
6092.544922 3.0326e-14
6097.422363 3.0624e-14
6102.299805 3.0451e-14
6107.177246 3.054e-14
6112.054688 3.0322e-14
6116.932129 3.028e-14
6121.80957 2.9864e-14
6126.687012 2.9886e-14
6131.564453 3.0111e-14
6136.442383 3.0249e-14
6141.319824 2.9598e-14
6146.197754 2.9667e-14
6151.075684 2.9482e-14
6155.953125 2.9499e-14
6160.831055 2.9374e-14
6165.708984 2.9354e-14
6170.586914 2.9253e-14
6175.464844 2.9317e-14
6180.342773 2.9319e-14
6185.221191 2.9013e-14
6190.099121 2.9179e-14
6194.977051 2.8816e-14
6199.855469 2.8717e-14
6204.733398 2.8886e-14
6209.611816 2.8644e-14
6214.490234 2.8523e-14
6219.368164 2.8168e-14
6224.246582 2.8187e-14
6229.125 2.8142e-14
6234.003418 2.8243e-14
6238.881836 2.7867e-14
6243.760742 2.793e-14
6248.63916 2.8109e-14
6253.517578 2.7803e-14
6258.396484 2.7946e-14
6263.274902 2.7721e-14
6268.153809 2.7444e-14
6273.032227 2.7531e-14
6277.911133 2.7186e-14
6282.790039 2.7456e-14
6287.668945 2.7217e-14
6292.547363 2.7499e-14
6297.426758 2.7363e-14
6302.305664 2.7156e-14
6307.18457 2.7173e-14
6312.063477 2.6993e-14
6316.942383 2.6749e-14
6321.821777 2.6264e-14
6326.700684 2.6231e-14
6331.580078 2.641e-14
6336.458984 2.621e-14
6341.338379 2.6161e-14
6346.217773 2.6165e-14
6351.097168 2.6242e-14
6355.976074 2.6235e-14
6360.855469 2.6359e-14
6365.734863 2.612e-14
6370.614746 2.5804e-14
6375.494141 2.5467e-14
6380.373535 2.5572e-14
6385.25293 2.5588e-14
6390.132812 2.5303e-14
6395.012207 2.5191e-14
6399.89209 2.5685e-14
6404.771484 2.5358e-14
6409.651367 2.494e-14
6414.53125 2.4957e-14
6419.410645 2.4788e-14
6424.290527 2.4676e-14
6429.17041 2.4342e-14
6434.050293 2.4545e-14
6438.930176 2.41e-14
6443.810059 2.3923e-14
6448.69043 2.37e-14
6453.570312 2.3714e-14
6458.450195 2.3599e-14
6463.330566 2.3458e-14
6468.210449 2.3177e-14
6473.09082 2.2939e-14
6477.970703 2.263e-14
6482.851074 2.2504e-14
6487.731445 2.2432e-14
6492.611816 2.2072e-14
6497.492188 2.1839e-14
6502.37207 2.1369e-14
6507.252441 2.1058e-14
6512.133301 2.0562e-14
6517.013672 2.0237e-14
6521.894043 1.9618e-14
6526.774414 1.9259e-14
6531.654785 1.8862e-14
6536.535645 1.8335e-14
6541.416016 1.7792e-14
6546.296875 1.7062e-14
6551.177246 1.6292e-14
6556.058105 1.5229e-14
6560.938965 1.4828e-14
6565.819824 1.4267e-14
6570.700195 1.4677e-14
6575.581055 1.5526e-14
6580.461914 1.6175e-14
6585.342773 1.6786e-14
6590.223633 1.7439e-14
6595.104492 1.7988e-14
6599.98584 1.8446e-14
6604.866699 1.8685e-14
6609.747559 1.9039e-14
6614.628906 1.9278e-14
6619.509766 1.9764e-14
6624.391113 2.0045e-14
6629.271973 2.0087e-14
6634.15332 2.0226e-14
6639.03418 2.0542e-14
6643.915527 2.0761e-14
6648.796875 2.0743e-14
6653.678223 2.0879e-14
6658.55957 2.1148e-14
6663.440918 2.1032e-14
6668.322266 2.1219e-14
6673.203613 2.1304e-14
6678.084961 2.1225e-14
6682.966309 2.1258e-14
6687.847656 2.1246e-14
6692.729492 2.1281e-14
6697.61084 2.1371e-14
6702.492188 2.1214e-14
6707.374023 2.0998e-14
6712.255371 2.1449e-14
6717.137207 2.1393e-14
6722.019043 2.1308e-14
6726.900391 2.1203e-14
6731.782227 2.1114e-14
6736.664062 2.1307e-14
6741.545898 2.1294e-14
6746.427246 2.1208e-14
6751.309082 2.1103e-14
6756.190918 2.1118e-14
6761.073242 2.1092e-14
6765.955078 2.1058e-14
6770.836914 2.089e-14
6775.71875 2.0976e-14
6780.600586 2.0836e-14
6785.48291 2.0963e-14
6790.364746 2.0911e-14
6795.246582 2.0851e-14
6800.128906 2.0752e-14
6805.010742 2.0731e-14
6809.893066 2.075e-14
6814.775391 2.0766e-14
6819.657227 2.0575e-14
6824.539551 2.0734e-14
6829.421875 2.0482e-14
6834.304199 2.0379e-14
6839.186035 2.0361e-14
6844.068359 2.0535e-14
6848.950684 2.0649e-14
6853.833008 2.0308e-14
6858.715332 2.0157e-14
6863.598145 2.0127e-14
6868.480469 2.0045e-14
6873.362793 2.0038e-14
6878.245117 2.0317e-14
6883.127441 2.0087e-14
6888.010254 2.0001e-14
6892.892578 1.999e-14
6897.775391 1.9925e-14
6902.657715 1.9916e-14
6907.540527 1.9883e-14
6912.422852 1.9914e-14
6917.305664 1.9769e-14
6922.188477 1.982e-14
6927.070801 1.9729e-14
6931.953613 1.9783e-14
6936.836426 1.9744e-14
6941.719238 1.9611e-14
6946.602051 1.9641e-14
6951.484375 1.953e-14
6956.367188 1.948e-14
6961.25 1.9426e-14
6966.133301 1.9367e-14
6971.016113 1.9306e-14
6975.898926 1.9281e-14
6980.781738 1.9446e-14
6985.664551 1.9365e-14
6990.547852 1.9331e-14
6995.430664 1.919e-14
7000.313477 1.9189e-14
7005.196777 1.89e-14
7010.07959 1.8968e-14
7014.962402 1.9009e-14
7019.845703 1.8868e-14
7024.729004 1.8858e-14
7029.611816 1.8798e-14
7034.495117 1.8881e-14
7039.378418 1.8725e-14
7044.26123 1.8749e-14
7049.144531 1.8631e-14
7054.027832 1.8534e-14
7058.911133 1.8559e-14
7063.793945 1.855e-14
7068.677246 1.8402e-14
7073.560547 1.8415e-14
7078.443848 1.8284e-14
7083.327148 1.8417e-14
7088.210449 1.8253e-14
7093.094238 1.8335e-14
7097.977539 1.8176e-14
7102.86084 1.82e-14
7107.744141 1.8057e-14
7112.627441 1.7839e-14
7117.51123 1.7896e-14
7122.394531 1.7961e-14
7127.277832 1.7973e-14
7132.161621 1.8077e-14
7137.044922 1.7868e-14
7141.928223 1.7856e-14
7146.812012 1.7602e-14
7151.695312 1.7619e-14
7156.579102 1.7566e-14
7161.462891 1.7587e-14
7166.346191 1.7543e-14
7171.22998 1.7684e-14
7176.11377 1.7671e-14
7180.99707 1.7592e-14
7185.880859 1.7533e-14
7190.764648 1.7439e-14
7195.648438 1.725e-14
7200.532227 1.7331e-14
7205.415527 1.7242e-14
7210.299316 1.7273e-14
7215.183105 1.7379e-14
7220.066895 1.7066e-14
7224.950684 1.7143e-14
7229.834473 1.707e-14
7234.718262 1.7e-14
7239.602051 1.6976e-14
7244.486328 1.6992e-14
7249.370117 1.6711e-14
7254.253906 1.6876e-14
7259.137695 1.683e-14
7264.021484 1.6714e-14
7268.905762 1.6741e-14
7273.789551 1.6727e-14
7278.67334 1.6637e-14
7283.557617 1.6618e-14
7288.441406 1.6592e-14
7293.325195 1.6544e-14
7298.209473 1.6435e-14
7303.093262 1.6431e-14
7307.977539 1.6318e-14
7312.861328 1.6342e-14
7317.745605 1.6367e-14
7322.629395 1.6526e-14
7327.513672 1.6353e-14
7332.397949 1.6077e-14
7337.281738 1.6055e-14
7342.166016 1.5907e-14
7347.050293 1.5929e-14
7351.934082 1.6183e-14
7356.818359 1.6073e-14
7361.702637 1.6086e-14
7366.586914 1.5949e-14
7371.470703 1.5832e-14
7376.35498 1.5931e-14
7381.239258 1.5984e-14
7386.123535 1.5827e-14
7391.007812 1.5672e-14
7395.89209 1.576e-14
7400.776367 1.5866e-14
7405.660645 1.5623e-14
7410.544922 1.5623e-14
7415.429199 1.5497e-14
7420.313477 1.5447e-14
7425.197754 1.5604e-14
7430.082031 1.5512e-14
7434.966309 1.5533e-14
7439.850586 1.5341e-14
7444.734863 1.5263e-14
7449.619141 1.5236e-14
7454.503906 1.5275e-14
7459.388184 1.5273e-14
7464.272461 1.5221e-14
7469.156738 1.5062e-14
7474.041504 1.519e-14
7478.925781 1.5085e-14
7483.810059 1.5104e-14
7488.694336 1.516e-14
7493.579102 1.5079e-14
7498.463379 1.5008e-14
7503.347656 1.4896e-14
7508.232422 1.4956e-14
7513.116699 1.4923e-14
7518.001465 1.491e-14
7522.885742 1.4776e-14
7527.77002 1.4866e-14
7532.654785 1.4585e-14
7537.539062 1.478e-14
7542.423828 1.4784e-14
7547.308105 1.4691e-14
7552.192871 1.4536e-14
7557.077148 1.4633e-14
7561.961914 1.4717e-14
7566.84668 1.4494e-14
7571.730957 1.4449e-14
7576.615723 1.4524e-14
7581.5 1.4587e-14
7586.384766 1.432e-14
7591.269531 1.4413e-14
7596.153809 1.4241e-14
7601.038574 1.4331e-14
7605.92334 1.4338e-14
7610.807617 1.437e-14
7615.692383 1.4249e-14
7620.577148 1.4266e-14
7625.461426 1.4099e-14
7630.346191 1.4001e-14
7635.230957 1.4122e-14
7640.115723 1.3939e-14
7645.0 1.3992e-14
7649.884766 1.4258e-14
7654.769531 1.3827e-14
7659.654297 1.3699e-14
7664.538574 1.385e-14
7669.42334 1.3968e-14
7674.308105 1.3929e-14
7679.192871 1.3851e-14
7684.077637 1.37e-14
7688.962402 1.3738e-14
7693.84668 1.3588e-14
7698.731445 1.37e-14
7703.616211 1.3677e-14
7708.500977 1.3787e-14
7713.385742 1.3492e-14
7718.270508 1.3699e-14
7723.155273 1.3561e-14
7728.040039 1.3437e-14
7732.924316 1.3676e-14
7737.809082 1.3331e-14
7742.693848 1.3482e-14
7747.578613 1.3449e-14
7752.463379 1.338e-14
7757.348145 1.3371e-14
7762.23291 1.3531e-14
7767.117676 1.3282e-14
7772.002441 1.3396e-14
7776.887207 1.3253e-14
7781.771973 1.3152e-14
7786.656738 1.3347e-14
7791.541504 1.3129e-14
7796.42627 1.3028e-14
7801.311035 1.3186e-14
7806.195801 1.3106e-14
7811.080566 1.3022e-14
7815.965332 1.3078e-14
7820.849609 1.3088e-14
7825.734375 1.2979e-14
7830.619141 1.2917e-14
7835.503906 1.2836e-14
7840.388672 1.2907e-14
7845.273438 1.278e-14
7850.158203 1.2572e-14
7855.042969 1.295e-14
7859.927734 1.282e-14
7864.8125 1.2758e-14
7869.697266 1.277e-14
7874.582031 1.2583e-14
7879.466797 1.2543e-14
7884.351562 1.2729e-14
7889.236328 1.2641e-14
7894.121094 1.2571e-14
7899.005859 1.2746e-14
7903.890625 1.2636e-14
7908.775391 1.2641e-14
7913.660156 1.2412e-14
7918.544922 1.2254e-14
7923.429688 1.2292e-14
7928.314453 1.2413e-14
7933.199219 1.2335e-14
7938.083984 1.2231e-14
7942.96875 1.2244e-14
7947.853516 1.2325e-14
7952.738281 1.2252e-14
7957.623047 1.2322e-14
7962.507812 1.2015e-14
7967.392578 1.2118e-14
7972.276855 1.2036e-14
7977.161621 1.2146e-14
7982.046387 1.2208e-14
7986.931152 1.1905e-14
7991.815918 1.2012e-14
7996.700684 1.1849e-14
8001.585449 1.2088e-14
8006.470215 1.1931e-14
8011.35498 1.1979e-14
8016.239258 1.1888e-14
8021.124023 1.2003e-14
8026.008789 1.1786e-14
8030.893555 1.1939e-14
8035.77832 1.185e-14
8040.663086 1.1783e-14
8045.547363 1.1778e-14
8050.432129 1.1839e-14
8055.316895 1.1715e-14
8060.20166 1.1809e-14
8065.086426 1.1657e-14
8069.970703 1.1913e-14
8074.855469 1.1609e-14
8079.740234 1.1679e-14
8084.625 1.1607e-14
8089.509277 1.1513e-14
8094.394043 1.147e-14
8099.278809 1.1552e-14
8104.163086 1.1272e-14
8109.047852 1.1378e-14
8113.932617 1.117e-14
8118.816895 1.1332e-14
8123.70166 1.1416e-14
8128.586426 1.1444e-14
8133.470703 1.1428e-14
8138.355469 1.1228e-14
8143.239746 1.1355e-14
8148.124512 1.1299e-14
8153.009277 1.1168e-14
8157.893555 1.126e-14
8162.77832 1.1128e-14
8167.662598 1.1264e-14
8172.547363 1.0901e-14
8177.431641 1.1014e-14
8182.316406 1.1096e-14
8187.200684 1.0694e-14
8192.084961 1.1221e-14
8196.969727 1.0932e-14
8201.854492 1.108e-14
8206.738281 1.1203e-14
8211.623047 1.1001e-14
8216.507812 1.0955e-14
8221.391602 1.099e-14
8226.276367 1.0935e-14
8231.161133 1.0828e-14
8236.044922 1.0759e-14
8240.929688 1.0957e-14
8245.814453 1.0785e-14
8250.698242 1.0832e-14
8255.583008 1.0725e-14
8260.466797 1.0599e-14
8265.351562 1.059e-14
8270.236328 1.062e-14
8275.120117 1.0517e-14
8280.004883 1.075e-14
8284.888672 1.0686e-14
8289.773438 1.0695e-14
8294.657227 1.0707e-14
8299.541992 1.0559e-14
8304.425781 1.0415e-14
8309.310547 1.0505e-14
8314.194336 1.0416e-14
8319.079102 1.0473e-14
8323.962891 1.0449e-14
8328.847656 1.0452e-14
8333.731445 1.0294e-14
8338.616211 1.0351e-14
8343.5 1.0389e-14
8348.383789 1.0327e-14
8353.268555 1.0333e-14
8358.152344 1.0392e-14
8363.037109 1.0262e-14
8367.920898 1.023e-14
8372.804688 1.0016e-14
8377.689453 1.024e-14
8382.573242 1.0202e-14
8387.457031 1.0201e-14
8392.341797 1.0081e-14
8397.225586 1.0104e-14
8402.109375 1.0187e-14
8406.993164 1.0078e-14
8411.87793 1.0261e-14
8416.761719 1.0147e-14
8421.645508 9.9776e-15
8426.529297 1.0108e-14
8431.413086 1.0058e-14
8436.297852 9.8961e-15
8441.181641 9.8536e-15
8446.06543 9.8995e-15
8450.949219 9.9255e-15
8455.833008 9.882e-15
8460.716797 1.0002e-14
8465.600586 9.8892e-15
8470.484375 9.9289e-15
8475.368164 9.6854e-15
8480.251953 9.6681e-15
8485.136719 9.7906e-15
8490.020508 9.7121e-15
8494.904297 9.7401e-15
8499.788086 9.9253e-15
8504.670898 9.7145e-15
8509.554688 9.7234e-15
8514.438477 9.5642e-15
8519.322266 9.4767e-15
8524.206055 9.4384e-15
8529.089844 9.5166e-15
8533.973633 9.5175e-15
8538.857422 9.6803e-15
8543.741211 9.4673e-15
8548.625 9.4167e-15
8553.507812 9.5279e-15
8558.391602 9.5641e-15
8563.275391 9.3164e-15
8568.15918 9.5962e-15
8573.041992 9.3672e-15
8577.925781 9.5067e-15
8582.80957 9.3063e-15
8587.692383 9.2023e-15
8592.576172 9.2906e-15
8597.459961 9.4067e-15
8602.342773 9.3509e-15
8607.226562 9.2031e-15
8612.110352 9.3756e-15
8616.993164 9.1377e-15
8621.876953 9.524e-15
8626.759766 9.236e-15
8631.643555 9.1906e-15
8636.526367 9.2327e-15
8641.410156 9.0024e-15
8646.292969 8.9932e-15
8651.176758 9.2647e-15
8656.05957 8.9815e-15
8660.943359 9.1701e-15
8665.826172 9.1725e-15
8670.708984 9.0795e-15
8675.592773 9.1607e-15
8680.475586 8.9648e-15
8685.358398 8.9983e-15
8690.242188 9.0971e-15
8695.125 8.8846e-15
8700.007812 8.8878e-15
8704.891602 8.9826e-15
8709.774414 8.8023e-15
8714.657227 8.7356e-15
8719.540039 8.8363e-15
8724.422852 8.8239e-15
8729.305664 8.8196e-15
8734.188477 8.9162e-15
8739.072266 8.7881e-15
8743.955078 8.6594e-15
8748.837891 8.6909e-15
8753.720703 8.8774e-15
8758.603516 8.744e-15
8763.486328 8.6702e-15
8768.369141 8.6836e-15
8773.251953 8.6155e-15
8778.134766 8.7234e-15
8783.016602 8.6015e-15
8787.899414 8.4764e-15
8792.782227 8.5e-15
8797.665039 8.5802e-15
8802.547852 8.425e-15
8807.430664 8.5191e-15
8812.3125 8.5429e-15
8817.195312 8.7071e-15
8822.078125 8.3854e-15
8826.960938 8.4027e-15
8831.842773 8.3167e-15
8836.725586 8.4332e-15
8841.607422 8.2951e-15
8846.490234 8.4762e-15
8851.373047 8.2797e-15
8856.254883 8.3933e-15
8861.137695 8.4358e-15
8866.019531 8.353e-15
8870.902344 8.2419e-15
8875.78418 8.5649e-15
8880.666992 8.5623e-15
8885.548828 8.4331e-15
8890.430664 8.369e-15
8895.313477 8.3438e-15
8900.195312 8.2715e-15
8905.077148 8.4225e-15
8909.959961 8.2607e-15
8914.841797 8.1989e-15
8919.723633 8.3349e-15
8924.605469 8.2847e-15
8929.488281 8.1375e-15
8934.370117 8.2154e-15
8939.251953 8.2397e-15
8944.133789 7.9896e-15
8949.015625 8.0817e-15
8953.897461 7.9966e-15
8958.779297 8.2962e-15
8963.661133 7.9939e-15
8968.542969 8.0175e-15
8973.424805 8.2007e-15
8978.306641 7.9343e-15
8983.188477 7.9748e-15
8988.070312 7.9506e-15
8992.951172 8.092e-15
8997.833008 7.967e-15
9002.714844 8.0677e-15
9007.59668 7.9599e-15
9012.478516 7.8948e-15
9017.359375 7.8072e-15
9022.241211 7.9051e-15
9027.123047 7.9366e-15
9032.003906 7.8207e-15
9036.885742 7.7607e-15
9041.766602 7.8362e-15
9046.648438 7.606e-15
9051.529297 7.8557e-15
9056.411133 7.6548e-15
9061.291992 7.7107e-15
9066.173828 7.7962e-15
9071.054688 7.6783e-15
9075.935547 7.8789e-15
9080.817383 8.1111e-15
9085.698242 7.966e-15
9090.579102 7.753e-15
9095.460938 7.6518e-15
9100.341797 7.5275e-15
9105.222656 7.8118e-15
9110.103516 7.6349e-15
9114.984375 7.7368e-15
9119.865234 7.7343e-15
9124.746094 7.5684e-15
9129.626953 7.7645e-15
9134.507812 7.6366e-15
9139.388672 7.6107e-15
9144.269531 7.6601e-15
9149.150391 7.5772e-15
9154.03125 7.7809e-15
9158.912109 7.7091e-15
9163.792969 7.5291e-15
9168.673828 7.5543e-15
9173.553711 7.3373e-15
9178.43457 7.4546e-15
9183.31543 7.3537e-15
9188.195312 7.448e-15
9193.076172 7.3091e-15
9197.957031 7.4176e-15
9202.836914 7.2262e-15
9207.717773 7.177e-15
9212.597656 7.1356e-15
9217.478516 7.1224e-15
9222.358398 7.1983e-15
9227.239258 7.1877e-15
9232.119141 7.1555e-15
9236.999023 7.2462e-15
9241.879883 7.1321e-15
9246.759766 7.1378e-15
9251.639648 7.073e-15
9256.519531 7.1284e-15
9261.399414 7.2866e-15
9266.280273 7.2619e-15
9271.160156 7.2624e-15
9276.040039 7.0326e-15
9280.919922 6.9933e-15
9285.799805 7.0991e-15
9290.679688 7.1391e-15
9295.55957 7.1352e-15
9300.439453 7.1613e-15
9305.318359 7.4218e-15
9310.198242 7.0724e-15
9315.078125 7.2463e-15
9319.958008 7.0819e-15
9324.836914 7.1433e-15
9329.716797 7.1958e-15
9334.59668 7.2121e-15
9339.475586 7.1436e-15
9344.355469 7.2062e-15
9349.235352 7.1617e-15
9354.114258 6.9395e-15
9358.994141 7.1554e-15
9363.873047 7.154e-15
9368.751953 6.8257e-15
9373.631836 7.0991e-15
9378.510742 7.0678e-15
9383.389648 6.9339e-15
9388.269531 7.0292e-15
9393.148438 7.2888e-15
9398.027344 6.8611e-15
9402.90625 6.8513e-15
9407.785156 6.93e-15
9412.664062 7.103e-15
9417.542969 6.9045e-15
9422.421875 6.7605e-15
9427.300781 6.8045e-15
9432.179688 6.8971e-15
9437.058594 6.8172e-15
9441.9375 6.9418e-15
9446.816406 6.791e-15
9451.695312 6.7989e-15
9456.573242 6.7735e-15
9461.452148 6.5449e-15
9466.331055 6.5553e-15
9471.208984 6.5677e-15
9476.087891 6.6835e-15
9480.96582 6.4626e-15
9485.844727 6.5213e-15
9490.722656 6.3432e-15
9495.601562 6.4666e-15
9500.479492 6.568e-15
9505.358398 6.5594e-15
9510.236328 6.3118e-15
9515.114258 6.3656e-15
9519.992188 6.1049e-15
9524.871094 6.1988e-15
9529.749023 5.9669e-15
9534.626953 6.2286e-15
9539.504883 5.9413e-15
9544.382812 6.1463e-15
9549.260742 6.1976e-15
9554.138672 6.0156e-15
9559.016602 6.0977e-15
9563.894531 5.9613e-15
9568.771484 6.0432e-15
9573.649414 6.1566e-15
9578.527344 6.0627e-15
9583.405273 6.0906e-15
9588.282227 5.9803e-15
9593.160156 6.1684e-15
9598.037109 6.1964e-15
9602.915039 6.4142e-15
9607.791992 6.2758e-15
9612.669922 6.1665e-15
9617.546875 6.3206e-15
9622.424805 6.1859e-15
9627.301758 6.2704e-15
9632.178711 6.1353e-15
9637.056641 6.2825e-15
9641.933594 6.3799e-15
9646.810547 6.2618e-15
9651.6875 6.4122e-15
9656.564453 6.1176e-15
9661.441406 6.4403e-15
9666.318359 6.3931e-15
9671.195312 6.3556e-15
9676.072266 6.3378e-15
9680.949219 6.4176e-15
9685.826172 6.5156e-15
9690.702148 6.4322e-15
9695.579102 6.47e-15
9700.456055 6.3983e-15
9705.332031 6.4539e-15
9710.208984 6.5873e-15
9715.085938 6.3645e-15
9719.961914 6.3035e-15
9724.838867 6.3381e-15
9729.714844 6.3234e-15
9734.59082 6.3563e-15
9739.467773 6.4727e-15
9744.34375 6.2752e-15
9749.219727 6.0526e-15
9754.095703 6.2257e-15
9758.97168 6.2525e-15
9763.848633 6.281e-15
9768.724609 6.3052e-15
9773.600586 6.3072e-15
9778.476562 6.367e-15
9783.351562 6.3154e-15
9788.227539 6.0353e-15
9793.103516 5.9729e-15
9797.979492 6.1638e-15
9802.855469 6.1496e-15
9807.730469 6.2797e-15
9812.606445 6.3602e-15
9817.482422 6.1031e-15
9822.357422 6.1095e-15
9827.233398 6.0907e-15
9832.108398 6.0803e-15
9836.983398 5.8261e-15
9841.859375 6.2445e-15
9846.734375 6.4141e-15
9851.609375 6.1131e-15
9856.485352 6.0022e-15
9861.360352 6.0259e-15
9866.235352 6.1902e-15
9871.110352 5.9977e-15
9875.985352 5.9567e-15
9880.860352 6.1416e-15
9885.735352 5.8811e-15
9890.610352 6.1042e-15
9895.485352 5.8698e-15
9900.359375 6.041e-15
9905.234375 5.7516e-15
9910.109375 5.9546e-15
9914.983398 5.702e-15
9919.858398 5.5179e-15
9924.733398 5.8865e-15
9929.607422 5.7426e-15
9934.481445 5.5878e-15
9939.356445 5.3704e-15
9944.230469 5.5858e-15
9949.104492 5.8961e-15
9953.979492 5.6326e-15
9958.853516 5.5861e-15
9963.727539 5.3692e-15
9968.601562 5.3454e-15
9973.475586 5.3142e-15
9978.349609 5.1652e-15
9983.223633 5.2776e-15
9988.097656 5.1937e-15
9992.97168 5.133e-15
9997.845703 5.0553e-15
10002.71875 5.2894e-15
10007.592773 5.1887e-15
10012.466797 4.8954e-15
10017.339844 5.1157e-15
10022.213867 4.9546e-15
10027.086914 5.1122e-15
10031.960938 4.7512e-15
10036.833984 5.0244e-15
10041.707031 5.0199e-15
10046.581055 4.8131e-15
10051.454102 4.8901e-15
10056.327148 4.9991e-15
10061.200195 4.594e-15
10066.073242 4.8997e-15
10070.946289 5.165e-15
10075.819336 4.8925e-15
10080.692383 4.7118e-15
10085.56543 4.6632e-15
10090.438477 4.9605e-15
10095.310547 5.1883e-15
10100.183594 5.0839e-15
10105.056641 4.822e-15
10109.928711 4.9053e-15
10114.801758 5.024e-15
10119.673828 4.737e-15
10136.0 5.1493e-15
10152.0 5.186e-15
10168.0 5.2322e-15
10184.0 5.2609e-15
10200.0 5.2958e-15
10216.0 5.3607e-15
10232.0 5.32e-15
10248.0 5.2966e-15
10264.0 5.3281e-15
10280.0 5.3304e-15
10296.0 5.3238e-15
10312.0 5.3019e-15
10328.0 5.2716e-15
10344.0 5.2749e-15
10360.0 5.2573e-15
10376.0 5.2115e-15
10392.0 5.1763e-15
10408.0 5.1576e-15
10424.0 5.1333e-15
10440.0 5.131e-15
10456.0 5.1022e-15
10472.0 5.0621e-15
10488.0 5.028e-15
10504.0 5.0301e-15
10520.0 5.0306e-15
10536.0 4.9915e-15
10552.0 4.9561e-15
10568.0 4.9187e-15
10584.0 4.9006e-15
10600.0 4.8745e-15
10616.0 4.8538e-15
10632.0 4.8141e-15
10648.0 4.7781e-15
10664.0 4.7461e-15
10680.0 4.7011e-15
10696.0 4.6532e-15
10712.0 4.6069e-15
10728.0 4.5578e-15
10744.0 4.5083e-15
10760.0 4.4526e-15
10776.0 4.3956e-15
10792.0 4.3199e-15
10808.0 4.2213e-15
10824.0 4.1531e-15
10840.0 4.0768e-15
10856.0 3.9864e-15
10872.0 3.8916e-15
10888.0 3.7752e-15
10904.0 3.6572e-15
10920.0 3.5052e-15
10936.0 3.403e-15
10952.0 3.4191e-15
10968.0 3.5187e-15
10984.0 3.5996e-15
11000.0 3.6466e-15
11016.0 3.7235e-15
11032.0 3.7819e-15
11048.0 3.8162e-15
11064.0 3.8647e-15
11080.0 3.9078e-15
11096.0 3.9104e-15
11112.0 3.928e-15
11128.0 3.958e-15
11144.0 3.9657e-15
11160.0 3.9531e-15
11176.0 3.9465e-15
11192.0 3.9328e-15
11208.0 3.9247e-15
11224.0 3.9174e-15
11240.0 3.9143e-15
11250.0 3.8658e-15
11275.0 3.8525e-15
11300.0 3.8194e-15
11325.0 3.7915e-15
11350.0 3.7707e-15
11375.0 3.7436e-15
11400.0 3.7121e-15
11425.0 3.6981e-15
11450.0 3.6914e-15
11475.0 3.6668e-15
11500.0 3.6441e-15
11525.0 3.6167e-15
11550.0 3.5788e-15
11575.0 3.5477e-15
11600.0 3.5161e-15
11625.0 3.4968e-15
11650.0 3.4752e-15
11675.0 3.4542e-15
11700.0 3.4289e-15
11725.0 3.3881e-15
11750.0 3.3436e-15
11775.0 3.3003e-15
11800.0 3.2754e-15
11825.0 3.2668e-15
11850.0 3.2577e-15
11875.0 3.241e-15
11900.0 3.2129e-15
11925.0 3.1934e-15
11950.0 3.1595e-15
11975.0 3.1081e-15
12000.0 3.0636e-15
12025.0 3.0285e-15
12050.0 3.0199e-15
12075.0 3.0236e-15
12100.0 3.0298e-15
12125.0 3.0137e-15
12150.0 2.9712e-15
12175.0 2.9352e-15
12200.0 2.9153e-15
12225.0 2.887e-15
12250.0 2.8552e-15
12275.0 2.8334e-15
12300.0 2.8086e-15
12325.0 2.7913e-15
12350.0 2.7755e-15
12375.0 2.7492e-15
12400.0 2.7262e-15
12425.0 2.7069e-15
12450.0 2.6786e-15
12475.0 2.6388e-15
12500.0 2.6063e-15
12525.0 2.5804e-15
12550.0 2.5541e-15
12575.0 2.5292e-15
12600.0 2.4896e-15
12625.0 2.4457e-15
12650.0 2.3967e-15
12675.0 2.3363e-15
12700.0 2.2698e-15
12725.0 2.2082e-15
12750.0 2.1487e-15
12775.0 2.0797e-15
12800.0 2.0075e-15
12825.0 1.9911e-15
12850.0 2.0177e-15
12875.0 2.0563e-15
12900.0 2.101e-15
12925.0 2.1321e-15
12950.0 2.16e-15
12975.0 2.1799e-15
13000.0 2.1961e-15
13025.0 2.1958e-15
13050.0 2.195e-15
13075.0 2.1933e-15
13100.0 2.1817e-15
13125.0 2.1657e-15
13150.0 2.1561e-15
13175.0 2.1508e-15
13200.0 2.1378e-15
13225.0 2.1202e-15
13250.0 2.1082e-15
13275.0 2.0987e-15
13300.0 2.097e-15
13325.0 2.0943e-15
13350.0 2.0755e-15
13375.0 2.0501e-15
13400.0 2.0201e-15
13425.0 1.9996e-15
13450.0 2.0015e-15
13475.0 1.998e-15
13500.0 1.9911e-15
13525.0 1.9728e-15
13550.0 1.9482e-15
13575.0 1.9402e-15
13600.0 1.9359e-15
13625.0 1.9062e-15
13650.0 1.8763e-15
13675.0 1.8819e-15
13700.0 1.8885e-15
13725.0 1.8724e-15
13750.0 1.8558e-15
13775.0 1.849e-15
13800.0 1.8382e-15
13825.0 1.8221e-15
13850.0 1.805e-15
13875.0 1.7874e-15
13900.0 1.7752e-15
13925.0 1.7647e-15
13950.0 1.7544e-15
13975.0 1.7481e-15
14000.0 1.7452e-15
14025.0 1.7419e-15
14050.0 1.7279e-15
14075.0 1.7146e-15
14100.0 1.703e-15
14125.0 1.6876e-15
14150.0 1.6773e-15
14175.0 1.6662e-15
14200.0 1.6413e-15
14225.0 1.6185e-15
14250.0 1.6102e-15
14275.0 1.6031e-15
14300.0 1.5848e-15
14325.0 1.579e-15
14350.0 1.5824e-15
14375.0 1.5761e-15
14400.0 1.565e-15
14425.0 1.5483e-15
14450.0 1.5336e-15
14475.0 1.5292e-15
14500.0 1.5244e-15
14525.0 1.5109e-15
14550.0 1.5022e-15
14575.0 1.5021e-15
14600.0 1.491e-15
14625.0 1.4727e-15
14650.0 1.4653e-15
14675.0 1.4604e-15
14700.0 1.4416e-15
14725.0 1.424e-15
14750.0 1.4168e-15
14775.0 1.4116e-15
14800.0 1.4099e-15
14825.0 1.3995e-15
14850.0 1.3769e-15
14875.0 1.3594e-15
14900.0 1.3518e-15
14925.0 1.3545e-15
14950.0 1.3591e-15
14975.0 1.3498e-15
15000.0 1.3392e-15
15025.0 1.3316e-15
15050.0 1.3241e-15
15075.0 1.3108e-15
15100.0 1.296e-15
15125.0 1.2908e-15
15150.0 1.2886e-15
15175.0 1.2808e-15
15200.0 1.2751e-15
15225.0 1.2649e-15
15250.0 1.2522e-15
15275.0 1.2444e-15
15300.0 1.2359e-15
15325.0 1.2261e-15
15350.0 1.2204e-15
15375.0 1.2162e-15
15400.0 1.2092e-15
15425.0 1.1986e-15
15450.0 1.1861e-15
15475.0 1.1777e-15
15500.0 1.1766e-15
15525.0 1.1718e-15
15550.0 1.1652e-15
15575.0 1.1632e-15
15600.0 1.1603e-15
15625.0 1.1545e-15
15650.0 1.1512e-15
15675.0 1.1433e-15
15700.0 1.1344e-15
15725.0 1.1274e-15
15750.0 1.117e-15
15775.0 1.1141e-15
15800.0 1.1128e-15
15825.0 1.1018e-15
15850.0 1.094e-15
15875.0 1.0891e-15
15900.0 1.0846e-15
15925.0 1.0824e-15
15950.0 1.0734e-15
15975.0 1.0591e-15
16000.0 1.0535e-15
16025.0 1.0527e-15
16050.0 1.0431e-15
16075.0 1.0317e-15
16100.0 1.0246e-15
16125.0 1.0194e-15
16150.0 1.0116e-15
16175.0 1.0057e-15
16200.0 1.0005e-15
16225.0 9.9103e-16
16250.0 9.8621e-16
16275.0 9.8382e-16
16300.0 9.793e-16
16325.0 9.7588e-16
16350.0 9.7487e-16
16375.0 9.673e-16
16400.0 9.575e-16
16425.0 9.4862e-16
16450.0 9.4172e-16
16475.0 9.4089e-16
16500.0 9.39e-16
16525.0 9.3333e-16
16550.0 9.2951e-16
16575.0 9.1607e-16
16600.0 9.083e-16
16625.0 9.074e-16
16650.0 9.0707e-16
16675.0 9.0132e-16
16700.0 8.8847e-16
16725.0 8.7055e-16
16750.0 8.6617e-16
16775.0 8.6568e-16
16800.0 8.6698e-16
16825.0 8.5712e-16
16850.0 8.5499e-16
16875.0 8.4867e-16
16900.0 8.4703e-16
16925.0 8.3462e-16
16950.0 8.3501e-16
16975.0 8.3227e-16
17000.0 8.3105e-16
17025.0 8.1741e-16
17050.0 7.8964e-16
17075.0 7.8809e-16
17100.0 7.9593e-16
17125.0 7.9028e-16
17150.0 7.7126e-16
