wave flux
1140.333740234375 2.6868e-15
1140.917725 1.924e-15
1141.501709 1.8348e-14
1142.085571 1.2301e-14
1142.669556 1.5773e-14
1143.253418 1.1621e-14
1143.83728 1.1243e-14
1144.421265 7.7014e-15
1145.005127 1.2387e-14
1145.589111 1.977e-14
1146.172974 1.6835e-14
1146.756958 1.3725e-14
1147.34082 1.2899e-14
1147.924683 8.5624e-15
1148.508667 1.4329e-14
1149.092529 1.3659e-14
1149.676514 1.1256e-14
1150.260376 1.4201e-14
1150.844238 1.1389e-14
1151.428223 1.0945e-14
1152.012085 9.6799e-15
1152.595947 1.1694e-14
1153.17981 1.1399e-14
1153.763794 1.0746e-14
1154.347656 1.1066e-14
1154.931519 1.1857e-14
1155.515503 1.0192e-14
1156.099365 1.2291e-14
1156.683228 1.0521e-14
1157.26709 1.0857e-14
1157.850952 9.8419e-15
1158.434937 1.0307e-14
1159.018799 9.003e-15
1159.602661 1.3168e-14
1160.186523 1.077e-14
1160.770386 9.7454e-15
1161.354248 1.1472e-14
1161.93811 1.0393e-14
1162.522095 1.051e-14
1163.105957 1.0306e-14
1163.689819 8.5985e-15
1164.273682 1.062e-14
1164.857544 1.0297e-14
1165.441406 9.8277e-15
1166.025269 8.7743e-15
1166.609131 8.6925e-15
1167.192993 8.2917e-15
1167.776855 7.1314e-15
1168.360718 8.4467e-15
1168.94458 7.7794e-15
1169.528442 7.8417e-15
1170.112305 5.8751e-15
1170.696167 9.6703e-15
1171.280029 7.7616e-15
1171.863892 6.5755e-15
1172.447754 6.1657e-15
1173.031616 7.0083e-15
1173.615356 6.5355e-15
1174.199219 5.6352e-15
1174.783081 6.9061e-15
1175.366943 5.3933e-15
1175.950806 5.0173e-15
1176.534668 5.1789e-15
1177.11853 5.9e-15
1177.702271 4.3215e-15
1178.286133 3.6936e-15
1178.869995 4.3892e-15
1179.453857 4.1314e-15
1180.037598 4.5793e-15
1180.62146 4.2886e-15
1181.205322 4.1769e-15
1181.789185 3.6203e-15
1182.372925 3.4114e-15
1182.956787 4.1915e-15
1183.540649 3.8042e-15
1184.12439 3.6566e-15
1184.708252 4.0903e-15
1185.292114 4.0103e-15
1185.875854 3.3724e-15
1186.459717 2.8064e-15
1187.043579 3.3852e-15
1187.627319 3.427e-15
1188.211182 2.2274e-15
1188.795044 3.159e-15
1189.378784 2.7779e-15
1189.962646 2.2055e-15
1190.546387 2.249e-15
1191.130249 1.818e-15
1191.713989 2.1414e-15
1192.297852 5.5565e-16
1192.881592 3.4179e-15
1193.465454 3.5841e-15
1194.049194 1.3393e-15
1194.633057 2.8009e-15
1195.216797 3.9715e-16
1195.800659 2.5908e-15
1196.384399 3.6689e-15
1196.968262 3.0885e-15
1197.552002 3.11e-15
1198.135742 1.6839e-15
1198.719604 0.0
1199.303345 2.5665e-15
1199.887207 7.5353e-16
1200.470947 6.2586e-16
1201.054688 2.96e-15
1201.63855 1.7521e-15
1202.22229 2.3469e-16
1202.80603 5.1146e-16
1203.389893 1.1104e-15
1203.973633 2.4164e-15
1204.557373 1.3622e-15
1205.141113 1.9045e-15
1205.724976 3.687e-15
1206.308716 6.6021e-16
1206.892456 1.2013e-15
1207.476196 1.3176e-15
1208.060059 2.1578e-15
1208.643799 1.8274e-15
1209.227539 1.6551e-15
1209.811279 6.688e-16
1210.39502 8.9592e-16
1210.978882 2.298e-15
1211.562622 1.563e-15
1212.146362 1.3469e-15
1212.730103 1.6815e-15
1213.313843 1.7443e-15
1213.897583 1.38e-15
1214.481323 0.0
1215.065063 1.323e-15
1215.648804 2.1203e-15
1216.232544 8.9346e-16
1216.816284 0.0
1217.400024 6.8894e-16
1217.983765 9.1124e-16
1218.567505 1.4223e-15
1219.151245 8.1317e-16
1219.734985 2.2389e-15
1220.318726 0.0
1220.902466 6.6728e-16
1221.486206 6.6027e-16
1222.069946 0.0
1222.653687 1.9792e-15
1223.237427 1.5471e-15
1223.821167 2.6602e-15
1224.404907 1.4093e-15
1224.988647 1.3037e-15
1225.572388 1.3416e-15
1226.156128 8.4133e-16
1226.739746 9.474e-16
1227.323486 1.2445e-15
1227.907227 1.7097e-15
1228.490967 1.23e-15
1229.074707 1.9803e-15
1229.658325 3.017e-15
1230.242065 2.5133e-15
1230.825806 1.7375e-15
1231.409546 1.6512e-15
1231.993164 1.19e-15
1232.576904 1.937e-15
1233.160645 1.3267e-15
1233.744385 1.9291e-15
1234.328003 2.3953e-15
1234.911743 2.1946e-15
1235.495483 2.2842e-15
1236.079102 4.062e-15
1236.662842 2.7341e-15
1237.246582 2.5281e-15
1237.8302 3.0552e-15
1238.41394 2.8109e-15
1238.997681 2.9606e-15
1239.581299 3.9707e-15
1240.165039 2.7138e-15
1240.748657 3.89e-15
1241.332397 3.5539e-15
1241.916016 4.1818e-15
1242.499756 4.0028e-15
1243.083374 4.6946e-15
1243.667114 4.2429e-15
1244.250732 4.9083e-15
1244.834473 4.6956e-15
1245.418091 5.1292e-15
1246.001831 5.4756e-15
1246.585449 5.3644e-15
1247.169189 5.9484e-15
1247.752808 5.7853e-15
1248.336548 6.2477e-15
1248.920166 7.3225e-15
1249.503784 6.6465e-15
1250.087524 7.5225e-15
1250.671143 6.6893e-15
1251.254883 7.1784e-15
1251.838501 7.7076e-15
1252.422119 6.9906e-15
1253.005859 7.8792e-15
1253.589478 8.169e-15
1254.173096 8.5234e-15
1254.756836 8.8975e-15
1255.340454 8.8545e-15
1255.924072 9.2765e-15
1256.50769 1.0294e-14
1257.091431 1.0313e-14
1257.675049 9.9622e-15
1258.258667 1.1442e-14
1258.842285 1.0681e-14
1259.426025 1.1365e-14
1260.009644 1.1628e-14
1260.593262 1.0839e-14
1261.17688 1.2525e-14
1261.760498 1.3206e-14
1262.344116 1.402e-14
1262.927856 1.389e-14
1263.511475 1.5214e-14
1264.095093 1.516e-14
1264.678711 1.4406e-14
1265.262329 1.5036e-14
1265.845947 1.5688e-14
1266.429565 1.714e-14
1267.013184 1.7397e-14
1267.596802 1.7571e-14
1268.18042 1.8336e-14
1268.764038 1.8919e-14
1269.347656 1.9906e-14
1269.931274 1.974e-14
1270.514893 2.0471e-14
1271.098511 2.1267e-14
1271.682129 2.1481e-14
1272.265747 2.2209e-14
1272.849365 2.1826e-14
1273.432983 2.2803e-14
1274.016602 2.3166e-14
1274.60022 2.4502e-14
1275.183838 2.232e-14
1275.767456 2.3554e-14
1276.351074 2.4947e-14
1276.93457 2.4158e-14
1277.518188 2.4575e-14
1278.101807 2.7242e-14
1278.685425 2.6504e-14
1279.269043 2.7199e-14
1279.852661 2.789e-14
1280.436157 2.7562e-14
1281.019775 2.8401e-14
1281.603394 2.9499e-14
1282.187012 2.8938e-14
1282.770508 2.9121e-14
1283.354126 2.9443e-14
1283.937744 3.2051e-14
1284.521362 3.0962e-14
1285.104858 3.1326e-14
1285.688477 3.3295e-14
1286.272095 3.2327e-14
1286.855591 3.3432e-14
1287.439209 3.2934e-14
1288.022827 3.557e-14
1288.606323 3.646e-14
1289.189941 3.6701e-14
1289.773438 3.5731e-14
1290.357056 3.6546e-14
1290.940674 3.7822e-14
1291.52417 3.8785e-14
1292.107788 3.9383e-14
1292.691284 4.0142e-14
1293.274902 4.1164e-14
1293.858398 4.3563e-14
1294.442017 4.2249e-14
1295.025513 4.3896e-14
1295.609131 4.3362e-14
1296.192627 4.3229e-14
1296.776245 4.3456e-14
1297.359741 4.516e-14
1297.943359 4.5172e-14
1298.526855 4.4719e-14
1299.110474 4.6823e-14
1299.69397 4.665e-14
1300.277588 4.9036e-14
1300.861084 4.9852e-14
1301.44458 5.0204e-14
1302.028198 4.9839e-14
1302.611694 5.0936e-14
1303.19519 4.9816e-14
1303.778809 5.3708e-14
1304.362305 5.4615e-14
1304.945801 5.5229e-14
1305.529419 5.5467e-14
1306.112915 5.8278e-14
1306.696411 5.6965e-14
1307.280029 5.9548e-14
1307.863525 5.7753e-14
1308.447021 5.9297e-14
1309.030518 5.8733e-14
1309.614014 5.9196e-14
1310.197632 5.9844e-14
1310.781128 6.1806e-14
1311.364624 6.0885e-14
1311.94812 5.9791e-14
1312.531616 5.9418e-14
1313.115234 6.2605e-14
1313.69873 6.4092e-14
1314.282227 6.2437e-14
1314.865723 6.4389e-14
1315.449219 6.3499e-14
1316.032715 6.5671e-14
1316.616211 6.5854e-14
1317.199707 6.5962e-14
1317.783203 6.6356e-14
1318.366699 6.7012e-14
1318.950195 7.0289e-14
1319.533691 6.8706e-14
1320.11731 6.9773e-14
1320.700806 7.09e-14
1321.284302 7.0014e-14
1321.867798 7.3331e-14
1322.451172 7.5301e-14
1323.034668 7.3869e-14
1323.618164 7.1539e-14
1324.20166 7.0293e-14
1324.785156 7.3823e-14
1325.368652 7.4258e-14
1325.952148 7.5285e-14
1326.535645 7.5848e-14
1327.119141 7.6818e-14
1327.702637 7.7138e-14
1328.286133 7.6256e-14
1328.869507 7.8811e-14
1329.453003 7.6868e-14
1330.036499 7.75e-14
1330.619995 7.9805e-14
1331.203491 7.671e-14
1331.786865 7.7637e-14
1332.370361 7.9516e-14
1332.953857 8.0712e-14
1333.537354 7.9483e-14
1334.120728 7.9606e-14
1334.704224 8.0386e-14
1335.28772 8.1218e-14
1335.871216 8.2398e-14
1336.45459 8.4948e-14
1337.038086 8.2573e-14
1337.621582 8.461e-14
1338.204956 8.8487e-14
1338.788452 8.7324e-14
1339.371948 8.6391e-14
1339.955322 8.4657e-14
1340.538818 8.4922e-14
1341.122192 8.787e-14
1341.705688 8.9477e-14
1342.289185 8.9857e-14
1342.872559 8.9394e-14
1343.456055 8.8646e-14
1344.039429 9.2381e-14
1344.622925 8.782e-14
1345.206299 9.0438e-14
1345.789795 9.1853e-14
1346.373169 8.9701e-14
1346.956665 9.4169e-14
1347.540039 9.0169e-14
1348.123535 9.3392e-14
1348.706909 9.4908e-14
1349.290405 9.4006e-14
1349.873779 9.6092e-14
1350.457275 9.4445e-14
1351.040649 9.5267e-14
1351.624023 9.3111e-14
1352.20752 9.378e-14
1352.790894 9.5904e-14
1353.37439 9.7386e-14
1353.957764 9.6448e-14
1354.541138 9.4399e-14
1355.124634 9.5293e-14
1355.708008 9.3322e-14
1356.291382 9.3466e-14
1356.874878 9.5959e-14
1357.458252 9.6158e-14
1358.041626 9.5772e-14
1358.625 9.6494e-14
1359.208496 9.889e-14
1359.79187 1.0013e-13
1360.375244 9.8728e-14
1360.958618 9.7266e-14
1361.541992 1.0025e-13
1362.125488 9.6025e-14
1362.708862 9.9272e-14
1363.292236 9.9293e-14
1363.87561 9.5942e-14
1364.458984 9.7125e-14
1365.042358 9.7054e-14
1365.625854 9.5932e-14
1366.209229 9.6576e-14
1366.792603 9.9528e-14
1367.375977 9.7732e-14
1367.959351 9.6172e-14
1368.542725 9.7853e-14
1369.126099 9.5274e-14
1369.709473 1.0012e-13
1370.292847 9.8249e-14
1370.876221 9.7813e-14
1371.459595 9.463e-14
1372.042969 9.5002e-14
1372.626343 9.4638e-14
1373.209717 9.3769e-14
1373.793091 9.3449e-14
1374.376465 9.2446e-14
1374.959839 9.2146e-14
1375.543213 9.3785e-14
1376.126587 9.302e-14
1376.709961 9.2973e-14
1377.293335 9.0419e-14
1377.876709 8.8641e-14
1378.459961 8.9791e-14
1379.043335 8.9096e-14
1379.626709 8.9425e-14
1380.210083 8.6235e-14
1380.793457 8.7213e-14
1381.376831 8.9753e-14
1381.960083 8.464e-14
1382.543457 8.3074e-14
1383.126831 8.2629e-14
1383.710205 8.0379e-14
1384.293579 8.0571e-14
1384.876831 8.381e-14
1385.460205 8.2037e-14
1386.043579 8.035e-14
1386.626831 7.8883e-14
1387.210205 8.059e-14
1387.793579 8.1332e-14
1388.376953 7.9548e-14
1388.960205 8.1598e-14
1389.543579 7.6242e-14
1390.126953 7.4631e-14
1390.710205 7.7072e-14
1391.293579 7.687e-14
1391.876831 7.7217e-14
1392.460205 7.6552e-14
1393.043579 7.5977e-14
1393.626831 8.1058e-14
1394.210205 7.6255e-14
1394.793457 7.4178e-14
1395.376831 7.8826e-14
1395.960083 7.8074e-14
1396.543457 7.6883e-14
1397.126709 7.7569e-14
1397.710083 7.9004e-14
1398.293335 8.1526e-14
1398.876709 8.0042e-14
1399.459961 7.9909e-14
1400.043335 8.4503e-14
1400.626587 8.4926e-14
1401.209961 8.5919e-14
1401.793213 8.6488e-14
1402.376465 8.9956e-14
1402.959839 9.2234e-14
1403.543091 9.3962e-14
1404.126465 9.8352e-14
1404.709717 9.6741e-14
1405.292969 1.0455e-13
1405.876343 1.079e-13
1406.459595 1.0831e-13
1407.042847 1.1473e-13
1407.626221 1.1356e-13
1408.209473 1.1628e-13
1408.792725 1.2121e-13
1409.375977 1.2485e-13
1409.959351 1.22e-13
1410.542603 1.2951e-13
1411.125854 1.3224e-13
1411.709106 1.3371e-13
1412.29248 1.3884e-13
1412.875732 1.3669e-13
1413.458984 1.4219e-13
1414.042236 1.4802e-13
1414.625488 1.3935e-13
1415.20874 1.4645e-13
1415.792114 1.4545e-13
1416.375366 1.4783e-13
1416.958618 1.5346e-13
1417.54187 1.5039e-13
1418.125122 1.4951e-13
1418.708374 1.4989e-13
1419.291626 1.5564e-13
1419.874878 1.5901e-13
1420.45813 1.6016e-13
1421.041382 1.5751e-13
1421.624634 1.6326e-13
1422.207886 1.5856e-13
1422.791138 1.5932e-13
1423.37439 1.6212e-13
1423.957642 1.6348e-13
1424.540894 1.6065e-13
1425.124146 1.6669e-13
1425.707397 1.6583e-13
1426.290649 1.6607e-13
1426.873901 1.6585e-13
1427.457153 1.7073e-13
1428.040405 1.6941e-13
1428.623657 1.7055e-13
1429.206909 1.6921e-13
1429.790161 1.6568e-13
1430.373291 1.6876e-13
1430.956543 1.7181e-13
1431.539795 1.6894e-13
1432.123047 1.6435e-13
1432.706299 1.7057e-13
1433.289551 1.7145e-13
1433.872681 1.6674e-13
1434.455933 1.6757e-13
1435.039185 1.7041e-13
1435.622437 1.6997e-13
1436.205566 1.6431e-13
1436.788818 1.673e-13
1437.37207 1.7079e-13
1437.955322 1.7593e-13
1438.538452 1.69e-13
1439.121704 1.7459e-13
1439.704956 1.6847e-13
1440.288086 1.6721e-13
1440.871338 1.7013e-13
1441.45459 1.7533e-13
1442.03772 1.6908e-13
1442.620972 1.7603e-13
1443.204102 1.7303e-13
1443.787354 1.742e-13
1444.370605 1.7106e-13
1444.953735 1.7055e-13
1445.536987 1.7372e-13
1446.120117 1.7719e-13
1446.703369 1.7392e-13
1447.286499 1.6857e-13
1447.869751 1.7606e-13
1448.452881 1.7122e-13
1449.036133 1.7587e-13
1449.619263 1.7745e-13
1450.202515 1.7341e-13
1450.785645 1.7297e-13
1451.368896 1.7137e-13
1451.952026 1.7224e-13
1452.535278 1.7099e-13
1453.118408 1.7063e-13
1453.701538 1.7287e-13
1454.28479 1.7151e-13
1454.86792 1.6955e-13
1455.45105 1.7158e-13
1456.034302 1.7555e-13
1456.617432 1.7589e-13
1457.200684 1.7282e-13
1457.783813 1.7105e-13
1458.366943 1.7415e-13
1458.950073 1.6754e-13
1459.533325 1.7276e-13
1460.116455 1.6911e-13
1460.699585 1.7565e-13
1461.282837 1.7003e-13
1461.865967 1.7244e-13
1462.449097 1.723e-13
1463.032227 1.7182e-13
1463.615356 1.755e-13
1464.198608 1.8005e-13
1464.781738 1.7344e-13
1465.364868 1.7732e-13
1465.947998 1.8006e-13
1466.531128 1.7744e-13
1467.114258 1.713e-13
1467.69751 1.7311e-13
1468.28064 1.6847e-13
1468.86377 1.7393e-13
1469.446899 1.712e-13
1470.030029 1.7116e-13
1470.613159 1.7377e-13
1471.196289 1.6997e-13
1471.779419 1.7333e-13
1472.362549 1.7481e-13
1472.945679 1.7617e-13
1473.528809 1.703e-13
1474.111938 1.6946e-13
1474.695068 1.6948e-13
1475.278198 1.7362e-13
1475.861328 1.7289e-13
1476.444458 1.7541e-13
1477.027588 1.7762e-13
1477.610718 1.7535e-13
1478.193848 1.7047e-13
1478.776978 1.7088e-13
1479.360107 1.7401e-13
1479.943237 1.746e-13
1480.526245 1.7413e-13
1481.109375 1.7491e-13
1481.692505 1.7903e-13
1482.275635 1.7296e-13
1482.858765 1.6994e-13
1483.441895 1.7142e-13
1484.024902 1.6832e-13
1484.608032 1.6406e-13
1485.191162 1.6667e-13
1485.774292 1.6717e-13
1486.357422 1.6361e-13
1486.94043 1.7293e-13
1487.52356 1.6891e-13
1488.106689 1.6877e-13
1488.689697 1.7121e-13
1489.272827 1.7249e-13
1489.855957 1.6431e-13
1490.439087 1.7062e-13
1491.022095 1.6936e-13
1491.605225 1.7344e-13
1492.188354 1.7394e-13
1492.771362 1.7354e-13
1493.354492 1.7576e-13
1493.9375 1.7517e-13
1494.52063 1.6845e-13
1495.10376 1.749e-13
1495.686768 1.6988e-13
1496.269897 1.7104e-13
1496.852905 1.7779e-13
1497.436035 1.8032e-13
1498.019043 1.7309e-13
1498.602173 1.8149e-13
1499.185181 1.8069e-13
1499.768311 1.7356e-13
1500.351318 1.726e-13
1500.934448 1.7134e-13
1501.517456 1.7411e-13
1502.100586 1.7686e-13
1502.683594 1.7245e-13
1503.266724 1.7402e-13
1503.849731 1.7442e-13
1504.432739 1.7123e-13
1505.015869 1.7458e-13
1505.598877 1.726e-13
1506.182007 1.7241e-13
1506.765015 1.7285e-13
1507.348022 1.7258e-13
1507.931152 1.7018e-13
1508.51416 1.689e-13
1509.097168 1.664e-13
1509.680298 1.7129e-13
1510.263306 1.7064e-13
1510.846313 1.6835e-13
1511.429321 1.6638e-13
1512.012451 1.6885e-13
1512.595459 1.7246e-13
1513.178467 1.6298e-13
1513.761475 1.6706e-13
1514.344604 1.7142e-13
1514.927612 1.6948e-13
1515.51062 1.6938e-13
1516.093628 1.735e-13
1516.676636 1.6799e-13
1517.259766 1.6025e-13
1517.842773 1.6889e-13
1518.425781 1.6469e-13
1519.008789 1.6722e-13
1519.591797 1.715e-13
1520.174805 1.672e-13
1520.757812 1.6719e-13
1521.34082 1.6858e-13
1521.923828 1.6623e-13
1522.506836 1.6898e-13
1523.089844 1.6677e-13
1523.672974 1.6816e-13
1524.255981 1.6528e-13
1524.838989 1.7238e-13
1525.421997 1.6398e-13
1526.005005 1.7075e-13
1526.588013 1.6993e-13
1527.170898 1.7365e-13
1527.753906 1.7065e-13
1528.336914 1.6897e-13
1528.919922 1.7417e-13
1529.50293 1.745e-13
1530.085938 1.6952e-13
1530.668945 1.7003e-13
1531.251953 1.6619e-13
1531.834961 1.6627e-13
1532.417969 1.6164e-13
1533.000854 1.6495e-13
1533.583862 1.6517e-13
1534.16687 1.678e-13
1534.749878 1.6473e-13
1535.332886 1.667e-13
1535.915894 1.696e-13
1536.498779 1.6763e-13
1537.081787 1.7072e-13
1537.664795 1.6144e-13
1538.247803 1.7003e-13
1538.830688 1.6232e-13
1539.413696 1.7183e-13
1539.996704 1.6953e-13
1540.57959 1.6798e-13
1541.162598 1.6898e-13
1541.745605 1.7192e-13
1542.328491 1.6697e-13
1542.911499 1.6599e-13
1543.494507 1.6456e-13
1544.077393 1.7535e-13
1544.6604 1.6908e-13
1545.243408 1.6718e-13
1545.826294 1.6757e-13
1546.409302 1.6611e-13
1546.992188 1.6449e-13
1547.575195 1.5928e-13
1548.158203 1.673e-13
1548.741089 1.6443e-13
1549.324097 1.6691e-13
1549.906982 1.6554e-13
1550.48999 1.6616e-13
1551.072876 1.6596e-13
1551.655884 1.6165e-13
1552.23877 1.6261e-13
1552.821777 1.592e-13
1553.404663 1.605e-13
1553.987549 1.6185e-13
1554.570557 1.6473e-13
1555.153442 1.6427e-13
1555.73645 1.5894e-13
1556.319336 1.5839e-13
1556.902222 1.6745e-13
1557.485229 1.6285e-13
1558.068115 1.6651e-13
1558.651123 1.6368e-13
1559.234009 1.6158e-13
1559.816895 1.6008e-13
1560.39978 1.5888e-13
1560.982788 1.5836e-13
1561.565674 1.635e-13
1562.14856 1.5778e-13
1562.731567 1.5998e-13
1563.314453 1.5634e-13
1563.897339 1.604e-13
1564.480225 1.5169e-13
1565.063232 1.5343e-13
1565.646118 1.5698e-13
1566.229004 1.5998e-13
1566.81189 1.5969e-13
1567.394775 1.5674e-13
1567.977783 1.5529e-13
1568.560669 1.5505e-13
1569.143555 1.5372e-13
1569.72644 1.5784e-13
1570.309326 1.5385e-13
1570.892212 1.5916e-13
1571.475098 1.5904e-13
1572.057983 1.624e-13
1572.640869 1.6272e-13
1573.223755 1.5519e-13
1573.806763 1.6024e-13
1574.389648 1.5882e-13
1574.972534 1.6727e-13
1575.55542 1.5586e-13
1576.138306 1.6094e-13
1576.721191 1.5687e-13
1577.304077 1.5541e-13
1577.886963 1.5458e-13
1578.469849 1.5485e-13
1579.052612 1.5732e-13
1579.635498 1.5544e-13
1580.218384 1.5141e-13
1580.80127 1.5435e-13
1581.384155 1.6463e-13
1581.967041 1.5056e-13
1582.549927 1.573e-13
1583.132812 1.5767e-13
1583.715698 1.5109e-13
1584.298462 1.5531e-13
1584.881348 1.5254e-13
1585.464233 1.5718e-13
1586.047119 1.5621e-13
1586.630005 1.5673e-13
1587.212891 1.5562e-13
1587.795654 1.4887e-13
1588.37854 1.5073e-13
1588.961426 1.5364e-13
1589.544312 1.6015e-13
1590.127075 1.5767e-13
1590.709961 1.5502e-13
1591.292847 1.5156e-13
1591.87561 1.5512e-13
1592.458496 1.5437e-13
1593.041382 1.5199e-13
1593.624146 1.5095e-13
1594.207031 1.4913e-13
1594.789917 1.5599e-13
1595.372681 1.5433e-13
1595.955566 1.552e-13
1596.538452 1.5682e-13
1597.121216 1.5914e-13
1597.704102 1.5114e-13
1598.286865 1.5818e-13
1598.869751 1.6139e-13
1599.452515 1.5711e-13
1600.0354 1.5345e-13
1600.618286 1.5042e-13
1601.20105 1.4776e-13
1601.783936 1.5513e-13
1602.366699 1.4497e-13
1602.949585 1.563e-13
1603.532349 1.5358e-13
1604.115112 1.511e-13
1604.697998 1.5945e-13
1605.280762 1.6123e-13
1605.863647 1.4417e-13
1606.446411 1.464e-13
1607.029297 1.4257e-13
1607.612061 1.5222e-13
1608.194824 1.5573e-13
1608.77771 1.573e-13
1609.360474 1.5474e-13
1609.943237 1.5132e-13
1610.526123 1.5883e-13
1611.108887 1.5662e-13
1611.69165 1.5008e-13
1612.274536 1.504e-13
1612.8573 1.5533e-13
1613.440063 1.5362e-13
1614.022827 1.5967e-13
1614.605713 1.5009e-13
1615.188477 1.5452e-13
1615.77124 1.5491e-13
1616.354004 1.6082e-13
1616.93689 1.5355e-13
1617.519653 1.5118e-13
1618.102417 1.4895e-13
1618.685181 1.5722e-13
1619.267944 1.536e-13
1619.850708 1.5391e-13
1620.433594 1.5303e-13
1621.016357 1.5291e-13
1621.599121 1.5238e-13
1622.181885 1.5878e-13
1622.764648 1.5784e-13
1623.347412 1.5243e-13
1623.930176 1.6144e-13
1624.512939 1.5855e-13
1625.095703 1.6071e-13
1625.678467 1.5788e-13
1626.26123 1.5628e-13
1626.843994 1.5585e-13
1627.426758 1.5941e-13
1628.009521 1.6178e-13
1628.592285 1.554e-13
1629.175049 1.6322e-13
1629.757812 1.5313e-13
1630.340576 1.6382e-13
1630.92334 1.599e-13
1631.506104 1.6107e-13
1632.088867 1.5563e-13
1632.671631 1.6473e-13
1633.254395 1.6085e-13
1633.837158 1.6083e-13
1634.419922 1.5742e-13
1635.002563 1.6148e-13
1635.585327 1.6624e-13
1636.168091 1.6265e-13
1636.750854 1.5703e-13
1637.333618 1.6129e-13
1637.916382 1.6496e-13
1638.499023 1.509e-13
1639.081787 1.6081e-13
1639.664551 1.5948e-13
1640.247314 1.5688e-13
1640.829956 1.6045e-13
1641.41272 1.6227e-13
1641.995483 1.5632e-13
1642.578125 1.5776e-13
1643.160889 1.5756e-13
1643.743652 1.6125e-13
1644.326416 1.6324e-13
1644.909058 1.6406e-13
1645.491821 1.6115e-13
1646.074463 1.6516e-13
1646.657227 1.6307e-13
1647.23999 1.6508e-13
1647.822632 1.6742e-13
1648.405396 1.724e-13
1648.988037 1.6697e-13
1649.570801 1.658e-13
1650.153564 1.6408e-13
1650.736206 1.6994e-13
1651.31897 1.7321e-13
1651.901611 1.6246e-13
1652.484375 1.6791e-13
1653.067017 1.6937e-13
1653.64978 1.6612e-13
1654.232422 1.6279e-13
1654.815186 1.6453e-13
1655.397827 1.7766e-13
1655.980591 1.6097e-13
1656.563232 1.5781e-13
1657.145874 1.5869e-13
1657.728638 1.6709e-13
1658.311279 1.6404e-13
1658.894043 1.634e-13
1659.476685 1.6909e-13
1660.059326 1.6068e-13
1660.64209 1.6462e-13
1661.224731 1.6583e-13
1661.807373 1.6207e-13
1662.390137 1.6201e-13
1662.972778 1.6203e-13
1663.55542 1.629e-13
1664.138184 1.4886e-13
1664.720825 1.6991e-13
1665.303467 1.5991e-13
1665.886108 1.6335e-13
1666.468872 1.6495e-13
1667.051514 1.6218e-13
1667.634155 1.6461e-13
1668.216797 1.6301e-13
1668.799438 1.7442e-13
1669.382202 1.5358e-13
1669.964844 1.6892e-13
1670.547485 1.6009e-13
1671.130127 1.5935e-13
1671.712769 1.6438e-13
1672.29541 1.6815e-13
1672.878052 1.6293e-13
1673.460815 1.6944e-13
1674.043457 1.6658e-13
1674.626099 1.6043e-13
1675.20874 1.6721e-13
1675.791382 1.7335e-13
1676.374023 1.6932e-13
1676.956665 1.6792e-13
1677.539307 1.6411e-13
1679.355103 1.7457e-13
1680.899536 1.5847e-13
1682.443848 1.6679e-13
1683.988281 1.6167e-13
1685.532715 1.6783e-13
1687.077148 1.6818e-13
1688.621582 1.652e-13
1690.166016 1.6578e-13
1691.710571 1.7449e-13
1693.255005 1.6316e-13
1694.799438 1.6921e-13
1696.343994 1.7255e-13
1697.888428 1.7304e-13
1699.432983 1.6985e-13
1700.977417 1.6909e-13
1702.521973 1.6773e-13
1704.066528 1.6819e-13
1705.611084 1.6841e-13
1707.15564 1.6126e-13
1708.700195 1.6347e-13
1710.244751 1.6734e-13
1711.789307 1.6182e-13
1713.333862 1.6114e-13
1714.87854 1.6651e-13
1716.423096 1.6811e-13
1717.967773 1.7162e-13
1719.512329 1.6473e-13
1721.057007 1.703e-13
1722.601562 1.6711e-13
1724.14624 1.643e-13
1725.690918 1.6679e-13
1727.235596 1.6871e-13
1728.780273 1.6959e-13
1730.324951 1.6485e-13
1731.869629 1.6698e-13
1733.414307 1.6338e-13
1734.959106 1.6089e-13
1736.503784 1.6294e-13
1738.048462 1.6435e-13
1739.593262 1.6085e-13
1741.138062 1.5942e-13
1742.682739 1.6197e-13
1744.227539 1.5856e-13
1745.772339 1.585e-13
1747.317139 1.6192e-13
1748.861938 1.5771e-13
1750.406738 1.569e-13
1751.951538 1.5982e-13
1753.496338 1.5985e-13
1755.041138 1.6089e-13
1756.58606 1.559e-13
1758.130859 1.5523e-13
1759.675659 1.5974e-13
1761.220581 1.5498e-13
1762.765503 1.5497e-13
1764.310303 1.6231e-13
1765.855225 1.5611e-13
1767.400146 1.5528e-13
1768.945068 1.5215e-13
1770.48999 1.5785e-13
1772.034912 1.6198e-13
1773.579834 1.5086e-13
1775.124756 1.5663e-13
1776.6698 1.551e-13
1778.214722 1.5527e-13
1779.759766 1.5405e-13
1781.304688 1.5541e-13
1782.849731 1.521e-13
1784.394653 1.5652e-13
1785.939697 1.5778e-13
1787.484741 1.533e-13
1789.029785 1.5706e-13
1790.574829 1.5315e-13
1792.119873 1.5122e-13
1793.664917 1.519e-13
1795.209961 1.5697e-13
1796.755005 1.5735e-13
1798.300171 1.5316e-13
1799.845215 1.5294e-13
1801.390381 1.4983e-13
1802.935425 1.5258e-13
1804.480591 1.5317e-13
1806.025757 1.5311e-13
1807.570801 1.5476e-13
1809.115967 1.5456e-13
1810.661133 1.53e-13
1812.206299 1.5123e-13
1813.751465 1.5214e-13
1815.296753 1.4786e-13
1816.841919 1.4804e-13
1818.387085 1.5038e-13
1819.932373 1.5204e-13
1821.477539 1.4954e-13
1823.022827 1.5008e-13
1824.567993 1.4251e-13
1826.113281 1.4882e-13
1827.658569 1.4303e-13
1829.203735 1.4451e-13
1830.749023 1.4267e-13
1832.294312 1.4816e-13
1833.8396 1.4859e-13
1835.38501 1.4359e-13
1836.930298 1.4924e-13
1838.475586 1.4495e-13
1840.020874 1.4404e-13
1841.566284 1.455e-13
1843.111572 1.4363e-13
1844.656982 1.4973e-13
1846.202393 1.4369e-13
1847.747681 1.4463e-13
1849.293091 1.4332e-13
1850.838501 1.4603e-13
1852.383911 1.4915e-13
1853.929321 1.5253e-13
1855.474731 1.4304e-13
1857.020142 1.4578e-13
1858.565674 1.465e-13
1860.111084 1.4009e-13
1861.656494 1.4517e-13
1863.202026 1.4617e-13
1864.747437 1.3962e-13
1866.292969 1.4573e-13
1867.838501 1.451e-13
1869.383911 1.4409e-13
1870.929443 1.4367e-13
1872.474976 1.4619e-13
1874.020508 1.4407e-13
1875.56604 1.441e-13
1877.111572 1.4208e-13
1878.657227 1.4359e-13
1880.202759 1.4651e-13
1881.748291 1.4481e-13
1883.293945 1.4296e-13
1884.839478 1.3931e-13
1886.385132 1.4002e-13
1887.930786 1.4131e-13
1889.476318 1.3707e-13
1891.021973 1.4235e-13
1892.567627 1.386e-13
1894.113281 1.4341e-13
1895.658936 1.4762e-13
1897.20459 1.3946e-13
1898.750244 1.4065e-13
1900.296021 1.3901e-13
1901.841675 1.3804e-13
1903.387329 1.4466e-13
1904.933105 1.39e-13
1906.47876 1.3926e-13
1908.024536 1.3929e-13
1909.570312 1.3735e-13
1911.116089 1.358e-13
1912.661743 1.3961e-13
1914.20752 1.3644e-13
1915.753296 1.3835e-13
1917.299194 1.4141e-13
1918.844971 1.3672e-13
1920.390747 1.3343e-13
1921.936523 1.3703e-13
1923.482422 1.3808e-13
1925.028198 1.3557e-13
1926.574097 1.3161e-13
1928.119873 1.3805e-13
1929.665771 1.3657e-13
1931.21167 1.3908e-13
1932.757568 1.3552e-13
1934.303345 1.3308e-13
1935.849243 1.3458e-13
1937.395142 1.3223e-13
1938.941162 1.3496e-13
1940.487061 1.285e-13
1942.032959 1.3321e-13
1943.578857 1.3241e-13
1945.124878 1.3669e-13
1946.670776 1.332e-13
1948.216797 1.3039e-13
1949.762817 1.401e-13
1951.308716 1.3274e-13
1952.854736 1.3737e-13
1954.400757 1.3604e-13
1955.946777 1.3092e-13
1957.492798 1.2989e-13
1959.038818 1.3088e-13
1960.584839 1.3202e-13
1962.130981 1.3437e-13
1963.677002 1.3464e-13
1965.223022 1.3353e-13
1966.769165 1.3759e-13
1968.315186 1.2744e-13
1969.861328 1.3013e-13
1971.407471 1.3345e-13
1972.953491 1.3515e-13
1974.499634 1.3044e-13
1976.045776 1.3017e-13
1977.591919 1.3262e-13
1979.138062 1.3179e-13
1980.684204 1.2991e-13
1982.230469 1.3168e-13
1983.776611 1.2803e-13
1985.322754 1.294e-13
1986.869019 1.2936e-13
1988.415161 1.3123e-13
1989.961426 1.2922e-13
1991.50769 1.29e-13
1993.053833 1.3193e-13
1994.600098 1.255e-13
1996.146362 1.2585e-13
1997.692627 1.2782e-13
1999.238892 1.2557e-13
2000.785156 1.2817e-13
2002.331421 1.2491e-13
2003.877808 1.2626e-13
2005.424072 1.2652e-13
2006.970337 1.2806e-13
2008.516724 1.2548e-13
2010.06311 1.2604e-13
2011.609375 1.2626e-13
2013.155762 1.2249e-13
2014.702148 1.2503e-13
2016.248535 1.2372e-13
2017.7948 1.2582e-13
2019.341187 1.2661e-13
2020.887695 1.2765e-13
2022.434082 1.2598e-13
2023.980469 1.2508e-13
2025.526855 1.2457e-13
2027.073364 1.266e-13
2028.619751 1.2122e-13
2030.16626 1.2975e-13
2031.712646 1.2801e-13
2033.259155 1.2402e-13
2034.805664 1.2466e-13
2036.352173 1.2536e-13
2037.898682 1.2409e-13
2039.44519 1.2708e-13
2040.991699 1.2502e-13
2042.538208 1.254e-13
2044.084717 1.2601e-13
2045.631226 1.2547e-13
2047.177856 1.2861e-13
2048.724365 1.2576e-13
2050.270996 1.2749e-13
2051.817627 1.2477e-13
2053.364014 1.2793e-13
2054.910645 1.2467e-13
2056.457275 1.2255e-13
2058.003906 1.2407e-13
2059.550537 1.2737e-13
2061.097168 1.2414e-13
2062.643799 1.2197e-13
2064.19043 1.2597e-13
2065.737061 1.255e-13
2067.283936 1.2424e-13
2068.830566 1.2416e-13
2070.377197 1.2392e-13
2071.923828 1.2095e-13
2073.470703 1.2309e-13
2075.017334 1.2145e-13
2076.563965 1.2145e-13
2078.11084 1.217e-13
2079.657471 1.203e-13
2081.204346 1.1913e-13
2082.750977 1.1929e-13
2084.297852 1.1806e-13
2085.844482 1.1947e-13
2087.391357 1.1991e-13
2088.938232 1.2017e-13
2090.485107 1.1862e-13
2092.031738 1.1805e-13
2093.578613 1.1966e-13
2095.125488 1.1959e-13
2096.672363 1.1926e-13
2098.219238 1.2124e-13
2099.766113 1.1828e-13
2101.312988 1.1899e-13
2102.859863 1.1692e-13
2104.406738 1.1788e-13
2105.953613 1.1871e-13
2107.500488 1.2023e-13
2109.047363 1.1789e-13
2110.594238 1.2127e-13
2112.141357 1.1605e-13
2113.688232 1.202e-13
2115.235107 1.1938e-13
2116.782227 1.1584e-13
2118.329102 1.1706e-13
2119.875977 1.1937e-13
2121.423096 1.1759e-13
2122.969971 1.1855e-13
2124.51709 1.1536e-13
2126.064209 1.1646e-13
2127.611084 1.1983e-13
2129.158203 1.1816e-13
2130.705322 1.1591e-13
2132.252197 1.1813e-13
2133.799316 1.1931e-13
2135.346436 1.1833e-13
2136.893555 1.1647e-13
2138.440674 1.1669e-13
2139.987793 1.1803e-13
2141.534912 1.167e-13
2143.082031 1.1879e-13
2144.62915 1.1755e-13
2146.17627 1.1519e-13
2147.723389 1.1466e-13
2149.270508 1.1514e-13
2150.817627 1.1532e-13
2152.364746 1.1189e-13
2153.912109 1.1431e-13
2155.459229 1.1373e-13
2157.006348 1.1606e-13
2158.553711 1.1654e-13
2160.10083 1.1196e-13
2161.647949 1.1503e-13
2163.195312 1.1183e-13
2164.742432 1.169e-13
2166.289795 1.1442e-13
2167.837158 1.1431e-13
2169.384277 1.1159e-13
2170.931641 1.1429e-13
2172.479004 1.1332e-13
2174.026123 1.1354e-13
2175.573486 1.1358e-13
2177.12085 1.1066e-13
2178.668213 1.1455e-13
2180.215576 1.1537e-13
2181.762939 1.125e-13
2183.310303 1.1293e-13
2184.857666 1.1289e-13
2186.405029 1.1413e-13
2187.952393 1.1197e-13
2189.499756 1.1332e-13
2191.047119 1.1136e-13
2192.594482 1.1233e-13
2194.141846 1.122e-13
2195.689453 1.1211e-13
2197.236816 1.1351e-13
2198.78418 1.1321e-13
2200.331787 1.1131e-13
2201.87915 1.1081e-13
2203.426758 1.1003e-13
2204.974121 1.0948e-13
2206.521729 1.0954e-13
2208.069092 1.1092e-13
2209.616699 1.0791e-13
2211.164062 1.0809e-13
2212.71167 1.0745e-13
2214.259277 1.0874e-13
2215.806885 1.1199e-13
2217.354248 1.083e-13
2218.901855 1.0935e-13
2220.449463 1.0916e-13
2221.99707 1.0789e-13
2223.544678 1.0799e-13
2225.092285 1.0709e-13
2226.639893 1.0953e-13
2228.1875 1.0582e-13
2229.735107 1.0701e-13
2231.282715 1.0992e-13
2232.830322 1.0719e-13
2234.378174 1.0492e-13
2235.925781 1.0552e-13
2237.473389 1.0615e-13
2239.02124 1.0677e-13
2240.568848 1.053e-13
2242.116455 1.0516e-13
2243.664307 1.0887e-13
2245.211914 1.0659e-13
2246.759766 1.0635e-13
2248.307373 1.0476e-13
2249.855225 1.0713e-13
2251.402832 1.0564e-13
2252.950684 1.0713e-13
2254.498535 1.0548e-13
2256.046143 1.0575e-13
2257.593994 1.0941e-13
2259.141846 1.0734e-13
2260.689697 1.0305e-13
2262.237549 1.0706e-13
2263.7854 1.0705e-13
2265.333252 1.0475e-13
2266.881104 1.057e-13
2268.428955 1.0515e-13
2269.976807 1.0525e-13
2271.524658 1.0828e-13
2273.07251 1.0684e-13
2274.620361 1.066e-13
2276.168213 1.0413e-13
2277.716309 1.0553e-13
2279.26416 1.0691e-13
2280.812012 1.0254e-13
2282.360107 1.0342e-13
2283.907959 1.0894e-13
2285.455811 1.025e-13
2287.003906 1.0264e-13
2288.551758 1.0526e-13
2290.099854 1.0669e-13
2291.647949 1.0585e-13
2293.195801 1.051e-13
2294.743896 1.0439e-13
2296.291992 1.045e-13
2297.839844 1.0423e-13
2299.387939 1.0235e-13
2300.936035 1.0435e-13
2302.484131 1.0147e-13
2304.032227 1.0273e-13
2305.580322 9.9294e-14
2307.128418 1.0401e-13
2308.676514 1.0112e-13
2310.224609 1.0133e-13
2311.772705 1.0049e-13
2313.320801 1.0109e-13
2314.868896 1.0134e-13
2316.416992 9.9914e-14
2317.965088 9.9781e-14
2319.513428 1.0379e-13
2321.061523 1.01e-13
2322.609619 9.9387e-14
2324.157959 9.8688e-14
2325.706055 1.0162e-13
2327.254395 1.0279e-13
2328.80249 1.0114e-13
2330.35083 1.0144e-13
2331.898926 9.992e-14
2333.447266 1.0044e-13
2334.995361 9.8857e-14
2336.543701 9.8285e-14
2338.092041 9.6585e-14
2339.640381 1.0035e-13
2341.188477 9.7282e-14
2342.736816 9.8751e-14
2344.285156 9.7381e-14
2345.833496 9.7484e-14
2347.381836 9.8372e-14
2348.930176 9.7121e-14
2350.478516 1.0087e-13
2352.026855 9.7345e-14
2353.575195 9.7078e-14
2355.123535 9.7589e-14
2356.671875 9.9783e-14
2358.220459 9.7281e-14
2359.768799 9.7929e-14
2361.317139 9.9274e-14
2362.865479 9.5981e-14
2364.414062 9.8402e-14
2365.962402 9.9672e-14
2367.510986 9.6287e-14
2369.059326 9.6887e-14
2370.60791 9.8273e-14
2372.15625 9.6913e-14
2373.704834 9.825e-14
2375.253174 9.7257e-14
2376.801758 9.949e-14
2378.350342 9.5324e-14
2379.898682 9.816e-14
2381.447266 9.5785e-14
2382.99585 9.4605e-14
2384.544434 9.3693e-14
2386.093018 9.7243e-14
2387.641602 9.7897e-14
2389.190186 9.7546e-14
2390.73877 9.6808e-14
2392.287354 9.5905e-14
2393.835938 9.7746e-14
2395.384521 9.5595e-14
2396.933105 9.5249e-14
2398.481689 9.5355e-14
2400.030273 9.5649e-14
2401.579102 9.4316e-14
2403.127686 9.3385e-14
2404.67627 9.5407e-14
2406.225098 9.7101e-14
2407.773682 9.4791e-14
2409.322266 9.5392e-14
2410.871094 9.4906e-14
2412.419678 9.6377e-14
2413.968506 9.6289e-14
2415.517334 9.5504e-14
2417.065918 9.2317e-14
2418.614746 9.2066e-14
2420.163574 9.3175e-14
2421.712158 9.2557e-14
2423.260986 9.445e-14
2424.809814 9.282e-14
2426.358643 9.2318e-14
2427.907471 9.3399e-14
2429.456299 9.3073e-14
2431.004883 9.4344e-14
2432.553711 9.2515e-14
2434.102783 9.0499e-14
2435.651611 9.1221e-14
2437.200439 9.2106e-14
2438.749268 9.4144e-14
2440.298096 9.219e-14
2441.846924 9.3495e-14
2443.395996 9.3324e-14
2444.944824 9.0859e-14
2446.493652 9.1804e-14
2448.042725 9.149e-14
2449.591553 9.1349e-14
2451.140381 9.0798e-14
2452.689453 9.2632e-14
2454.238525 9.1452e-14
2455.787354 9.0613e-14
2457.336426 9.1423e-14
2458.885254 9.076e-14
2460.434326 9.0359e-14
2461.983398 9.1134e-14
2463.532227 9.1204e-14
2465.081299 9.0384e-14
2466.630371 8.9423e-14
2468.179443 9.06e-14
2469.728516 8.9341e-14
2471.277588 8.9803e-14
2472.82666 8.7922e-14
2474.375732 8.713e-14
2475.924805 9.002e-14
2477.473877 8.9609e-14
2479.022949 8.7647e-14
2480.572021 8.9021e-14
2482.121094 8.8728e-14
2483.67041 9.0998e-14
2485.219482 9.0568e-14
2486.768555 8.979e-14
2488.317871 9.0014e-14
2489.866943 9.0658e-14
2491.41626 8.957e-14
2492.965332 8.8862e-14
2494.514404 8.9425e-14
2496.063721 8.9824e-14
2497.613037 8.7573e-14
2499.162109 8.6449e-14
2500.711426 8.7578e-14
2502.260742 8.7393e-14
2503.809814 8.6417e-14
2505.359131 8.9069e-14
2506.908447 8.9464e-14
2508.457764 8.8399e-14
2510.00708 8.7125e-14
2511.556396 8.7181e-14
2513.105469 8.7019e-14
2514.654785 8.5905e-14
2516.204346 8.6791e-14
2517.753662 8.9772e-14
2519.302979 8.813e-14
2520.852295 8.7737e-14
2522.401611 8.734e-14
2523.950928 8.5543e-14
2525.500244 8.7081e-14
2527.049805 8.6261e-14
2528.599121 8.5573e-14
2530.148438 8.6062e-14
2531.697998 8.5197e-14
2533.247314 8.4974e-14
2534.796875 8.5106e-14
2536.346191 8.6439e-14
2537.895752 8.5832e-14
2539.445312 8.4178e-14
2540.994629 8.5904e-14
2542.544189 8.4922e-14
2544.09375 8.5114e-14
2545.643066 8.5142e-14
2547.192627 8.4047e-14
2548.742188 8.7314e-14
2550.291748 8.5815e-14
2551.841309 8.183e-14
2553.390869 8.4601e-14
2554.94043 8.5747e-14
2556.48999 8.499e-14
2558.039551 8.5629e-14
2559.589111 8.3049e-14
2561.138672 8.3608e-14
2562.688232 8.3052e-14
2564.237793 8.3735e-14
2565.787354 8.6489e-14
2567.337158 8.3468e-14
2568.886719 8.331e-14
2570.436279 8.2772e-14
2571.986084 8.3592e-14
2573.535645 8.4267e-14
2575.085449 8.2584e-14
2576.63501 8.2812e-14
2578.184814 8.3882e-14
2579.734375 8.6006e-14
2581.28418 8.5734e-14
2582.83374 8.316e-14
2584.383545 8.2376e-14
2585.93335 8.0238e-14
2587.483154 8.2502e-14
2589.032715 8.1732e-14
2590.58252 8.5077e-14
2592.132324 8.3447e-14
2593.682129 8.0898e-14
2595.231934 8.2699e-14
2596.781738 8.0632e-14
2598.331543 8.2099e-14
2599.881348 8.0274e-14
2601.431152 8.2005e-14
2602.980957 8.1851e-14
2604.530762 8.3197e-14
2606.080811 8.2869e-14
2607.630615 8.2609e-14
2609.18042 8.257e-14
2610.730469 8.4718e-14
2612.280273 8.2698e-14
2613.830078 8.3201e-14
2615.380127 8.219e-14
2616.929932 8.1988e-14
2618.47998 8.4017e-14
2620.029785 8.3714e-14
2621.579834 8.3638e-14
2623.129883 8.3279e-14
2624.679688 8.0794e-14
2626.229736 8.1307e-14
2627.779785 8.1551e-14
2629.32959 8.2061e-14
2630.879639 8.1494e-14
2632.429688 8.0896e-14
2633.979736 8.0507e-14
2635.529785 8.1551e-14
2637.079834 8.0475e-14
2638.629883 8.1353e-14
2640.179932 8.01e-14
2641.72998 8.1617e-14
2643.280029 7.9631e-14
2644.830078 7.8096e-14
2646.380127 8.142e-14
2647.93042 7.9949e-14
2649.480469 8.0469e-14
2651.030518 8.0112e-14
2652.580811 7.9647e-14
2654.130859 8.1786e-14
2655.680908 7.9732e-14
2657.231201 7.9244e-14
2658.78125 7.9558e-14
2660.331543 7.8616e-14
2661.881592 7.9264e-14
2663.431885 7.8737e-14
2664.982178 8.0244e-14
2666.532227 7.835e-14
2668.08252 7.9241e-14
2669.632812 7.7855e-14
2671.183105 7.8338e-14
2672.733154 7.6307e-14
2674.283447 7.9021e-14
2675.83374 8.013e-14
2677.384033 7.8639e-14
2678.934326 8.0056e-14
2680.484619 7.8103e-14
2682.034912 7.8416e-14
2683.585205 7.925e-14
2685.135498 7.8074e-14
2686.686035 7.9483e-14
2688.236328 7.7977e-14
2689.786621 7.7467e-14
2691.336914 7.8522e-14
2692.887451 7.5318e-14
2694.437744 7.8385e-14
2695.988037 7.8978e-14
2697.538574 7.9251e-14
2699.088867 7.7635e-14
2700.639404 7.758e-14
2702.189697 7.6631e-14
2703.740234 7.7657e-14
2705.290771 7.8362e-14
2706.841064 7.5221e-14
2708.391602 7.7148e-14
2709.942139 7.5215e-14
2711.492432 7.6926e-14
2713.042969 7.7966e-14
2714.593506 7.7074e-14
2716.144043 7.8004e-14
2717.69458 7.5388e-14
2719.245117 7.6621e-14
2720.795654 7.5594e-14
2722.346191 7.5693e-14
2723.896729 7.6825e-14
2725.447266 7.7628e-14
2726.997803 7.638e-14
2728.54834 7.5174e-14
2730.099121 7.6599e-14
2731.649658 7.5244e-14
2733.200195 7.5064e-14
2734.750732 7.5112e-14
2736.301514 7.6449e-14
2737.852051 7.3042e-14
2739.402832 7.5258e-14
2740.953369 7.5082e-14
2742.50415 7.7325e-14
2744.054688 7.461e-14
2745.605469 7.528e-14
2747.156006 7.6451e-14
2748.706787 7.4067e-14
2750.257568 7.5196e-14
2751.80835 7.2535e-14
2753.358887 7.394e-14
2754.909668 7.2537e-14
2756.460449 6.9204e-14
2758.01123 7.4198e-14
2759.562012 7.4308e-14
2761.112793 7.3771e-14
2762.663574 7.3745e-14
2764.214355 7.4407e-14
2765.765137 7.4415e-14
2767.315918 7.6485e-14
2768.866699 7.1171e-14
2770.417725 7.2699e-14
2771.968506 7.2796e-14
2773.519287 7.2935e-14
2775.070068 7.2718e-14
2776.621094 7.445e-14
2778.171875 7.2491e-14
2779.7229 7.3632e-14
2781.273682 7.2711e-14
2782.824707 7.2674e-14
2784.375488 7.5002e-14
2785.926514 7.3572e-14
2787.477295 7.3691e-14
2789.02832 7.2502e-14
2790.579346 7.3252e-14
2792.130127 7.1853e-14
2793.681152 7.0881e-14
2795.232178 7.1097e-14
2796.783203 7.3812e-14
2798.334229 7.2924e-14
2799.885254 7.2719e-14
2801.436279 6.9834e-14
2802.987305 7.0678e-14
2804.53833 7.2684e-14
2806.089355 7.2553e-14
2807.640381 7.1281e-14
2809.191406 7.0382e-14
2810.742432 7.1312e-14
2812.293457 7.3576e-14
2813.844727 7.0392e-14
2815.395752 7.1855e-14
2816.946777 7.0238e-14
2818.498047 7.0389e-14
2820.049072 7.0239e-14
2821.600098 6.9863e-14
2823.151367 7.0149e-14
2824.702393 7.2048e-14
2826.253662 7.0412e-14
2827.804932 6.9824e-14
2829.355957 6.6746e-14
2830.907227 6.8128e-14
2832.458496 6.8479e-14
2834.009521 6.6193e-14
2835.560791 6.9586e-14
2837.112061 6.9177e-14
2838.66333 6.8349e-14
2840.2146 6.9926e-14
2841.765869 6.8617e-14
2843.317139 6.8701e-14
2844.868408 7.0928e-14
2846.419678 6.9771e-14
2847.970947 7.0384e-14
2849.522217 6.8146e-14
2851.073486 6.9154e-14
2852.624756 6.8383e-14
2854.176025 6.8125e-14
2855.727539 7.0151e-14
2857.278809 6.8802e-14
2858.830078 6.7793e-14
2860.381592 6.7347e-14
2861.932861 6.7938e-14
2863.484375 6.9001e-14
2865.035645 6.7924e-14
2866.587158 6.7358e-14
2868.138428 6.8766e-14
2869.689941 6.8635e-14
2871.241455 6.8513e-14
2872.792725 6.9684e-14
2874.344238 6.6468e-14
2875.895752 6.7755e-14
2877.447266 6.8075e-14
2878.998535 6.6102e-14
2880.550049 6.8678e-14
2882.101562 6.7861e-14
2883.653076 6.5897e-14
2885.20459 6.6334e-14
2886.756104 6.6614e-14
2888.307617 6.8094e-14
2889.859131 6.8519e-14
2891.410645 6.752e-14
2892.962402 6.8491e-14
2894.513916 6.8255e-14
2896.06543 6.7581e-14
2897.616943 6.4672e-14
2899.168701 6.5725e-14
2900.720215 6.6562e-14
2902.271729 6.7553e-14
2903.823486 6.7186e-14
2905.375 6.485e-14
2906.926758 6.6611e-14
2908.478271 6.512e-14
2910.030029 6.7485e-14
2911.581787 6.5299e-14
2913.133301 6.491e-14
2914.685059 6.833e-14
2916.236816 6.641e-14
2917.788574 6.5408e-14
2919.340088 6.7163e-14
2920.891846 6.624e-14
2922.443604 6.644e-14
2923.995361 6.5907e-14
2925.547119 6.4047e-14
2927.098877 6.4387e-14
2928.650635 6.5339e-14
2930.202393 6.5598e-14
2931.75415 6.5541e-14
2933.306152 6.5177e-14
2934.85791 6.5237e-14
2936.409668 6.5817e-14
2937.961426 6.586e-14
2939.513428 6.3366e-14
2941.065186 6.4474e-14
2942.616943 6.4868e-14
2944.168945 6.4284e-14
2945.720703 6.5704e-14
2947.272705 6.4986e-14
2948.824463 6.3687e-14
2950.376465 6.4625e-14
2951.928223 6.4807e-14
2953.480225 6.4693e-14
2955.032227 6.343e-14
2956.583984 6.4929e-14
2958.135986 6.192e-14
2959.687988 6.301e-14
2961.23999 6.165e-14
2962.791992 6.4741e-14
2964.343994 6.3087e-14
2965.895996 6.3407e-14
2967.447998 6.1276e-14
2969.0 6.591e-14
2970.552002 6.2791e-14
2972.104004 6.3994e-14
2973.656006 6.3685e-14
2975.208008 6.5085e-14
2976.76001 6.5041e-14
2978.312256 6.4474e-14
2979.864258 6.391e-14
2981.41626 6.3823e-14
2982.968506 6.4634e-14
2984.520508 6.2942e-14
2986.07251 6.2716e-14
2987.624756 6.3297e-14
2989.176758 6.4847e-14
2990.729004 6.4717e-14
2992.28125 6.4402e-14
2993.833252 6.4265e-14
2995.385498 6.2377e-14
2996.937744 6.321e-14
2998.489746 6.2432e-14
3000.041992 6.4515e-14
3001.594238 6.1276e-14
3003.146484 6.2015e-14
3004.69873 6.3537e-14
3006.250977 6.0888e-14
3007.803223 6.3321e-14
3009.355469 6.1894e-14
3010.907715 5.98e-14
3012.459961 6.1958e-14
3014.012207 6.0183e-14
3015.564453 6.1165e-14
3017.116699 6.4659e-14
3018.669189 6.2556e-14
3020.221436 6.0462e-14
3021.773682 6.1522e-14
3023.326172 6.2514e-14
3024.878418 6.392e-14
3026.430664 6.0104e-14
3027.983154 6.2188e-14
3029.5354 5.9749e-14
3031.087891 6.2365e-14
3032.640137 6.0979e-14
3034.192627 6.2014e-14
3035.745117 5.9981e-14
3037.297363 6.2338e-14
3038.849854 6.0337e-14
3040.402344 6.0034e-14
3041.954834 6.1874e-14
3043.507324 5.643e-14
3045.05957 6.0959e-14
3046.612061 6.1128e-14
3048.164551 6.1261e-14
3049.717041 6.102e-14
3051.269531 6.1327e-14
3052.822021 6.0165e-14
3054.374512 6.1729e-14
3055.927246 6.2221e-14
3057.479736 5.9949e-14
3059.032227 6.0945e-14
3060.584717 5.865e-14
3062.137451 6.062e-14
3063.689941 5.9999e-14
3067.205322 6.0482e-14
3069.95166 5.8387e-14
3072.697998 6.1409e-14
3075.444336 5.893e-14
3078.190674 6.0301e-14
3080.937012 5.9129e-14
3083.683594 5.9379e-14
3086.429932 5.8623e-14
3089.17627 6.0057e-14
3091.922852 5.854e-14
3094.669434 5.8489e-14
3097.415771 5.7654e-14
3100.162354 5.7959e-14
3102.908936 5.6111e-14
3105.655518 5.7668e-14
3108.4021 5.9207e-14
3111.148682 5.9263e-14
3113.895264 5.7203e-14
3116.641846 5.7764e-14
3119.388672 5.568e-14
3122.135254 5.6976e-14
3124.88208 5.6167e-14
3127.628662 5.7347e-14
3130.375488 5.7677e-14
3133.12207 5.7326e-14
3135.868896 5.7312e-14
3138.615723 5.6001e-14
3141.362549 5.6995e-14
3144.109375 5.7137e-14
3146.856201 5.6496e-14
3149.603027 5.6173e-14
3152.349854 5.5788e-14
3155.09668 5.5616e-14
3157.843506 5.6019e-14
3160.590576 5.6322e-14
3163.337402 5.4351e-14
3166.084473 5.744e-14
3168.831299 5.6854e-14
3171.578369 5.5792e-14
3174.325195 5.3652e-14
3177.072266 5.3984e-14
3179.819336 5.5352e-14
3182.566406 5.6567e-14
3185.313477 5.6143e-14
3188.060547 5.6175e-14
3190.807617 5.6147e-14
3193.554688 5.5572e-14
3196.301758 5.3961e-14
3199.048828 5.4423e-14
3201.796143 5.3704e-14
3204.543213 5.4544e-14
3207.290283 5.3544e-14
3210.037598 5.4931e-14
3212.784668 5.4989e-14
3215.531982 5.525e-14
3218.279297 5.4413e-14
3221.026611 5.3399e-14
3223.773682 5.4602e-14
3226.520996 5.4567e-14
3229.268311 5.5962e-14
3232.015625 5.2207e-14
3234.762939 5.4545e-14
3237.510254 5.4675e-14
3240.257812 5.2655e-14
3243.005127 5.2541e-14
3245.752441 5.3094e-14
3248.499756 5.3375e-14
3251.247314 5.1542e-14
3253.994629 5.2793e-14
3256.742188 5.2957e-14
3259.489502 5.2369e-14
3262.237061 5.1695e-14
3264.984619 5.2409e-14
3267.732178 5.1728e-14
3270.479492 5.1817e-14
3273.227051 5.2551e-14
3275.974609 5.2256e-14
3278.722168 5.175e-14
3281.469727 5.1405e-14
3284.217285 5.277e-14
3286.964844 5.3022e-14
3289.712646 5.1347e-14
3292.460205 5.1679e-14
3295.207764 5.1674e-14
3297.955566 5.1701e-14
3300.703125 5.1826e-14
3303.450684 5.1285e-14
3306.198486 5.1732e-14
3308.946289 5.173e-14
3311.693848 5.1163e-14
3314.44165 4.983e-14
3317.189453 5.1159e-14
3319.937012 5.2099e-14
3322.684814 5.11e-14
3325.432617 5.1796e-14
3328.18042 5.0576e-14
3330.928223 5.1121e-14
3333.676025 4.9931e-14
3336.423828 5.002e-14
3339.171631 5.017e-14
3341.919678 4.9629e-14
3344.66748 4.9658e-14
3347.415283 5.1762e-14
3350.16333 5.0741e-14
3352.911133 4.9966e-14
3355.658936 4.9128e-14
3358.406982 5.0136e-14
3361.154785 4.9363e-14
3363.902832 5.0089e-14
3366.650879 4.9288e-14
3369.398682 5.0237e-14
3372.146729 4.8966e-14
3374.894775 4.9073e-14
3377.642822 4.7617e-14
3380.390869 4.905e-14
3383.138672 4.8788e-14
3385.886719 4.8537e-14
3388.634766 4.8514e-14
3391.382812 4.7921e-14
3394.131104 4.7041e-14
3396.87915 4.7383e-14
3399.627197 4.8226e-14
3402.375244 4.8593e-14
3405.123291 4.731e-14
3407.871582 4.707e-14
3410.619629 4.7263e-14
3413.36792 4.7546e-14
3416.115967 4.6624e-14
3418.864014 4.743e-14
3421.612305 4.7721e-14
3424.360596 4.8486e-14
3427.108643 4.8141e-14
3429.856934 4.8545e-14
3432.605225 4.827e-14
3435.353271 4.8257e-14
3438.101562 4.7505e-14
3440.849854 4.6706e-14
3443.598145 4.6687e-14
3446.346436 4.7345e-14
3449.094727 4.7152e-14
3451.843018 4.7133e-14
3454.591309 4.6149e-14
3457.3396 4.7305e-14
3460.087891 4.6313e-14
3462.836182 4.6659e-14
3465.584473 4.6167e-14
3468.332764 4.6103e-14
3471.081299 4.6912e-14
3473.82959 4.6631e-14
3476.577881 4.6594e-14
3479.326416 4.5575e-14
3482.074707 4.5092e-14
3484.822998 4.6565e-14
3487.571533 4.5516e-14
3490.319824 4.5254e-14
3493.068359 4.5615e-14
3495.816895 4.6236e-14
3498.565186 4.5912e-14
3501.313721 4.5581e-14
3504.062256 4.586e-14
3506.810547 4.553e-14
3509.559082 4.4558e-14
3512.307617 4.4913e-14
3515.056152 4.4815e-14
3517.804443 4.4518e-14
3520.552979 4.3659e-14
3523.301514 4.4631e-14
3526.050049 4.4794e-14
3528.798584 4.4036e-14
3531.547119 4.4385e-14
3534.295654 4.3753e-14
3537.044189 4.3695e-14
3539.792725 4.3084e-14
3542.541504 4.4278e-14
3545.290039 4.4633e-14
3548.038574 4.3567e-14
3550.787109 4.4052e-14
3553.535645 4.4479e-14
3556.284424 4.3204e-14
3559.032959 4.4056e-14
3561.781494 4.3164e-14
3564.530273 4.3335e-14
3567.278809 4.4797e-14
3570.027588 4.3913e-14
3572.776123 4.3794e-14
3575.524902 4.4355e-14
3578.273438 4.3599e-14
3581.022217 4.384e-14
3583.770752 4.3845e-14
3586.519531 4.242e-14
3589.268066 4.372e-14
3592.016846 4.2982e-14
3594.765625 4.3096e-14
3597.51416 4.1938e-14
3600.262939 4.2711e-14
3603.011719 4.3232e-14
3605.760498 4.3276e-14
3608.509033 4.3336e-14
3611.257812 4.2661e-14
3614.006592 4.2273e-14
3616.755371 4.1511e-14
3619.50415 4.291e-14
3622.25293 4.1576e-14
3625.001709 4.1644e-14
3627.750488 4.1991e-14
3630.499268 4.1792e-14
3633.248047 4.2222e-14
3635.996826 4.1796e-14
3638.745605 4.1936e-14
3641.494385 4.2087e-14
3644.243164 4.2052e-14
3646.991943 4.1042e-14
3649.740723 4.0512e-14
3652.489502 4.1528e-14
3655.238525 4.1592e-14
3657.987305 4.0852e-14
3660.736084 4.0529e-14
3663.484863 4.0468e-14
3666.233643 4.121e-14
3668.982666 4.0417e-14
3671.731445 4.0553e-14
3674.480225 4.1079e-14
3677.229248 4.0939e-14
3679.978027 4.0336e-14
3682.726807 4.0853e-14
3685.47583 3.93e-14
3688.224609 3.9703e-14
3690.973389 4.0621e-14
3693.722412 4.0655e-14
3696.471191 4.1108e-14
3699.220215 4.0406e-14
3701.968994 3.9624e-14
3704.718018 4.0028e-14
3707.466797 4.0287e-14
3710.21582 4.0584e-14
3712.9646 3.8476e-14
3715.713623 4.0147e-14
3718.462402 4.0528e-14
3721.211426 3.9514e-14
3723.960449 4.0161e-14
3726.709229 3.9626e-14
3729.458252 4.0468e-14
3732.207031 4.0234e-14
3734.956055 3.8984e-14
3737.705078 4.0195e-14
3740.453857 3.8924e-14
3743.202881 4.02e-14
3745.951904 3.8526e-14
3748.700684 3.8891e-14
3751.449707 3.8998e-14
3754.19873 3.8892e-14
3756.947754 3.9132e-14
3759.696533 3.8553e-14
3762.445557 3.8178e-14
3765.19458 3.8955e-14
3767.943604 3.8637e-14
3770.692383 3.881e-14
3773.441406 3.8455e-14
3776.19043 3.895e-14
3778.939453 3.913e-14
3781.688232 3.8929e-14
3784.437256 3.9531e-14
3787.186279 3.8736e-14
3789.935303 3.8701e-14
3792.684326 3.7833e-14
3795.43335 3.6662e-14
3798.182129 3.7492e-14
3800.931152 3.7689e-14
3803.680176 3.7781e-14
3806.429199 3.8798e-14
3809.178223 3.9202e-14
3811.927246 3.9334e-14
3814.67627 3.932e-14
3817.425293 3.909e-14
3820.174072 3.8288e-14
3822.923096 3.8096e-14
3825.672119 3.6984e-14
3828.421143 3.5927e-14
3831.170166 3.5492e-14
3833.919189 3.5198e-14
3836.668213 3.4684e-14
3839.417236 3.503e-14
3842.16626 3.6237e-14
3844.915283 3.7085e-14
3847.664062 3.7855e-14
3850.413086 3.8407e-14
3853.162109 3.9373e-14
3855.911133 4.022e-14
3858.660156 4.0277e-14
3861.40918 4.1631e-14
3864.158203 3.8969e-14
3866.907227 4.0803e-14
3869.65625 3.9915e-14
3872.405273 3.883e-14
3875.154297 3.7756e-14
3877.90332 3.6429e-14
3880.6521 3.5106e-14
3883.401123 3.181e-14
3886.150146 3.0941e-14
3888.89917 2.9572e-14
3891.648193 3.0266e-14
3894.397217 3.1661e-14
3897.14624 3.3707e-14
3899.895264 3.5662e-14
3902.644287 3.6731e-14
3905.393066 3.8286e-14
3908.14209 4.0029e-14
3910.891113 4.0277e-14
3913.640137 4.2031e-14
3916.38916 4.1833e-14
3919.138184 4.3649e-14
3921.887207 4.3233e-14
3924.63623 4.299e-14
3927.38501 4.4466e-14
3930.134033 4.402e-14
3932.883057 4.3929e-14
3935.63208 4.2631e-14
3938.381104 4.2189e-14
3941.129883 4.1579e-14
3943.878906 4.0146e-14
3946.62793 4.0043e-14
3949.376953 3.8206e-14
3952.125977 3.7292e-14
3954.874756 3.5996e-14
3957.623779 3.3296e-14
3960.372803 3.1486e-14
3963.121826 3.0178e-14
3965.870605 2.7476e-14
3968.619629 2.5866e-14
3971.368652 2.4484e-14
3974.117432 2.5884e-14
3976.866455 2.8463e-14
3979.615479 3.0233e-14
3982.364258 3.2605e-14
3985.113281 3.4338e-14
3987.862305 3.5772e-14
3990.611084 3.7278e-14
3993.360107 3.8715e-14
3996.109131 3.9918e-14
3998.85791 4.0949e-14
4001.606934 4.2305e-14
4004.355713 4.3091e-14
4007.104736 4.366e-14
4009.853516 4.5778e-14
4012.602539 4.609e-14
4015.351318 4.6723e-14
4018.100342 4.7198e-14
4020.849121 4.7819e-14
4023.598145 4.8056e-14
4026.346924 4.7687e-14
4029.095947 4.7672e-14
4031.844727 4.6822e-14
4034.593506 4.7606e-14
4037.342529 4.7445e-14
4040.091309 4.7484e-14
4042.840332 4.7669e-14
4045.589111 4.6631e-14
4048.337891 4.7291e-14
4051.08667 4.6481e-14
4053.835693 4.604e-14
4056.584473 4.5793e-14
4059.333252 4.4706e-14
4062.082031 4.3464e-14
4064.831055 4.2634e-14
4067.579834 4.135e-14
4070.328613 4.0873e-14
4073.077393 3.9019e-14
4075.826172 3.7876e-14
4078.574951 3.7215e-14
4081.32373 3.505e-14
4084.07251 3.4408e-14
4086.821289 3.2492e-14
4089.570068 3.0168e-14
4092.318848 2.7976e-14
4095.067627 2.6299e-14
4097.816406 2.3982e-14
4100.56543 2.165e-14
4103.313965 2.1043e-14
4106.0625 2.3578e-14
4108.811523 2.535e-14
4111.560059 2.6982e-14
4114.309082 2.9126e-14
4117.057617 3.1202e-14
4119.806152 3.2487e-14
4122.555176 3.4537e-14
4125.303711 3.5837e-14
4128.052246 3.6969e-14
4130.80127 3.7193e-14
4133.549805 3.8985e-14
4136.29834 3.9483e-14
4139.047363 4.1222e-14
4141.795898 4.2149e-14
4144.544434 4.2351e-14
4147.292969 4.3526e-14
4150.041992 4.3971e-14
4152.790527 4.496e-14
4155.539062 4.5702e-14
4158.287598 4.5863e-14
4161.036133 4.687e-14
4163.785156 4.7224e-14
4166.533691 4.656e-14
4169.282227 4.7696e-14
4172.030762 4.7915e-14
4174.779297 4.8171e-14
4177.527832 4.8045e-14
4180.276367 4.8593e-14
4183.024902 4.9897e-14
4185.773438 4.8924e-14
4188.521973 4.8514e-14
4191.270508 5.0499e-14
4194.019043 4.9179e-14
4196.767578 4.9842e-14
4199.516113 4.9198e-14
4202.264648 4.9108e-14
4205.013184 4.9857e-14
4207.761719 5.0025e-14
4210.510254 5.0111e-14
4213.258789 5.017e-14
4216.007324 4.9822e-14
4218.755859 5.0131e-14
4221.503906 5.0012e-14
4224.252441 5e-14
4227.000977 4.994e-14
4229.749512 4.9337e-14
4232.498047 4.9943e-14
4235.246094 4.9328e-14
4237.994629 4.9178e-14
4240.743164 4.8511e-14
4243.491211 4.906e-14
4246.239746 4.8327e-14
4248.988281 4.8558e-14
4251.736328 4.7744e-14
4254.484863 4.701e-14
4257.23291 4.6742e-14
4259.981445 4.6609e-14
4262.72998 4.6929e-14
4265.478027 4.5648e-14
4268.226562 4.5739e-14
4270.974609 4.4929e-14
4273.723145 4.4526e-14
4276.471191 4.3694e-14
4279.219238 4.3707e-14
4281.967773 4.2822e-14
4284.71582 4.2492e-14
4287.464355 4.2254e-14
4290.212402 4.031e-14
4292.960449 4.0261e-14
4295.708984 3.9342e-14
4298.457031 3.8884e-14
4301.205078 3.7957e-14
4303.953125 3.713e-14
4306.70166 3.5775e-14
4309.449707 3.4935e-14
4312.197754 3.3826e-14
4314.945801 3.2823e-14
4317.693848 3.212e-14
4320.441895 3.0647e-14
4323.19043 2.8909e-14
4325.938477 2.7293e-14
4328.686523 2.6264e-14
4331.43457 2.3744e-14
4334.182617 2.2434e-14
4336.930664 2.0945e-14
4339.678711 1.9118e-14
4342.426758 1.853e-14
4345.174316 2.0283e-14
4347.922363 2.2478e-14
4350.67041 2.4127e-14
4353.418457 2.5475e-14
4356.166504 2.6966e-14
4358.914551 2.8209e-14
4361.662109 2.94e-14
4364.410156 3.022e-14
4367.158203 3.1368e-14
4369.90625 3.2076e-14
4372.653809 3.3431e-14
4375.401855 3.3879e-14
4378.149902 3.5738e-14
4380.897461 3.5887e-14
4383.645508 3.6719e-14
4386.393066 3.7399e-14
4389.141113 3.857e-14
4391.888672 3.8806e-14
4394.636719 3.9136e-14
4397.384277 3.957e-14
4400.132324 3.9612e-14
4402.879883 4.0099e-14
4405.627441 4.0335e-14
4408.375488 4.147e-14
4411.123047 4.1582e-14
4413.870605 4.1864e-14
4416.618652 4.2415e-14
4419.366211 4.2596e-14
4422.11377 4.2244e-14
4424.861328 4.2339e-14
4427.608887 4.2117e-14
4430.356934 4.2935e-14
4433.104492 4.354e-14
4435.852051 4.3154e-14
4438.599609 4.3838e-14
4441.347168 4.338e-14
4444.094727 4.3792e-14
4446.842285 4.4103e-14
4449.589844 4.3414e-14
4452.337402 4.4041e-14
4455.084473 4.4563e-14
4457.832031 4.4555e-14
4460.57959 4.3907e-14
4463.327148 4.3872e-14
4466.074707 4.495e-14
4468.821777 4.4527e-14
4471.569336 4.4058e-14
4474.316895 4.3863e-14
4477.063965 4.4694e-14
4479.811523 4.4198e-14
4482.559082 4.4238e-14
4485.306152 4.5093e-14
4488.053711 4.3993e-14
4490.800781 4.4549e-14
4493.54834 4.464e-14
4496.29541 4.401e-14
4499.04248 4.4541e-14
4501.790039 4.4245e-14
4504.537109 4.4978e-14
4507.284668 4.4427e-14
4510.031738 4.4217e-14
4512.778809 4.3793e-14
4515.525879 4.3977e-14
4518.272949 4.4536e-14
4521.020508 4.4275e-14
4523.767578 4.3856e-14
4526.514648 4.3922e-14
4529.261719 4.3638e-14
4532.008789 4.3848e-14
4534.755859 4.2895e-14
4537.50293 4.4176e-14
4540.25 4.4003e-14
4542.99707 4.3643e-14
4545.744141 4.3722e-14
4548.490723 4.2968e-14
4551.237793 4.2904e-14
4553.984863 4.231e-14
4556.731934 4.3343e-14
4559.478516 4.3535e-14
4562.225586 4.3756e-14
4564.972656 4.3258e-14
4567.719238 4.2822e-14
4570.466309 4.2826e-14
4573.212891 4.3114e-14
4575.959961 4.2863e-14
4578.706543 4.2927e-14
4581.453613 4.2109e-14
4584.200195 4.1943e-14
4586.947266 4.2823e-14
4589.693848 4.2137e-14
4592.44043 4.1766e-14
4595.187012 4.1599e-14
4597.934082 4.1748e-14
4600.680664 4.1885e-14
4603.427246 4.1856e-14
4606.173828 4.1522e-14
4608.92041 4.1532e-14
4611.666992 4.1012e-14
4614.413574 4.1166e-14
4617.160156 4.0922e-14
4619.906738 4.1196e-14
4622.65332 4.1603e-14
4625.399902 4.1231e-14
4628.146484 4.1301e-14
4630.892578 4.1534e-14
4633.63916 4.097e-14
4636.385742 4.0757e-14
4639.132324 4.0805e-14
4641.878418 4.0471e-14
4644.625 4.0318e-14
4647.371094 4.013e-14
4650.117676 4.0563e-14
4652.86377 4.0124e-14
4655.610352 4.0448e-14
4658.356445 4.0166e-14
4661.103027 3.981e-14
4663.849121 4.0393e-14
4666.595215 3.9954e-14
4669.341309 3.9997e-14
4672.087891 3.9972e-14
4674.833984 3.9664e-14
4677.580078 3.9983e-14
4680.326172 3.9744e-14
4683.072266 4.0065e-14
4685.818359 3.9389e-14
4688.564453 3.9722e-14
4691.310547 3.9774e-14
4694.056641 3.8952e-14
4696.802734 3.8893e-14
4699.548828 3.9232e-14
4702.294434 3.8689e-14
4705.040527 3.8656e-14
4707.786621 3.8421e-14
4710.532715 3.8318e-14
4713.27832 3.8579e-14
4716.024414 3.8028e-14
4718.77002 3.8343e-14
4721.516113 3.865e-14
4724.261719 3.8669e-14
4727.007812 3.7984e-14
4729.753418 3.7638e-14
4732.499023 3.6956e-14
4735.245117 3.7078e-14
4737.990723 3.6621e-14
4740.736328 3.6038e-14
4743.481934 3.6707e-14
4746.227539 3.6312e-14
4748.973145 3.6206e-14
4751.71875 3.6209e-14
4754.464355 3.5823e-14
4757.209961 3.5979e-14
4759.955566 3.5603e-14
4762.701172 3.5062e-14
4765.446777 3.5157e-14
4768.192383 3.4998e-14
4770.9375 3.4737e-14
4773.683105 3.4332e-14
4776.428711 3.3997e-14
4779.173828 3.4302e-14
4781.919434 3.3589e-14
4784.664551 3.3344e-14
4787.410156 3.2888e-14
4790.155273 3.2383e-14
4792.900879 3.1811e-14
4795.645996 3.2012e-14
4798.391113 3.2036e-14
4801.136719 3.1237e-14
4803.881836 3.0572e-14
4806.626953 2.9881e-14
4809.37207 2.9646e-14
4812.117188 2.928e-14
4814.862305 2.9072e-14
4817.607422 2.819e-14
4820.352539 2.7634e-14
4823.097656 2.7492e-14
4825.842773 2.7497e-14
4828.587891 2.6428e-14
4831.33252 2.5558e-14
4834.077637 2.4733e-14
4836.822754 2.3896e-14
4839.567383 2.3232e-14
4842.3125 2.2737e-14
4845.057129 2.2162e-14
4847.802246 2.0714e-14
4850.546875 1.9611e-14
4853.291992 1.8204e-14
4856.036621 1.7228e-14
4858.78125 1.5721e-14
4861.525879 1.5127e-14
4864.270996 1.5068e-14
4867.015625 1.6145e-14
4869.760254 1.7534e-14
4872.504883 1.8813e-14
4875.249512 1.9728e-14
4877.994141 2.027e-14
4880.73877 2.1914e-14
4883.48291 2.226e-14
4886.227539 2.2818e-14
4888.972168 2.4122e-14
4891.716797 2.4065e-14
4894.460938 2.462e-14
4897.205566 2.5606e-14
4899.949707 2.5689e-14
4902.694336 2.6026e-14
4905.438477 2.7286e-14
4908.183105 2.7283e-14
4910.927246 2.7643e-14
4913.671387 2.796e-14
4916.416016 2.8569e-14
4919.160156 2.8659e-14
4921.904297 2.9049e-14
4924.648438 2.8695e-14
4927.392578 2.9119e-14
4930.136719 2.9319e-14
4932.880859 2.9647e-14
4935.625 3.0545e-14
4938.369141 3.0369e-14
4941.113281 3.0319e-14
4943.856934 2.9827e-14
4946.601074 3.0545e-14
4949.345215 3.076e-14
4952.088867 3.082e-14
4954.833008 3.1323e-14
4957.57666 3.0218e-14
4960.320801 3.1012e-14
4963.064453 3.1315e-14
4965.808105 3.1151e-14
4968.551758 3.0935e-14
4971.295898 3.1766e-14
4974.039551 3.1527e-14
4976.783203 3.1461e-14
4979.526855 3.1904e-14
4982.270508 3.1412e-14
4985.01416 3.1943e-14
4987.757812 3.1039e-14
4990.501465 3.1749e-14
4993.244629 3.2171e-14
4995.988281 3.1822e-14
4998.731934 3.2231e-14
5001.475098 3.166e-14
5004.21875 3.1845e-14
5006.961914 3.2039e-14
5009.705566 3.174e-14
5012.44873 3.2012e-14
5015.192383 3.1602e-14
5017.935547 3.178e-14
5020.678711 3.1834e-14
5023.421875 3.1978e-14
5026.165039 3.136e-14
5028.908203 3.1764e-14
5031.651367 3.1445e-14
5034.394531 3.176e-14
5037.137695 3.2211e-14
5039.880859 3.1695e-14
5042.624023 3.1129e-14
5045.367188 3.2047e-14
5048.109863 3.2296e-14
5050.853027 3.1866e-14
5053.596191 3.1825e-14
5056.338867 3.2046e-14
5059.081543 3.1492e-14
5061.824707 3.1681e-14
5064.567383 3.1829e-14
5067.310059 3.2082e-14
5070.053223 3.2086e-14
5072.795898 3.157e-14
5075.538574 3.1719e-14
5078.28125 3.0997e-14
5081.023926 3.155e-14
5083.766602 3.1345e-14
5086.509277 3.1647e-14
5089.251953 3.0956e-14
5091.994141 3.151e-14
5094.736816 3.1048e-14
5097.479492 3.146e-14
5100.22168 3.1481e-14
5102.964355 3.122e-14
5105.706543 3.1034e-14
5108.44873 3.1437e-14
5111.191406 3.0923e-14
5113.933594 3.0785e-14
5116.675781 3.091e-14
5119.417969 3.0624e-14
5122.160645 3.0474e-14
5124.902832 3.0111e-14
5127.64502 3.1061e-14
5130.386719 3.0562e-14
5133.128906 3.0843e-14
5135.871094 3.0411e-14
5138.613281 3.07e-14
5141.35498 3.0279e-14
5144.097168 2.9996e-14
5146.839355 3.0267e-14
5149.581055 3.0484e-14
5152.323242 3.0101e-14
5155.064941 3.0217e-14
5157.806641 3.045e-14
5160.54834 3.0258e-14
5163.290527 2.969e-14
5166.032227 3.0293e-14
5168.773926 2.9727e-14
5171.515625 2.983e-14
5174.257324 2.9658e-14
5176.999023 2.992e-14
5179.740234 2.9792e-14
5182.481934 3.0039e-14
5185.223633 2.9744e-14
5187.964844 2.9735e-14
5190.706543 2.9691e-14
5193.447754 2.9688e-14
5196.189453 2.9101e-14
5198.930664 2.9839e-14
5201.671875 2.9473e-14
5204.413574 2.9406e-14
5207.154785 2.9561e-14
5209.895996 2.9566e-14
5212.637207 2.9219e-14
5215.378418 2.9356e-14
5218.119629 2.8577e-14
5220.86084 2.8503e-14
5223.601562 2.9009e-14
5226.342773 2.8339e-14
5229.083984 2.9155e-14
5231.824707 2.9049e-14
5234.565918 2.8372e-14
5237.306641 2.9278e-14
5240.047852 2.8793e-14
5242.788574 2.8722e-14
5245.529297 2.9072e-14
5248.270508 2.8866e-14
5251.01123 2.8293e-14
5253.751953 2.846e-14
5256.492676 2.8481e-14
5259.233398 2.8585e-14
5261.973633 2.9254e-14
5264.714355 2.7917e-14
5267.455078 2.7861e-14
5270.195801 2.8221e-14
5272.936035 2.8791e-14
5275.676758 2.846e-14
5278.416992 2.7988e-14
5281.157715 2.8139e-14
5283.897949 2.8159e-14
5286.638184 2.791e-14
5289.378418 2.8848e-14
5292.118652 2.7826e-14
5294.858887 2.7759e-14
5297.599121 2.8498e-14
5300.339355 2.7812e-14
5303.07959 2.7933e-14
5305.819824 2.7729e-14
5308.560059 2.7699e-14
5311.299805 2.7705e-14
5314.040039 2.7604e-14
5316.779785 2.746e-14
5319.52002 2.7068e-14
5322.259766 2.7223e-14
5324.999512 2.7353e-14
5327.739746 2.7807e-14
5330.479492 2.7132e-14
5333.219238 2.7586e-14
5335.958984 2.7594e-14
5338.69873 2.6888e-14
5341.438477 2.6957e-14
5344.177734 2.69e-14
5346.91748 2.6859e-14
5349.657227 2.6903e-14
5352.396484 2.7808e-14
5355.13623 2.6283e-14
5357.875488 2.6616e-14
5360.615234 2.6637e-14
5363.354492 2.6976e-14
5366.09375 2.7086e-14
5368.833008 2.7069e-14
5371.572754 2.69e-14
5374.312012 2.6686e-14
5377.050781 2.7089e-14
5379.790039 2.681e-14
5382.529297 2.6928e-14
5385.268555 2.643e-14
5388.007812 2.6208e-14
5390.746582 2.6341e-14
5393.48584 2.6809e-14
5396.224609 2.5846e-14
5398.963379 2.6328e-14
5401.702637 2.6223e-14
5404.441406 2.6194e-14
5407.180176 2.5894e-14
5409.918945 2.5828e-14
5412.657715 2.5694e-14
5415.396484 2.559e-14
5418.135254 2.606e-14
5420.874023 2.6233e-14
5423.612305 2.6376e-14
5426.351074 2.5703e-14
5429.089355 2.6245e-14
5431.828125 2.5948e-14
5434.566406 2.5818e-14
5437.305176 2.5785e-14
5440.043457 2.59e-14
5442.781738 2.5779e-14
5445.52002 2.5597e-14
5448.258301 2.5571e-14
5453.460938 2.5259e-14
5458.332031 2.5203e-14
5463.203613 2.5102e-14
5468.074707 2.5356e-14
5472.946289 2.5377e-14
5477.817871 2.5169e-14
5482.689453 2.4822e-14
5487.561035 2.5217e-14
5492.432617 2.4882e-14
5497.304688 2.5361e-14
5502.17627 2.5115e-14
5507.04834 2.4666e-14
5511.92041 2.4533e-14
5516.791992 2.4509e-14
5521.664062 2.4631e-14
5526.536133 2.4873e-14
5531.408203 2.4498e-14
5536.280762 2.3902e-14
5541.152832 2.3906e-14
5546.024902 2.4158e-14
5550.897461 2.414e-14
5555.77002 2.3936e-14
5560.64209 2.3812e-14
5565.514648 2.3606e-14
5570.387207 2.3917e-14
5575.259766 2.3871e-14
5580.132812 2.3653e-14
5585.005371 2.3681e-14
5589.87793 2.3382e-14
5594.750977 2.3268e-14
5599.624023 2.362e-14
5604.496582 2.3402e-14
5609.369629 2.3378e-14
5614.242676 2.3264e-14
5619.115723 2.304e-14
5623.98877 2.3275e-14
5628.862305 2.3141e-14
5633.735352 2.2993e-14
5638.608887 2.3005e-14
5643.481934 2.2875e-14
5648.355469 2.2703e-14
5653.229004 2.2808e-14
5658.102539 2.2592e-14
5662.976074 2.2602e-14
5667.849609 2.2575e-14
5672.723145 2.2457e-14
5677.59668 2.2338e-14
5682.470703 2.2214e-14
5687.344238 2.231e-14
5692.218262 2.2186e-14
5697.092285 2.2171e-14
5701.966309 2.1995e-14
5706.840332 2.1685e-14
5711.714355 2.176e-14
5716.588379 2.1758e-14
5721.462402 2.1595e-14
5726.336914 2.1613e-14
5731.210938 2.1624e-14
5736.085449 2.167e-14
5740.959473 2.1854e-14
5745.833984 2.1553e-14
5750.708496 2.1512e-14
5755.583008 2.1046e-14
5760.45752 2.0871e-14
5765.332031 2.1393e-14
5770.206543 2.1289e-14
5775.081543 2.1231e-14
5779.956055 2.1203e-14
5784.831055 2.1369e-14
5789.706055 2.082e-14
5794.580566 2.1064e-14
5799.455566 2.0745e-14
5804.330566 2.0837e-14
5809.205566 2.0467e-14
5814.080566 2.0873e-14
5818.956055 2.0874e-14
5823.831055 2.0913e-14
5828.706543 2.0413e-14
5833.581543 2.0182e-14
5838.457031 2.0623e-14
5843.332031 2.0213e-14
5848.20752 2.0275e-14
5853.083008 2.0346e-14
5857.958496 2.0138e-14
5862.833984 2.0081e-14
5867.709961 1.995e-14
5872.585449 1.9975e-14
5877.460938 2.0008e-14
5882.336914 2.028e-14
5887.212402 1.9989e-14
5892.088379 1.9883e-14
5896.964355 1.9649e-14
5901.840332 1.9712e-14
5906.716309 1.9667e-14
5911.592285 1.9555e-14
5916.468262 1.9645e-14
5921.344238 1.9634e-14
5926.220703 1.9278e-14
5931.09668 1.9239e-14
5935.973145 1.9449e-14
5940.849121 1.9485e-14
5945.725586 1.916e-14
5950.602051 1.9146e-14
5955.478516 1.9236e-14
5960.35498 1.9042e-14
5965.231445 1.9049e-14
5970.10791 1.9212e-14
5974.984375 1.9015e-14
5979.861328 1.899e-14
5984.737793 1.8815e-14
5989.614746 1.8841e-14
5994.491211 1.8663e-14
5999.368164 1.8731e-14
6004.245117 1.8478e-14
6009.12207 1.8667e-14
6013.999023 1.8671e-14
6018.875977 1.8636e-14
6023.75293 1.8357e-14
6028.629883 1.8503e-14
6033.506836 1.861e-14
6038.384277 1.8331e-14
6043.26123 1.8679e-14
6048.138672 1.833e-14
6053.015625 1.8085e-14
6057.893066 1.7895e-14
6062.770508 1.7997e-14
6067.647949 1.7988e-14
6072.525391 1.7993e-14
6077.402832 1.7851e-14
6082.280273 1.7866e-14
6087.158203 1.7914e-14
6092.035645 1.7695e-14
6096.913086 1.7707e-14
6101.791016 1.7791e-14
6106.668945 1.7762e-14
6111.546387 1.7776e-14
6116.424316 1.7586e-14
6121.302246 1.7511e-14
6126.180176 1.7413e-14
6131.058105 1.7862e-14
6135.936035 1.7782e-14
6140.813965 1.7272e-14
6145.691895 1.7393e-14
6150.570312 1.7314e-14
6155.448242 1.7441e-14
6160.32666 1.7123e-14
6165.20459 1.7182e-14
6170.083008 1.6989e-14
6174.961426 1.7053e-14
6179.839844 1.7076e-14
6184.717773 1.6933e-14
6189.596191 1.7104e-14
6194.475098 1.6884e-14
6199.353516 1.683e-14
6204.231934 1.6759e-14
6209.110352 1.6799e-14
6213.989258 1.6621e-14
6218.867676 1.6617e-14
6223.746582 1.6438e-14
6228.625 1.6463e-14
6233.503906 1.646e-14
6238.382812 1.6477e-14
6243.261719 1.6256e-14
6248.140625 1.6568e-14
6253.019531 1.6163e-14
6257.898438 1.6403e-14
6262.777344 1.6277e-14
6267.65625 1.5968e-14
6272.535156 1.6024e-14
6277.414551 1.5972e-14
6282.293457 1.6141e-14
6287.172852 1.6024e-14
6292.051758 1.61e-14
6296.931152 1.6179e-14
6301.810547 1.5916e-14
6306.689941 1.5775e-14
6311.569336 1.5878e-14
6316.44873 1.5605e-14
6321.328125 1.541e-14
6326.20752 1.539e-14
6331.086914 1.5468e-14
6335.966309 1.5358e-14
6340.846191 1.5335e-14
6345.725586 1.5319e-14
6350.605469 1.5354e-14
6355.484863 1.5359e-14
6360.364746 1.548e-14
6365.244629 1.5294e-14
6370.124023 1.5116e-14
6375.003906 1.5009e-14
6379.883789 1.5134e-14
6384.763672 1.4916e-14
6389.643555 1.5092e-14
6394.523926 1.4732e-14
6399.403809 1.5029e-14
6404.283691 1.4848e-14
6409.163574 1.4682e-14
6414.043945 1.4645e-14
6418.923828 1.4406e-14
6423.804199 1.4547e-14
6428.68457 1.4253e-14
6433.564453 1.437e-14
6438.444824 1.4104e-14
6443.325195 1.3908e-14
6448.205566 1.3725e-14
6453.085938 1.3908e-14
6457.966309 1.3841e-14
6462.84668 1.3591e-14
6467.727051 1.3598e-14
6472.607422 1.3524e-14
6477.488281 1.3219e-14
6482.368652 1.3099e-14
6487.249023 1.2991e-14
6492.129883 1.2861e-14
6497.010254 1.276e-14
6501.891113 1.2564e-14
6506.771973 1.2332e-14
6511.652832 1.1983e-14
6516.533203 1.179e-14
6521.414062 1.14e-14
6526.294922 1.1279e-14
6531.175781 1.0913e-14
6536.056641 1.0551e-14
6540.9375 1.0264e-14
6545.818848 9.8695e-15
6550.699707 9.5891e-15
6555.580566 8.8234e-15
6560.461914 8.4513e-15
6565.342773 8.1516e-15
6570.224121 8.4647e-15
6575.10498 9.0278e-15
6579.986328 9.4832e-15
6584.867676 1.0028e-14
6589.748535 1.0269e-14
6594.629883 1.0667e-14
6599.51123 1.093e-14
6604.392578 1.1234e-14
6609.273926 1.131e-14
6614.155273 1.1421e-14
6619.036621 1.1577e-14
6623.917969 1.1715e-14
6628.799805 1.1905e-14
6633.681152 1.1922e-14
6638.5625 1.2042e-14
6643.444336 1.2205e-14
6648.325684 1.2119e-14
6653.20752 1.2485e-14
6658.088867 1.2405e-14
6662.970703 1.2456e-14
6667.852539 1.247e-14
6672.733887 1.2555e-14
6677.615723 1.2471e-14
6682.497559 1.2527e-14
6687.379395 1.2507e-14
6692.26123 1.2541e-14
6697.143066 1.2582e-14
6702.024902 1.2643e-14
6706.906738 1.2567e-14
6711.789062 1.2515e-14
6716.670898 1.2585e-14
6721.552734 1.2622e-14
6726.435059 1.2582e-14
6731.316895 1.2465e-14
6736.199219 1.2466e-14
6741.081055 1.249e-14
6745.963379 1.2523e-14
6750.845215 1.2468e-14
6755.727539 1.2495e-14
6760.609863 1.2525e-14
6765.492188 1.2358e-14
6770.374023 1.2501e-14
6775.256348 1.2428e-14
6780.138672 1.2375e-14
6785.020996 1.2315e-14
6789.90332 1.2592e-14
6794.785645 1.2273e-14
6799.668457 1.2401e-14
6804.550781 1.2199e-14
6809.433105 1.2296e-14
6814.31543 1.2312e-14
6819.198242 1.232e-14
6824.080566 1.2356e-14
6828.963379 1.2236e-14
6833.845703 1.2213e-14
6838.728516 1.213e-14
6843.61084 1.2137e-14
6848.493652 1.2136e-14
6853.376465 1.2058e-14
6858.259277 1.1928e-14
6863.141602 1.1965e-14
6868.024414 1.1853e-14
6872.907227 1.1791e-14
6877.790039 1.2026e-14
6882.672852 1.2061e-14
6887.555664 1.1931e-14
6892.438477 1.1846e-14
6897.321289 1.1999e-14
6902.204102 1.1894e-14
6907.087402 1.1939e-14
6911.970215 1.1747e-14
6916.853027 1.1893e-14
6921.736328 1.1828e-14
6926.619141 1.1617e-14
6931.502441 1.1713e-14
6936.385254 1.1805e-14
6941.268555 1.1626e-14
6946.151367 1.1687e-14
6951.034668 1.172e-14
6955.91748 1.1746e-14
6960.800781 1.1516e-14
6965.684082 1.1478e-14
6970.567383 1.1461e-14
6975.450684 1.1445e-14
6980.333496 1.1464e-14
6985.216797 1.1501e-14
6990.100098 1.1396e-14
6994.983398 1.137e-14
6999.866699 1.1396e-14
7004.75 1.1221e-14
7009.633789 1.1265e-14
7014.51709 1.1255e-14
7019.400391 1.123e-14
7024.283691 1.1243e-14
7029.16748 1.1234e-14
7034.050781 1.1195e-14
7038.934082 1.1203e-14
7043.817871 1.1261e-14
7048.701172 1.1064e-14
7053.584961 1.1034e-14
7058.468262 1.1066e-14
7063.352051 1.1041e-14
7068.235352 1.1009e-14
7073.119141 1.105e-14
7078.00293 1.1052e-14
7082.88623 1.1002e-14
7087.77002 1.0881e-14
7092.653809 1.0882e-14
7097.537598 1.089e-14
7102.421387 1.0905e-14
7107.305176 1.082e-14
7112.188965 1.072e-14
7117.072266 1.0802e-14
7121.956055 1.0739e-14
7126.840332 1.0832e-14
7131.724121 1.0678e-14
7136.60791 1.0701e-14
7141.491699 1.0707e-14
7146.375488 1.0689e-14
7151.259277 1.0609e-14
7156.143555 1.0558e-14
7161.027344 1.0614e-14
7165.911133 1.0442e-14
7170.794922 1.0622e-14
7175.679199 1.0443e-14
7180.562988 1.0486e-14
7185.447266 1.0387e-14
7190.331055 1.0467e-14
7195.215332 1.0403e-14
7200.099121 1.0453e-14
7204.983398 1.0367e-14
7209.867188 1.0372e-14
7214.751465 1.0433e-14
7219.635742 1.0195e-14
7224.52002 1.0311e-14
7229.403809 1.0225e-14
7234.288086 1.0209e-14
7239.172363 1.018e-14
7244.056641 1.0264e-14
7248.94043 1.0103e-14
7253.824707 1.0124e-14
7258.708984 1.0123e-14
7263.593262 1.0073e-14
7268.477539 1.0099e-14
7273.361816 1.0149e-14
7278.246094 1.001e-14
7283.130371 1.0077e-14
7288.014648 1.0035e-14
7292.898926 9.9566e-15
7297.783691 9.802e-15
7302.667969 9.9032e-15
7307.552246 9.7621e-15
7312.436523 9.8e-15
7317.320801 9.8989e-15
7322.205566 9.861e-15
7327.089844 9.7912e-15
7331.974121 9.6984e-15
7336.858887 9.6646e-15
7341.743164 9.5505e-15
7346.627441 9.6535e-15
7351.512207 9.7996e-15
7356.396484 9.6068e-15
7361.28125 9.5636e-15
7366.165527 9.486e-15
7371.050293 9.5105e-15
7375.93457 9.6025e-15
7380.819336 9.6097e-15
7385.703613 9.5024e-15
7390.588379 9.578e-15
7395.473145 9.5543e-15
7400.357422 9.5353e-15
7405.242188 9.4537e-15
7410.126953 9.3737e-15
7415.01123 9.2496e-15
7419.895996 9.303e-15
7424.780762 9.4371e-15
7429.665527 9.321e-15
7434.549805 9.2514e-15
7439.43457 9.2558e-15
7444.319336 9.3939e-15
7449.204102 9.2875e-15
7454.088867 9.194e-15
7458.973633 9.2262e-15
7463.858398 9.2162e-15
7468.742676 9.1117e-15
7473.627441 9.1023e-15
7478.512207 9.0449e-15
7483.396973 9.013e-15
7488.281738 9.0152e-15
7493.166504 9.0497e-15
7498.05127 8.9607e-15
7502.936523 9.1176e-15
7507.821289 9.0374e-15
7512.706055 9.0288e-15
7517.59082 8.9944e-15
7522.475586 9.0129e-15
7527.360352 9.0935e-15
7532.245117 8.8034e-15
7537.129883 8.904e-15
7542.015137 8.9286e-15
7546.899902 8.9335e-15
7551.784668 8.8507e-15
7556.669434 8.7752e-15
7561.554688 8.7897e-15
7566.439453 8.7424e-15
7571.324219 8.6345e-15
7576.208984 8.8304e-15
7581.094238 8.8935e-15
7585.979004 8.6693e-15
7590.86377 8.5876e-15
7595.749023 8.5919e-15
7600.633789 8.6139e-15
7605.518555 8.5496e-15
7610.403809 8.7359e-15
7615.288574 8.6294e-15
7620.173828 8.6545e-15
7625.058594 8.602e-15
7629.943359 8.4932e-15
7634.828613 8.5477e-15
7639.713379 8.4989e-15
7644.598633 8.4785e-15
7649.483398 8.6955e-15
7654.368652 8.3127e-15
7659.253418 8.3475e-15
7664.138672 8.3608e-15
7669.023438 8.4587e-15
7673.908691 8.44e-15
7678.793457 8.4579e-15
7683.678711 8.3102e-15
7688.563477 8.2625e-15
7693.44873 8.248e-15
7698.333496 8.1841e-15
7703.21875 8.184e-15
7708.104004 8.2394e-15
7712.98877 8.2465e-15
7717.874023 8.3601e-15
7722.758789 8.2776e-15
7727.644043 8.1364e-15
7732.529297 8.1825e-15
7737.414062 8.1109e-15
7742.299316 8.2363e-15
7747.184082 8.101e-15
7752.069336 8.032e-15
7756.95459 8.1027e-15
7761.839355 8.1371e-15
7766.724609 8.0851e-15
7771.609863 8.1674e-15
7776.494629 7.985e-15
7781.379883 7.9897e-15
7786.265137 8.0488e-15
7791.149902 8.0562e-15
7796.035156 7.9482e-15
7800.92041 7.9901e-15
7805.805176 7.9148e-15
7810.69043 7.9234e-15
7815.575684 7.8435e-15
7820.460449 7.8349e-15
7825.345703 7.892e-15
7830.230957 7.871e-15
7835.115723 7.7744e-15
7840.000977 7.8347e-15
7844.88623 7.7147e-15
7849.770996 7.5415e-15
7854.65625 7.8426e-15
7859.541504 7.7822e-15
7864.42627 7.7057e-15
7869.311523 7.7267e-15
7874.196777 7.5395e-15
7879.081543 7.6787e-15
7883.966797 7.7109e-15
7888.852051 7.5871e-15
7893.737305 7.6856e-15
7898.62207 7.6451e-15
7903.507324 7.7158e-15
7908.392578 7.5608e-15
7913.277344 7.5636e-15
7918.162598 7.5543e-15
7923.047852 7.5513e-15
7927.932617 7.6374e-15
7932.817871 7.5215e-15
7937.703125 7.3904e-15
7942.587891 7.5264e-15
7947.473145 7.389e-15
7952.35791 7.448e-15
7957.243164 7.5548e-15
7962.128418 7.3625e-15
7967.013184 7.4361e-15
7971.898438 7.4314e-15
7976.783691 7.4391e-15
7981.668457 7.3979e-15
7986.553711 7.2932e-15
7991.438477 7.2283e-15
7996.32373 7.2439e-15
8001.208984 7.317e-15
8006.09375 7.341e-15
8010.979004 7.4016e-15
8015.86377 7.2501e-15
8020.749023 7.3008e-15
8025.633789 7.0774e-15
8030.519043 7.3418e-15
8035.404297 7.1659e-15
8040.289062 7.0384e-15
8045.174316 7.1377e-15
8050.059082 7.2603e-15
8054.944336 7.1807e-15
8059.829102 7.1394e-15
8064.714355 7.1767e-15
8069.599121 7.3862e-15
8074.484375 7.0486e-15
8079.369141 7.1406e-15
8084.253906 6.9288e-15
8089.13916 6.8716e-15
8094.023926 7.0824e-15
8098.90918 6.9419e-15
8103.793945 6.7823e-15
8108.678711 6.9026e-15
8113.563965 6.717e-15
8118.44873 6.8632e-15
8123.333984 7.0406e-15
8128.21875 7.0156e-15
8133.103516 7.1234e-15
8137.988281 6.8657e-15
8142.873535 6.8847e-15
8147.758301 6.8275e-15
8152.643066 6.8848e-15
8157.52832 6.9118e-15
8162.413086 6.7215e-15
8167.297852 6.8148e-15
8172.182617 6.6388e-15
8177.067383 6.7407e-15
8181.952637 6.7668e-15
8186.837402 6.4441e-15
8191.722168 6.9054e-15
8196.607422 6.7002e-15
8201.492188 6.8557e-15
8206.376953 6.81e-15
8211.261719 6.6495e-15
8216.146484 6.532e-15
8221.03125 6.805e-15
8225.916016 6.7041e-15
8230.800781 6.5708e-15
8235.685547 6.5965e-15
8240.570312 6.7351e-15
8245.455078 6.6605e-15
8250.339844 6.6059e-15
8255.224609 6.4904e-15
8260.109375 6.3854e-15
8264.994141 6.5026e-15
8269.87793 6.4675e-15
8274.762695 6.4559e-15
8279.647461 6.571e-15
8284.532227 6.5064e-15
8289.416992 6.5251e-15
8294.301758 6.548e-15
8299.186523 6.4312e-15
8304.071289 6.2789e-15
8308.956055 6.4096e-15
8313.839844 6.3893e-15
8318.724609 6.2918e-15
8323.609375 6.3913e-15
8328.494141 6.3997e-15
8333.378906 6.3855e-15
8338.262695 6.2996e-15
8343.147461 6.286e-15
8348.032227 6.3841e-15
8352.916992 6.3971e-15
8357.800781 6.3075e-15
8362.685547 6.2433e-15
8367.570312 6.2472e-15
8372.455078 6.0811e-15
8377.338867 6.3998e-15
8382.223633 6.2068e-15
8387.108398 6.4241e-15
8391.992188 6.178e-15
8396.876953 6.2505e-15
8401.760742 6.3271e-15
8406.645508 6.1821e-15
8411.530273 6.2316e-15
8416.414062 6.2202e-15
8421.298828 6.1523e-15
8426.182617 6.2906e-15
8431.067383 6.1634e-15
8435.951172 6.03e-15
8440.835938 6.0688e-15
8445.719727 6.072e-15
8450.604492 6.0165e-15
8455.488281 6.0769e-15
8460.373047 6.0199e-15
8465.256836 5.9304e-15
8470.141602 5.9922e-15
8475.025391 5.8226e-15
8479.910156 5.9944e-15
8484.793945 5.9919e-15
8489.677734 5.9029e-15
8494.5625 5.9181e-15
8499.446289 6.1406e-15
8504.330078 5.8425e-15
8509.214844 5.8809e-15
8514.098633 5.8363e-15
8518.982422 5.7812e-15
8523.867188 5.8382e-15
8528.750977 5.8593e-15
8533.634766 5.9295e-15
8538.518555 5.9303e-15
8543.402344 5.8459e-15
8548.287109 5.6591e-15
8553.170898 5.7794e-15
8558.054688 5.7611e-15
8562.938477 5.7594e-15
8567.822266 5.8168e-15
8572.706055 5.8336e-15
8577.589844 5.9558e-15
8582.473633 5.7669e-15
8587.357422 5.7255e-15
8592.241211 5.6592e-15
8597.125 5.7301e-15
8602.008789 5.8502e-15
8606.892578 5.5829e-15
8611.776367 5.6144e-15
8616.660156 5.604e-15
8621.543945 5.9015e-15
8626.427734 5.5781e-15
8631.311523 5.7383e-15
8636.195312 5.7138e-15
8641.079102 5.4206e-15
8645.962891 5.5323e-15
8650.845703 5.5617e-15
8655.729492 5.5273e-15
8660.613281 5.7507e-15
8665.49707 5.6685e-15
8670.379883 5.4758e-15
8675.263672 5.5527e-15
8680.147461 5.3834e-15
8685.030273 5.674e-15
8689.914062 5.6345e-15
8694.797852 5.4539e-15
8699.680664 5.5522e-15
8704.564453 5.5808e-15
8709.448242 5.4776e-15
8714.331055 5.4468e-15
8719.214844 5.4634e-15
8724.097656 5.4128e-15
8728.981445 5.3643e-15
8733.864258 5.5068e-15
8738.748047 5.406e-15
8743.630859 5.341e-15
8748.513672 5.4154e-15
8753.397461 5.3895e-15
8758.280273 5.4166e-15
8763.163086 5.3513e-15
8768.046875 5.3924e-15
8772.929688 5.3383e-15
8777.8125 5.4295e-15
8782.696289 5.3019e-15
8787.579102 5.1987e-15
8792.461914 5.1735e-15
8797.344727 5.325e-15
8802.227539 5.3073e-15
8807.111328 5.3159e-15
8811.994141 5.3922e-15
8816.876953 5.3919e-15
8821.759766 5.2488e-15
8826.642578 5.2196e-15
8831.525391 5.1602e-15
8836.408203 5.1814e-15
8841.291016 5.2423e-15
8846.173828 5.2223e-15
8851.056641 5.1854e-15
8855.939453 5.2017e-15
8860.822266 5.0296e-15
8865.704102 5.0472e-15
8870.586914 5.0469e-15
8875.469727 5.1991e-15
8880.352539 5.0889e-15
8885.235352 5.1395e-15
8890.117188 5.034e-15
8895.0 5.2485e-15
8899.882812 5.0723e-15
8904.764648 5.1295e-15
8909.647461 5.0572e-15
8914.530273 5.1061e-15
8919.412109 5.0977e-15
8924.294922 5.21e-15
8929.176758 5.0772e-15
8934.05957 5.1053e-15
8938.941406 4.9897e-15
8943.824219 4.8753e-15
8948.706055 5.1484e-15
8953.588867 5.0745e-15
8958.470703 5.2567e-15
8963.352539 5.0097e-15
8968.235352 4.9936e-15
8973.117188 4.8539e-15
8977.999023 4.7968e-15
8982.881836 4.8737e-15
8987.763672 4.8599e-15
8992.645508 4.8847e-15
8997.527344 4.9604e-15
9002.40918 5.097e-15
9007.291016 4.9191e-15
9012.173828 4.6509e-15
9017.055664 4.831e-15
9021.9375 5.0606e-15
9026.819336 4.8797e-15
9031.701172 4.8696e-15
9036.583008 4.8417e-15
9041.463867 4.7734e-15
9046.345703 4.9339e-15
9051.227539 4.7941e-15
9056.109375 4.6487e-15
9060.991211 4.783e-15
9065.873047 4.7683e-15
9070.753906 4.6546e-15
9075.635742 4.9075e-15
9080.517578 4.9637e-15
9085.398438 4.9378e-15
9090.280273 4.7428e-15
9095.162109 4.7462e-15
9100.042969 4.6934e-15
9104.924805 4.9084e-15
9109.805664 4.8004e-15
9114.6875 4.8336e-15
9119.568359 4.7203e-15
9124.450195 4.7494e-15
9129.331055 4.8184e-15
9134.211914 4.634e-15
9139.09375 4.6532e-15
9143.974609 4.6893e-15
9148.855469 4.586e-15
9153.736328 4.7371e-15
9158.618164 4.6106e-15
9163.499023 4.6008e-15
9168.379883 4.5609e-15
9173.260742 4.5491e-15
9178.141602 4.5115e-15
9183.022461 4.4707e-15
9187.90332 4.613e-15
9192.78418 4.5105e-15
9197.665039 4.5707e-15
9202.545898 4.3934e-15
9207.426758 4.294e-15
9212.307617 4.4761e-15
9217.188477 4.4173e-15
9222.068359 4.5376e-15
9226.949219 4.3643e-15
9231.830078 4.3254e-15
9236.710938 4.3274e-15
9241.59082 4.3233e-15
9246.47168 4.3164e-15
9251.352539 4.4139e-15
9256.232422 4.3747e-15
9261.113281 4.4884e-15
9265.993164 4.4708e-15
9270.874023 4.5809e-15
9275.753906 4.4684e-15
9280.633789 4.3966e-15
9285.514648 4.3453e-15
9290.394531 4.4705e-15
9295.274414 4.4223e-15
9300.155273 4.5127e-15
9305.035156 4.524e-15
9309.915039 4.4758e-15
9314.794922 4.6793e-15
9319.674805 4.3737e-15
9324.554688 4.3534e-15
9329.43457 4.3692e-15
9334.314453 4.4167e-15
9339.194336 4.5286e-15
9344.074219 4.3636e-15
9348.954102 4.4485e-15
9353.833984 4.3068e-15
9358.713867 4.3291e-15
9363.59375 4.4535e-15
9368.473633 4.3082e-15
9373.352539 4.3938e-15
9378.232422 4.4377e-15
9383.112305 4.2877e-15
9387.991211 4.4193e-15
9392.871094 4.5487e-15
9397.75 4.1951e-15
9402.629883 4.1785e-15
9407.508789 4.1786e-15
9412.388672 4.2678e-15
9417.267578 4.0815e-15
9422.146484 4.0783e-15
9427.026367 4.2366e-15
9431.905273 4.2246e-15
9436.78418 4.2389e-15
9441.664062 4.2592e-15
9446.542969 4.137e-15
9451.421875 4.1406e-15
9456.300781 4.1206e-15
9461.179688 4.0331e-15
9466.058594 4.1169e-15
9470.9375 4.1793e-15
9475.816406 4.0316e-15
9480.695312 4.0099e-15
9485.574219 4.1313e-15
9490.453125 3.8645e-15
9495.331055 3.9009e-15
9500.209961 4.0139e-15
9505.088867 3.8967e-15
9509.966797 4.0322e-15
9514.845703 4.0213e-15
9519.724609 3.7511e-15
9524.602539 3.885e-15
9529.481445 3.7487e-15
9534.359375 3.6626e-15
9539.238281 3.7088e-15
9544.116211 3.7447e-15
9548.994141 3.7196e-15
9553.873047 3.7116e-15
9558.750977 3.7741e-15
9563.628906 3.7213e-15
9568.506836 3.8721e-15
9573.384766 3.7367e-15
9578.263672 3.8351e-15
9583.141602 3.7703e-15
9588.019531 3.639e-15
9592.897461 3.995e-15
9597.775391 3.8956e-15
9602.652344 3.8763e-15
9607.530273 3.8008e-15
9612.408203 3.7452e-15
9617.286133 3.955e-15
9622.164062 3.9122e-15
9627.041016 3.9362e-15
9631.918945 3.7389e-15
9636.796875 4.0468e-15
9641.673828 3.8595e-15
9646.551758 3.8787e-15
9651.428711 3.9858e-15
9656.305664 3.7691e-15
9661.183594 3.9044e-15
9666.060547 4.1021e-15
9670.938477 3.9301e-15
9675.81543 3.8732e-15
9680.692383 3.9931e-15
9685.569336 4.0006e-15
9690.446289 3.9169e-15
9695.323242 3.9944e-15
9704.0 3.9809e-15
9720.0 3.9644e-15
9736.0 3.9278e-15
9752.0 3.9298e-15
9768.0 3.9319e-15
9784.0 3.9297e-15
9800.0 3.9481e-15
9816.0 3.9219e-15
9832.0 3.8872e-15
9848.0 3.8508e-15
9864.0 3.8041e-15
9880.0 3.7711e-15
9896.0 3.7301e-15
9912.0 3.6792e-15
9928.0 3.6236e-15
9944.0 3.5677e-15
9960.0 3.5108e-15
9976.0 3.4529e-15
9992.0 3.3606e-15
10008.0 3.2527e-15
10024.0 3.1495e-15
10040.0 3.0558e-15
10056.0 2.9817e-15
10072.0 2.9712e-15
10088.0 3.0367e-15
10104.0 3.1121e-15
10120.0 3.1667e-15
10136.0 3.222e-15
10152.0 3.2574e-15
10168.0 3.2731e-15
10184.0 3.2986e-15
10200.0 3.312e-15
10216.0 3.3287e-15
10232.0 3.3366e-15
10248.0 3.3251e-15
10264.0 3.3272e-15
10280.0 3.3273e-15
10296.0 3.3192e-15
10312.0 3.2822e-15
10328.0 3.2712e-15
10344.0 3.2865e-15
10360.0 3.2831e-15
10376.0 3.2856e-15
10392.0 3.2599e-15
10408.0 3.2347e-15
10424.0 3.2175e-15
10440.0 3.2095e-15
10456.0 3.1873e-15
10472.0 3.1601e-15
10488.0 3.1385e-15
10504.0 3.1204e-15
10520.0 3.1044e-15
10536.0 3.0984e-15
10552.0 3.1015e-15
10568.0 3.0685e-15
10584.0 3.0328e-15
10600.0 3.0365e-15
10616.0 3.0177e-15
10632.0 2.9847e-15
10648.0 2.9585e-15
10664.0 2.9382e-15
10680.0 2.9278e-15
10696.0 2.9107e-15
10712.0 2.8857e-15
10728.0 2.8433e-15
10744.0 2.8115e-15
10760.0 2.7894e-15
10776.0 2.756e-15
10792.0 2.7075e-15
10808.0 2.6584e-15
10824.0 2.6083e-15
10840.0 2.5611e-15
10856.0 2.5035e-15
10872.0 2.4307e-15
10888.0 2.3411e-15
10904.0 2.2585e-15
10920.0 2.1748e-15
10936.0 2.095e-15
10952.0 2.0873e-15
10968.0 2.1531e-15
10984.0 2.2305e-15
11000.0 2.2919e-15
11016.0 2.3453e-15
11032.0 2.3863e-15
11048.0 2.4113e-15
11064.0 2.4225e-15
11080.0 2.4336e-15
11096.0 2.4502e-15
11112.0 2.4635e-15
11128.0 2.4559e-15
11144.0 2.4627e-15
11160.0 2.4681e-15
11176.0 2.4673e-15
11192.0 2.4554e-15
11208.0 2.4422e-15
11224.0 2.4524e-15
11240.0 2.4457e-15
11250.0 2.4212e-15
11275.0 2.4157e-15
11300.0 2.3973e-15
11325.0 2.3816e-15
11350.0 2.379e-15
11375.0 2.3661e-15
11400.0 2.3491e-15
11425.0 2.3291e-15
11450.0 2.306e-15
11475.0 2.2897e-15
11500.0 2.2794e-15
11525.0 2.2704e-15
11550.0 2.2559e-15
11575.0 2.2237e-15
11600.0 2.1882e-15
11625.0 2.1844e-15
11650.0 2.1761e-15
11675.0 2.157e-15
11700.0 2.1408e-15
11725.0 2.1208e-15
11750.0 2.1021e-15
11775.0 2.0909e-15
11800.0 2.0782e-15
11825.0 2.0666e-15
11850.0 2.0521e-15
11875.0 2.0355e-15
11900.0 2.0155e-15
11925.0 1.9975e-15
11950.0 1.9936e-15
11975.0 1.9872e-15
12000.0 1.9724e-15
12025.0 1.9532e-15
12050.0 1.9345e-15
12075.0 1.9184e-15
12100.0 1.9002e-15
12125.0 1.881e-15
12150.0 1.8666e-15
12175.0 1.8547e-15
12200.0 1.8441e-15
12225.0 1.835e-15
12250.0 1.8169e-15
12275.0 1.7935e-15
12300.0 1.7687e-15
12325.0 1.7457e-15
12350.0 1.7381e-15
12375.0 1.7365e-15
12400.0 1.7286e-15
12425.0 1.7141e-15
12450.0 1.695e-15
12475.0 1.6765e-15
12500.0 1.6575e-15
12525.0 1.643e-15
12550.0 1.6312e-15
12575.0 1.6135e-15
12600.0 1.582e-15
12625.0 1.551e-15
12650.0 1.5207e-15
12675.0 1.4881e-15
12700.0 1.4496e-15
12725.0 1.4037e-15
12750.0 1.3522e-15
12775.0 1.2999e-15
12800.0 1.2507e-15
12825.0 1.2369e-15
12850.0 1.2499e-15
12875.0 1.291e-15
12900.0 1.3275e-15
12925.0 1.3442e-15
12950.0 1.3627e-15
12975.0 1.3826e-15
13000.0 1.3969e-15
13025.0 1.3976e-15
13050.0 1.3977e-15
13075.0 1.3993e-15
13100.0 1.3944e-15
13125.0 1.3868e-15
13150.0 1.3831e-15
13175.0 1.381e-15
13200.0 1.3757e-15
13225.0 1.3671e-15
13250.0 1.3583e-15
13275.0 1.3523e-15
13300.0 1.3476e-15
13325.0 1.3433e-15
13350.0 1.3309e-15
13375.0 1.3163e-15
13400.0 1.3073e-15
13425.0 1.3013e-15
13450.0 1.2966e-15
13475.0 1.287e-15
13500.0 1.2763e-15
13525.0 1.2641e-15
13550.0 1.2529e-15
13575.0 1.2506e-15
13600.0 1.2471e-15
13625.0 1.2375e-15
13650.0 1.2308e-15
13675.0 1.2269e-15
13700.0 1.2189e-15
13725.0 1.2044e-15
13750.0 1.1965e-15
13775.0 1.1929e-15
13800.0 1.1816e-15
13825.0 1.1703e-15
13850.0 1.164e-15
13875.0 1.1545e-15
13900.0 1.1511e-15
13925.0 1.1461e-15
13950.0 1.1293e-15
13975.0 1.1172e-15
14000.0 1.117e-15
14025.0 1.1122e-15
14050.0 1.1013e-15
14075.0 1.0926e-15
14100.0 1.0842e-15
14125.0 1.0771e-15
14150.0 1.0719e-15
14175.0 1.063e-15
14200.0 1.0552e-15
14225.0 1.0478e-15
14250.0 1.0394e-15
14275.0 1.0376e-15
14300.0 1.0363e-15
14325.0 1.0325e-15
14350.0 1.0274e-15
14375.0 1.0212e-15
14400.0 1.0137e-15
14425.0 1.0051e-15
14450.0 9.9948e-16
14475.0 9.953e-16
14500.0 9.879e-16
14525.0 9.7866e-16
14550.0 9.6832e-16
14575.0 9.5738e-16
14600.0 9.5012e-16
14625.0 9.452e-16
14650.0 9.4371e-16
14675.0 9.4457e-16
14700.0 9.425e-16
14725.0 9.3864e-16
14750.0 9.3087e-16
14775.0 9.252e-16
14800.0 9.2193e-16
14825.0 9.0937e-16
14850.0 8.9395e-16
14875.0 8.896e-16
14900.0 8.8943e-16
14925.0 8.8463e-16
14950.0 8.7831e-16
14975.0 8.737e-16
15000.0 8.7097e-16
15025.0 8.6955e-16
15050.0 8.6672e-16
15075.0 8.5859e-16
15100.0 8.5016e-16
15125.0 8.4242e-16
15150.0 8.3737e-16
15175.0 8.3449e-16
15200.0 8.2785e-16
15225.0 8.2045e-16
15250.0 8.1747e-16
15275.0 8.1236e-16
15300.0 8.0523e-16
15325.0 7.9934e-16
15350.0 7.9605e-16
15375.0 7.9408e-16
15400.0 7.9471e-16
15425.0 7.9367e-16
15450.0 7.8287e-16
15475.0 7.7299e-16
15500.0 7.7063e-16
15525.0 7.6499e-16
15550.0 7.5577e-16
15575.0 7.5468e-16
15600.0 7.5625e-16
15625.0 7.503e-16
15650.0 7.4348e-16
15675.0 7.4118e-16
15700.0 7.383e-16
15725.0 7.3358e-16
15750.0 7.2843e-16
15775.0 7.2048e-16
15800.0 7.1512e-16
15825.0 7.153e-16
15850.0 7.1299e-16
15875.0 7.0688e-16
15900.0 7.0574e-16
15925.0 7.0558e-16
15950.0 6.9639e-16
15975.0 6.8897e-16
16000.0 6.8682e-16
16025.0 6.841e-16
16050.0 6.8082e-16
16075.0 6.775e-16
16100.0 6.7142e-16
16125.0 6.6389e-16
16150.0 6.6026e-16
16175.0 6.577e-16
16200.0 6.4986e-16
16225.0 6.4487e-16
16250.0 6.4562e-16
16275.0 6.4148e-16
16300.0 6.354e-16
16325.0 6.3457e-16
16350.0 6.3321e-16
16375.0 6.276e-16
16400.0 6.2197e-16
16425.0 6.1907e-16
16450.0 6.1683e-16
16475.0 6.157e-16
16500.0 6.1533e-16
16525.0 6.1068e-16
16550.0 6.0786e-16
16575.0 6.0921e-16
16600.0 6.0911e-16
16625.0 6.0807e-16
16650.0 6.0284e-16
16675.0 5.9859e-16
16700.0 5.9687e-16
16725.0 5.9446e-16
16750.0 5.8997e-16
16775.0 5.8118e-16
16800.0 5.7433e-16
16825.0 5.7023e-16
16850.0 5.7444e-16
16875.0 5.716e-16
16900.0 5.6946e-16
16925.0 5.6292e-16
16950.0 5.4753e-16
16975.0 5.459e-16
17000.0 5.5164e-16
17025.0 5.5321e-16
17050.0 5.4563e-16
17075.0 5.333e-16
17100.0 5.1664e-16
17125.0 5.1557e-16
17150.0 5.1729e-16
