wave,flux
1140.5999755859375,1.0423532e-10
1141.5999755859375,1.08509667e-10
1142.5999755859375,1.0566014e-10
1143.5999755859375,1.0157049e-10
1144.5999755859375,9.8694324e-11
1145.5999755859375,1.01115866e-10
1146.5999755859375,1.1001925e-10
1147.5999755859375,1.047911e-10
1148.5999755859375,1.05787094e-10
1149.6500244140625,9.87275e-11
1150.6500244140625,1.0462997e-10
1151.6500244140625,1.01508406e-10
1152.6500244140625,1.00487146e-10
1153.6500244140625,9.953417e-11
1154.6500244140625,1.01716295e-10
1155.6500244140625,1.0083216e-10
1156.675048828125,1.0024966e-10
1157.7000732421875,9.739733e-11
1158.7000732421875,9.605665e-11
1159.7000732421875,9.888042e-11
1160.7000732421875,1.03356726e-10
1161.7000732421875,1.0697082e-10
1162.7000732421875,1.0405299e-10
1163.7000732421875,1.07195586e-10
1164.72509765625,1.0367891e-10
1165.75,9.980966e-11
1166.75,9.979194e-11
1167.75,9.639469e-11
1168.75,8.855339e-11
1169.75,8.6366705e-11
1170.75,9.2785855e-11
1171.800048828125,9.244421e-11
1172.800048828125,9.155564e-11
1173.800048828125,9.1611524e-11
1174.800048828125,8.333774e-11
1175.800048828125,7.822342e-11
1176.800048828125,8.2950445e-11
1177.800048828125,9.071984e-11
1178.8250732421875,9.007356e-11
1179.8499755859375,8.808523e-11
1180.8499755859375,9.1902624e-11
1181.8499755859375,9.2615984e-11
1182.8499755859375,8.697984e-11
1183.8499755859375,8.7158475e-11
1184.875,8.372688e-11
1185.9000244140625,8.479953e-11
1186.9000244140625,8.569317e-11
1187.9000244140625,8.398506e-11
1188.9000244140625,8.531437e-11
1189.9000244140625,8.275074e-11
1190.9000244140625,8.1049535e-11
1191.925048828125,8.543607e-11
1192.9500732421875,7.8857955e-11
1193.9500732421875,7.660421e-11
1194.9500732421875,7.8141354e-11
1195.9500732421875,7.462417e-11
1196.9500732421875,7.912516e-11
1197.97509765625,7.7908936e-11
1199.0,7.3177776e-11
1200.0,6.7514536e-11
1201.0,6.683622e-11
1202.0,7.3585554e-11
1203.0,7.794533e-11
1204.0,7.932536e-11
1205.050048828125,8.0064365e-11
1206.050048828125,7.986696e-11
1207.050048828125,7.798738e-11
1208.050048828125,7.8896875e-11
1209.050048828125,7.7037696e-11
1210.0750732421875,7.5491786e-11
1211.0999755859375,7.7511525e-11
1212.0999755859375,7.166721e-11
1213.0999755859375,6.208069e-11
1214.0999755859375,4.583931e-11
1215.0999755859375,2.676313e-11
1216.125,2.089337e-11
1217.1500244140625,3.8676742e-11
1218.1500244140625,5.941882e-11
1219.1500244140625,7.196807e-11
1220.1500244140625,7.722113e-11
1221.1500244140625,7.797199e-11
1222.2000732421875,7.616986e-11
1223.2000732421875,7.8879396e-11
1224.2000732421875,8.0731984e-11
1225.2000732421875,7.9249066e-11
1226.2000732421875,8.222808e-11
1227.2000732421875,8.1600976e-11
1228.25,7.741587e-11
1229.25,7.674903e-11
1230.25,7.6160085e-11
1231.25,7.641628e-11
1232.25,7.341399e-11
1233.2750244140625,6.708467e-11
1234.300048828125,6.831307e-11
1235.300048828125,7.410843e-11
1236.300048828125,7.0588695e-11
1237.300048828125,6.299153e-11
1238.300048828125,5.2752726e-11
1239.3250732421875,5.3259494e-11
1240.3499755859375,6.259147e-11
1241.3499755859375,6.0049195e-11
1242.3499755859375,5.1454927e-11
1243.3499755859375,5.315019e-11
1244.375,6.136419e-11
1245.4000244140625,6.4766796e-11
1246.4000244140625,7.091886e-11
1247.4000244140625,6.9341345e-11
1248.4000244140625,6.817089e-11
1249.4000244140625,6.843762e-11
1250.4500732421875,6.550475e-11
1251.4500732421875,6.795571e-11
1252.4500732421875,6.479299e-11
1253.4500732421875,6.205461e-11
1254.4500732421875,6.61182e-11
1255.47509765625,7.131544e-11
1256.5,6.95094e-11
1257.5,6.844072e-11
1258.5,6.8860286e-11
1259.5,6.7506854e-11
1260.5,6.332884e-11
1261.550048828125,6.498024e-11
1262.550048828125,7.2071814e-11
1263.550048828125,7.243069e-11
1264.550048828125,7.120064e-11
1265.550048828125,7.005734e-11
1266.5999755859375,6.7193806e-11
1267.5999755859375,6.5380944e-11
1268.5999755859375,6.7092644e-11
1269.5999755859375,6.722839e-11
1270.5999755859375,6.6228e-11
1271.625,6.686623e-11
1272.6500244140625,6.574576e-11
1273.6500244140625,6.69901e-11
1274.6500244140625,7.070103e-11
1275.6500244140625,7.340188e-11
1276.675048828125,6.777597e-11
1277.7000732421875,7.147744e-11
1278.7000732421875,7.154466e-11
1279.7000732421875,6.8188594e-11
1280.7000732421875,6.9428394e-11
1281.7000732421875,6.883057e-11
1282.75,6.810117e-11
1283.75,6.645931e-11
1284.75,6.735266e-11
1285.75,7.0700244e-11
1286.75,6.8581814e-11
1287.800048828125,6.600238e-11
1288.800048828125,7.114249e-11
1289.800048828125,7.265797e-11
1290.800048828125,7.425252e-11
1291.800048828125,7.518963e-11
1292.800048828125,7.5058626e-11
1293.8499755859375,7.6651054e-11
1294.8499755859375,7.5926196e-11
1295.8499755859375,7.022112e-11
1296.8499755859375,6.875817e-11
1297.8499755859375,7.160718e-11
1298.9000244140625,7.363909e-11
1299.9000244140625,7.22951e-11
1300.9000244140625,6.540894e-11
1301.9000244140625,6.501175e-11
1302.9000244140625,6.5574296e-11
1303.925048828125,6.707433e-11
1304.9500732421875,6.468117e-11
1305.9500732421875,6.222993e-11
1306.9500732421875,6.382767e-11
1307.9500732421875,6.7116986e-11
1308.97509765625,6.50116e-11
1310.0,6.161941e-11
1311.0,6.2568416e-11
1312.0,6.257358e-11
1313.0,6.290023e-11
1314.0,6.3353e-11
1315.050048828125,6.020313e-11
1316.050048828125,6.194247e-11
1317.050048828125,6.168536e-11
1318.050048828125,5.7698755e-11
1319.050048828125,6.127644e-11
1320.0999755859375,6.311446e-11
1321.0999755859375,6.1918276e-11
1322.0999755859375,6.52819e-11
1323.0999755859375,6.497492e-11
1324.0999755859375,6.318439e-11
1325.0999755859375,6.608667e-11
1326.1500244140625,7.011537e-11
1327.1500244140625,6.836985e-11
1328.1500244140625,6.796686e-11
1329.1500244140625,6.5343043e-11
1330.1500244140625,6.31841e-11
1331.2000732421875,6.227949e-11
1332.2000732421875,6.3951386e-11
1333.2000732421875,6.211489e-11
1334.2000732421875,5.981884e-11
1335.2000732421875,5.9498205e-11
1336.22509765625,6.053677e-11
1337.25,6.189446e-11
1338.25,6.2630894e-11
1339.25,6.110018e-11
1340.25,6.141979e-11
1341.25,6.485567e-11
1342.300048828125,6.5929956e-11
1343.300048828125,5.9127286e-11
1344.300048828125,6.059202e-11
1345.300048828125,6.1793626e-11
1346.300048828125,6.045957e-11
1347.300048828125,5.995932e-11
1348.3499755859375,6.004187e-11
1349.3499755859375,5.953567e-11
1350.3499755859375,5.6814123e-11
1351.3499755859375,5.89477e-11
1352.3499755859375,6.10215e-11
1353.375,6.17062e-11
1354.4000244140625,6.248616e-11
1355.4000244140625,5.93041e-11
1356.4000244140625,5.814578e-11
1357.4000244140625,5.639216e-11
1358.4000244140625,5.735474e-11
1359.425048828125,5.6405172e-11
1360.4500732421875,5.8075697e-11
1361.4500732421875,5.425863e-11
1362.4500732421875,5.219265e-11
1363.4500732421875,5.260967e-11
1364.4500732421875,5.6570096e-11
1365.5,5.3819383e-11
1366.5,5.943315e-11
1367.5,6.165912e-11
1368.5,6.190177e-11
1369.5,6.121405e-11
1370.5,5.7020038e-11
1371.550048828125,5.2440198e-11
1372.550048828125,5.56594e-11
1373.550048828125,5.2781928e-11
1374.550048828125,5.0779596e-11
1375.550048828125,5.431811e-11
1376.550048828125,5.488218e-11
1377.5999755859375,5.6399777e-11
1378.5999755859375,5.412886e-11
1379.5999755859375,5.4995192e-11
1380.5999755859375,5.976164e-11
1381.5999755859375,6.1366974e-11
1382.5999755859375,6.054983e-11
1383.625,5.956164e-11
1384.6500244140625,5.5566506e-11
1385.6500244140625,5.4300273e-11
1386.6500244140625,5.243416e-11
1387.6500244140625,4.8940352e-11
1388.6500244140625,5.0677473e-11
1389.6500244140625,5.7014195e-11
1390.7000732421875,5.906262e-11
1391.7000732421875,5.928033e-11
1392.7000732421875,5.603949e-11
1393.7000732421875,5.2100917e-11
1394.7000732421875,5.12824e-11
1395.7000732421875,5.616716e-11
1396.72509765625,5.460325e-11
1397.75,5.264262e-11
1398.75,5.7244844e-11
1399.75,5.821933e-11
1400.75,5.470297e-11
1401.75,5.4183925e-11
1402.75,5.04718e-11
1403.7750244140625,5.483494e-11
1404.800048828125,5.5937442e-11
1405.800048828125,5.604996e-11
1406.800048828125,4.981171e-11
1407.800048828125,4.8570675e-11
1408.800048828125,4.7259942e-11
1409.800048828125,4.6093497e-11
1410.800048828125,5.3729937e-11
1411.85009765625,5.4481666e-11
1412.85009765625,6.001676e-11
1413.85009765625,5.7931347e-11
1414.85009765625,5.311247e-11
1415.85009765625,5.270118e-11
1416.85009765625,5.2480364e-11
1417.85009765625,5.2962152e-11
1418.900146484375,5.10062e-11
1419.900146484375,4.7364286e-11
1420.900146484375,4.75402e-11
1421.900146484375,5.2745926e-11
1422.900146484375,5.3106682e-11
1423.900146484375,5.5117137e-11
1424.900146484375,5.3803646e-11
1425.900146484375,5.1504273e-11
1426.925048828125,5.1072264e-11
1427.9500732421875,4.9841565e-11
1428.9500732421875,5.128783e-11
1429.9500732421875,4.677282e-11
1430.9500732421875,4.7072568e-11
1431.9500732421875,5.0907153e-11
1432.9500732421875,5.1857213e-11
1433.9500732421875,5.3338202e-11
1434.9749755859375,5.2833373e-11
1436.0,5.3127613e-11
1437.0,5.2452386e-11
1438.0,4.8850885e-11
1439.0,4.8064296e-11
1440.0,4.7461857e-11
1441.0,4.5639964e-11
1442.0,4.9454326e-11
1443.0,4.8735398e-11
1444.0,5.087042e-11
1445.050048828125,4.9056714e-11
1446.050048828125,4.610952e-11
1447.050048828125,4.6501292e-11
1448.050048828125,4.819222e-11
1449.050048828125,4.5164573e-11
1450.050048828125,4.5859573e-11
1451.050048828125,4.741052e-11
1452.050048828125,4.5531575e-11
1453.050048828125,4.3574064e-11
1454.050048828125,4.5644242e-11
1455.0999755859375,4.5201044e-11
1456.0999755859375,4.4877824e-11
1457.0999755859375,4.8081216e-11
1458.0999755859375,4.8336148e-11
1459.0999755859375,4.7115464e-11
1460.0999755859375,4.459531e-11
1461.0999755859375,4.5859785e-11
1462.0999755859375,4.83998e-11
1463.0999755859375,4.842096e-11
1464.0999755859375,4.8542566e-11
1465.0999755859375,4.5617114e-11
1466.0999755859375,4.6515698e-11
1467.1500244140625,4.6194538e-11
1468.1500244140625,4.653293e-11
1469.1500244140625,4.6568274e-11
1470.1500244140625,4.938949e-11
1471.1500244140625,4.8891894e-11
1472.1500244140625,4.5406134e-11
1473.1500244140625,4.6081274e-11
1474.1500244140625,4.98197e-11
1475.1500244140625,4.7591667e-11
1476.1500244140625,4.5333758e-11
1477.1500244140625,4.589746e-11
1478.1500244140625,4.6294742e-11
1479.1500244140625,4.583143e-11
1480.1500244140625,4.650838e-11
1481.175048828125,4.7418475e-11
1482.2000732421875,4.668064e-11
1483.2000732421875,4.4202073e-11
1484.2000732421875,4.4843608e-11
1485.2000732421875,4.3810587e-11
1486.2000732421875,4.4555318e-11
1487.2000732421875,4.4754533e-11
1488.2000732421875,4.6704005e-11
1489.2000732421875,4.5717204e-11
1490.2000732421875,4.27739e-11
1491.2000732421875,4.3883192e-11
1492.2000732421875,4.535924e-11
1493.2000732421875,4.5999458e-11
1494.2000732421875,4.6503513e-11
1495.2000732421875,4.576326e-11
1496.2000732421875,4.496662e-11
1497.2000732421875,4.5316573e-11
1498.2000732421875,4.2731263e-11
1499.2000732421875,4.122869e-11
1500.2000732421875,4.32302e-11
1501.2000732421875,4.4891778e-11
1502.2000732421875,4.2143775e-11
1503.2000732421875,4.300958e-11
1504.2000732421875,4.2739458e-11
1505.2000732421875,4.5652728e-11
1506.2000732421875,4.7736152e-11
1507.25,4.7024922e-11
1508.25,4.7192472e-11
1509.25,4.8779557e-11
1510.25,4.7944915e-11
1511.25,4.6030308e-11
1512.25,4.5764465e-11
1513.25,4.6386762e-11
1514.25,4.65286e-11
1515.25,4.6611687e-11
1516.25,4.5559185e-11
1517.25,4.542784e-11
1518.25,4.6469995e-11
1519.25,4.3993184e-11
1520.25,4.3599527e-11
1521.25,4.5860146e-11
1522.25,4.7616085e-11
1523.25,4.7190578e-11
1524.25,4.4153365e-11
1525.25,4.2836183e-11
1526.25,4.291522e-11
1527.25,4.0549446e-11
1528.25,4.2115054e-11
1529.25,4.41969e-11
1530.25,4.2371995e-11
1531.25,4.329828e-11
1532.25,4.0669447e-11
1533.22509765625,3.876954e-11
1534.2000732421875,4.099549e-11
1535.2000732421875,4.3266026e-11
1536.2000732421875,4.5184655e-11
1537.2000732421875,4.4659106e-11
1538.2000732421875,4.3526203e-11
1539.2000732421875,4.275496e-11
1540.2000732421875,4.492929e-11
1541.2000732421875,4.500537e-11
1542.2000732421875,4.3129153e-11
1543.2000732421875,3.958908e-11
1544.2000732421875,4.0102907e-11
1545.2000732421875,4.1566996e-11
1546.2000732421875,4.2838042e-11
1547.2000732421875,4.1791123e-11
1548.2000732421875,3.830415e-11
1549.2000732421875,4.0056715e-11
1550.2000732421875,4.0593934e-11
1551.2000732421875,3.852324e-11
1552.2000732421875,4.104524e-11
1553.2000732421875,4.0758865e-11
1554.2000732421875,4.1550163e-11
1555.2000732421875,4.1437572e-11
1556.175048828125,4.2222795e-11
1557.1500244140625,4.1334283e-11
1558.1500244140625,3.994871e-11
1559.1500244140625,4.108329e-11
1560.1500244140625,4.0524216e-11
1561.1500244140625,4.0411015e-11
1562.1500244140625,4.1154236e-11
1563.1500244140625,3.969287e-11
1564.1500244140625,3.90747e-11
1565.1500244140625,3.9684728e-11
1566.1500244140625,3.9561653e-11
1567.1500244140625,3.847946e-11
1568.1500244140625,3.993059e-11
1569.125,3.8963048e-11
1570.0999755859375,3.9381186e-11
1571.0999755859375,3.969088e-11
1572.0999755859375,4.0378534e-11
1573.0999755859375,4.151982e-11
1574.0999755859375,4.202731e-11
1575.0999755859375,3.994709e-11
1576.0999755859375,3.8620704e-11
1577.0999755859375,4.0210505e-11
1578.0999755859375,4.012402e-11
1579.074951171875,3.964044e-11
1580.050048828125,3.975862e-11
1581.050048828125,4.082771e-11
1582.425048828125,3.9536645e-11
1583.875,3.7758706e-11
1585.3499755859375,3.901672e-11
1586.8250732421875,4.0487492e-11
1588.275146484375,4.014701e-11
1589.7501220703125,3.9506832e-11
1591.22509765625,3.8013884e-11
1592.675048828125,3.8339148e-11
1594.150146484375,3.9134397e-11
1595.6251220703125,3.8704016e-11
1597.0750732421875,3.8037337e-11
1598.5750732421875,3.769412e-11
1600.050048828125,3.857983e-11
1601.5250244140625,3.7131197e-11
1602.97509765625,3.7373354e-11
1604.4500732421875,3.683444e-11
1605.925048828125,3.5808828e-11
1607.375,3.584699e-11
1608.8499755859375,3.4720154e-11
1610.3250732421875,3.4121147e-11
1611.775146484375,3.5426453e-11
1613.2501220703125,3.4884106e-11
1614.72509765625,3.4299556e-11
1616.175048828125,3.502163e-11
1617.650146484375,3.507763e-11
1619.1251220703125,3.4990382e-11
1620.5750732421875,3.4967806e-11
1622.050048828125,3.560809e-11
1623.5250244140625,3.5565027e-11
1625.0250244140625,3.472679e-11
1626.47509765625,3.4275468e-11
1627.9500732421875,3.469745e-11
1629.425048828125,3.4365035e-11
1630.875,3.3607468e-11
1632.3499755859375,3.4666128e-11
1633.8250732421875,3.5187672e-11
1635.275146484375,3.4914197e-11
1636.7501220703125,3.3428926e-11
1638.22509765625,3.038084e-11
1639.7000732421875,2.6867715e-11
1641.175048828125,2.7758108e-11
1642.650146484375,3.097306e-11
1644.1251220703125,3.319895e-11
1645.5750732421875,3.4705985e-11
1647.050048828125,3.55461e-11
1648.5250244140625,3.5615448e-11
1649.97509765625,3.556924e-11
1651.4500732421875,3.4749745e-11
1652.925048828125,3.3979732e-11
1654.425048828125,3.4512452e-11
1655.875,3.3569446e-11
1657.3499755859375,3.3140105e-11
1658.8250732421875,3.3612464e-11
1660.275146484375,3.4129283e-11
1661.7501220703125,3.422911e-11
1663.22509765625,3.424178e-11
1664.7000732421875,3.4583322e-11
1666.175048828125,3.5059948e-11
1667.650146484375,3.4593644e-11
1669.1251220703125,3.3931788e-11
1670.5750732421875,3.2475054e-11
1672.050048828125,3.2180456e-11
1673.5250244140625,3.3289486e-11
1675.0001220703125,3.4581515e-11
1676.47509765625,3.4492062e-11
1677.9500732421875,3.578498e-11
1679.425048828125,3.570664e-11
1680.875,3.4518766e-11
1682.3499755859375,3.4893272e-11
1683.8250732421875,3.52632e-11
1685.3250732421875,3.4632453e-11
1686.775146484375,3.304606e-11
1688.2501220703125,3.3259423e-11
1689.72509765625,3.370364e-11
1691.175048828125,3.411904e-11
1692.650146484375,3.4350283e-11
1694.150146484375,3.3261623e-11
1695.6251220703125,3.2609346e-11
1697.0750732421875,3.2175457e-11
1698.550048828125,3.117378e-11
1700.0250244140625,3.114112e-11
1701.5001220703125,3.1643514e-11
1702.97509765625,3.2257808e-11
1704.4500732421875,3.220852e-11
1705.925048828125,3.2413208e-11
1707.375,3.2155653e-11
1708.8499755859375,3.2452006e-11
1710.3250732421875,3.2106744e-11
1711.8250732421875,3.1774926e-11
1713.275146484375,3.1787004e-11
1714.7501220703125,3.1465486e-11
1716.22509765625,2.9526794e-11
1717.7000732421875,2.550433e-11
1719.175048828125,2.618902e-11
1720.650146484375,2.8723995e-11
1722.1251220703125,2.914138e-11
1723.5750732421875,2.9408937e-11
1725.050048828125,2.9788966e-11
1726.550048828125,3.034057e-11
1728.0250244140625,3.0553657e-11
1729.47509765625,2.9566145e-11
1730.9500732421875,2.968576e-11
1732.425048828125,3.0767063e-11
1733.925048828125,3.1445076e-11
1735.375,3.143075e-11
1736.8499755859375,3.1207457e-11
1738.3250732421875,3.089464e-11
1739.800048828125,3.0692726e-11
1741.275146484375,3.049827e-11
1742.7501220703125,3.094693e-11
1744.22509765625,3.1490338e-11
1745.675048828125,3.099476e-11
1747.150146484375,2.9803174e-11
1748.650146484375,3.0080455e-11
1750.1251220703125,2.979758e-11
1751.5750732421875,2.8876903e-11
1753.050048828125,3.0280608e-11
1754.550048828125,3.0383883e-11
1756.0250244140625,3.0271674e-11
1757.47509765625,3.024867e-11
1758.9500732421875,3.0078266e-11
1760.425048828125,2.967277e-11
1761.925048828125,2.964542e-11
1763.375,2.985142e-11
1764.8499755859375,2.937536e-11
1766.3250732421875,2.9242e-11
1767.800048828125,2.9380064e-11
1769.275146484375,2.985106e-11
1770.7501220703125,2.9724473e-11
1772.22509765625,3.0010223e-11
1773.675048828125,2.9841175e-11
1775.175048828125,2.969672e-11
1776.650146484375,2.9398244e-11
1778.1251220703125,2.9662404e-11
1779.5750732421875,2.9358207e-11
1781.0750732421875,2.927297e-11
1782.550048828125,2.8995573e-11
1784.0250244140625,2.895778e-11
1786.265625,2.9567e-11
1787.637817,2.9698e-11
1789.010132,2.9534e-11
1790.382324,2.9126e-11
1791.754517,2.8916e-11
1793.126831,2.893e-11
1794.499023,2.8895e-11
1795.871338,2.8777e-11
1797.243652,2.8742e-11
1798.615967,2.8658e-11
1799.988281,2.8674e-11
1801.360596,2.8463e-11
1802.73291,2.8048e-11
1804.105225,2.7697e-11
1805.477661,2.7578e-11
1806.849976,2.7472e-11
1808.222412,2.7473e-11
1809.594727,2.76e-11
1810.967163,2.7647e-11
1812.3396,2.7874e-11
1813.712036,2.8021e-11
1815.084473,2.8126e-11
1816.456909,2.8055e-11
1817.829468,2.7679e-11
1819.201904,2.7537e-11
1820.574341,2.7707e-11
1821.946899,2.7548e-11
1823.319458,2.7445e-11
1824.691895,2.7283e-11
1826.064453,2.71e-11
1827.437012,2.7144e-11
1828.80957,2.7291e-11
1830.182129,2.7632e-11
1831.55481,2.7931e-11
1832.927368,2.792e-11
1834.299927,2.7699e-11
1835.672607,2.7376e-11
1837.045166,2.6912e-11
1838.417847,2.6725e-11
1839.790527,2.6539e-11
1841.163208,2.6534e-11
1842.535889,2.6537e-11
1843.908569,2.6141e-11
1845.28125,2.5679e-11
1846.653931,2.5998e-11
1848.026611,2.6244e-11
1849.399414,2.6143e-11
1850.772095,2.5914e-11
1852.144897,2.5764e-11
1853.5177,2.5704e-11
1854.890381,2.5914e-11
1856.263184,2.6013e-11
1857.635986,2.594e-11
1859.008789,2.5962e-11
1860.381592,2.564e-11
1861.754395,2.5575e-11
1863.127319,2.5957e-11
1864.500122,2.6262e-11
1865.873047,2.6416e-11
1867.24585,2.606e-11
1868.618774,2.5742e-11
1869.991699,2.5724e-11
1871.364502,2.5516e-11
1872.737427,2.5299e-11
1874.110352,2.5213e-11
1875.483276,2.5394e-11
1876.856201,2.5687e-11
1878.229248,2.5762e-11
1879.602173,2.5711e-11
1880.975098,2.552e-11
1882.348145,2.499e-11
1883.721191,2.4445e-11
1885.094116,2.4716e-11
1886.467163,2.5148e-11
1887.84021,2.5295e-11
1889.213257,2.5354e-11
1890.586304,2.5324e-11
1891.959351,2.5434e-11
1893.332397,2.5376e-11
1894.705444,2.5256e-11
1896.078491,2.5042e-11
1897.45166,2.5e-11
1898.824707,2.4822e-11
1900.197876,2.4869e-11
1901.571045,2.4787e-11
1902.944092,2.4639e-11
1904.317261,2.4516e-11
1905.69043,2.4273e-11
1907.063599,2.3966e-11
1908.436768,2.4122e-11
1909.809937,2.4287e-11
1911.183105,2.434e-11
1912.556396,2.4258e-11
1913.929565,2.4193e-11
1915.302734,2.4174e-11
1916.676025,2.4044e-11
1918.049194,2.3522e-11
1919.422485,2.3153e-11
1920.795776,2.3363e-11
1922.169067,2.3744e-11
1923.542358,2.3768e-11
1924.915649,2.37e-11
1926.28894,2.3584e-11
1927.662231,2.3351e-11
1929.035522,2.3237e-11
1930.408813,2.3446e-11
1931.782227,2.3629e-11
1933.155518,2.3638e-11
1934.528809,2.3492e-11
1935.902222,2.3278e-11
1937.275635,2.3135e-11
1938.648926,2.3286e-11
1940.022339,2.335e-11
1941.395752,2.336e-11
1942.769165,2.3015e-11
1944.142578,2.2663e-11
1945.515991,2.2558e-11
1946.889404,2.2797e-11
1948.262817,2.2806e-11
1949.636353,2.2693e-11
1951.009766,2.2733e-11
1952.383179,2.2682e-11
1953.756714,2.2494e-11
1955.130249,2.2416e-11
1956.503662,2.2383e-11
1957.877197,2.235e-11
1959.250732,2.2413e-11
1960.624268,2.2516e-11
1961.997681,2.252e-11
1963.371216,2.2412e-11
1964.744751,2.2266e-11
1966.118408,2.2148e-11
1967.491943,2.2177e-11
1968.865479,2.22e-11
1970.239014,2.2176e-11
1971.612671,2.2049e-11
1972.986206,2.2028e-11
1974.359863,2.1843e-11
1975.733398,2.1833e-11
1977.107056,2.1836e-11
1978.480713,2.176e-11
1979.85437,2.1714e-11
1981.227905,2.1639e-11
1982.601562,2.1539e-11
1983.97522,2.1476e-11
1985.348877,2.1439e-11
1986.722534,2.1429e-11
1988.096313,2.134e-11
1989.469971,2.1229e-11
1990.843628,2.122e-11
1992.217407,2.1096e-11
1993.591064,2.1174e-11
1994.964722,2.12e-11
1996.338501,2.1178e-11
1997.71228,2.1266e-11
1999.085938,2.1256e-11
2000.459717,2.1256e-11
2001.833496,2.1126e-11
2003.207275,2.1074e-11
2004.581055,2.0971e-11
2005.954834,2.0838e-11
2007.328613,2.0799e-11
2008.702393,2.075e-11
2010.076172,2.0724e-11
2011.449951,2.0751e-11
2012.82373,2.0707e-11
2014.197632,2.0713e-11
2015.571411,2.0738e-11
2016.945312,2.0658e-11
2018.319092,2.0612e-11
2019.692993,2.0657e-11
2021.066772,2.0591e-11
2022.440674,2.0466e-11
2023.814575,2.0357e-11
2025.188354,2.0246e-11
2026.562256,2.0129e-11
2027.936157,2.0139e-11
2029.310059,2.0146e-11
2030.68396,2.0137e-11
2032.057861,2.0162e-11
2033.431763,2.0059e-11
2034.805786,1.9731e-11
2036.179688,1.9525e-11
2037.553589,1.9613e-11
2038.927612,1.9663e-11
2040.301514,1.9767e-11
2041.675415,1.9765e-11
2043.049438,1.9672e-11
2044.42334,1.963e-11
2045.797363,1.9486e-11
2047.171387,1.9429e-11
2048.54541,1.9348e-11
2049.919434,1.9421e-11
2051.293457,1.9337e-11
2052.667236,1.9238e-11
2054.04126,1.921e-11
2055.415283,1.9162e-11
2056.789307,1.914e-11
2058.16333,1.9093e-11
2059.537598,1.9149e-11
2060.911621,1.901e-11
2062.285645,1.871e-11
2063.659668,1.8264e-11
2065.033691,1.8124e-11
2066.407715,1.8307e-11
2067.781738,1.8327e-11
2069.156006,1.8515e-11
2070.530029,1.8648e-11
2071.904053,1.8722e-11
2073.27832,1.8743e-11
2074.652344,1.8731e-11
2076.026367,1.8755e-11
2077.400635,1.8564e-11
2078.774658,1.8202e-11
2080.148682,1.7971e-11
2081.522949,1.809e-11
2082.896973,1.8213e-11
2084.27124,1.8287e-11
2085.645264,1.8266e-11
2087.019531,1.8253e-11
2088.393555,1.8168e-11
2089.767822,1.8157e-11
2091.14209,1.8122e-11
2092.516113,1.8082e-11
2093.890381,1.8122e-11
2095.264648,1.8078e-11
2096.638672,1.7979e-11
2098.012939,1.7827e-11
2099.387207,1.7706e-11
2100.761475,1.7542e-11
2102.135498,1.7483e-11
2103.509766,1.7395e-11
2104.884033,1.7458e-11
2106.258301,1.7465e-11
2107.632568,1.743e-11
2109.006592,1.7544e-11
2110.380859,1.7628e-11
2111.755127,1.7573e-11
2113.129395,1.7364e-11
2114.503662,1.7147e-11
2115.87793,1.7187e-11
2117.252197,1.7295e-11
2118.626465,1.7275e-11
2120.000732,1.7154e-11
2121.375,1.7081e-11
2122.749268,1.7097e-11
2124.123535,1.6982e-11
2125.498047,1.6923e-11
2126.872314,1.7005e-11
2128.246582,1.7017e-11
2129.62085,1.7012e-11
2130.995117,1.6857e-11
2132.369385,1.6619e-11
2133.743896,1.6509e-11
2135.118164,1.6476e-11
2136.492432,1.6614e-11
2137.866699,1.6791e-11
2139.241211,1.6879e-11
2140.615479,1.6942e-11
2141.989746,1.6888e-11
2143.364258,1.6687e-11
2144.738525,1.6373e-11
2146.112793,1.5959e-11
2147.487305,1.5728e-11
2148.861572,1.5605e-11
2150.236084,1.5764e-11
2151.610352,1.6166e-11
2152.984863,1.6501e-11
2154.359131,1.6653e-11
2155.733643,1.6689e-11
2157.10791,1.6607e-11
2158.482422,1.6407e-11
2159.856689,1.6084e-11
2161.231201,1.577e-11
2162.605469,1.5474e-11
2163.97998,1.5098e-11
2165.354248,1.507e-11
2166.72876,1.5332e-11
2168.103271,1.5699e-11
2169.477539,1.6075e-11
2170.852051,1.6269e-11
2172.226562,1.6393e-11
2173.60083,1.6505e-11
2174.975342,1.6567e-11
2176.349854,1.6455e-11
2177.724365,1.6326e-11
2179.098633,1.6211e-11
2180.473145,1.5975e-11
2181.847656,1.5655e-11
2183.222168,1.5199e-11
2184.596436,1.467e-11
2185.970947,1.4186e-11
2187.345459,1.4075e-11
2188.719971,1.4446e-11
2190.094482,1.4955e-11
2191.468994,1.5397e-11
2192.843262,1.5738e-11
2194.217773,1.5933e-11
2195.592285,1.6104e-11
2196.966797,1.6168e-11
2198.341309,1.615e-11
2199.71582,1.6215e-11
2201.090332,1.6207e-11
2202.464844,1.613e-11
2203.839355,1.605e-11
2205.213867,1.5839e-11
2206.588379,1.549e-11
2207.962891,1.5278e-11
2209.337402,1.492e-11
2210.711914,1.4427e-11
2212.086426,1.377e-11
2213.460938,1.3184e-11
2214.835449,1.2926e-11
2216.209961,1.3231e-11
2217.584473,1.387e-11
2218.958984,1.4371e-11
2220.333496,1.4791e-11
2221.708008,1.5235e-11
2223.08252,1.5409e-11
2224.457275,1.5487e-11
2225.831787,1.5497e-11
2227.206299,1.5464e-11
2228.580811,1.5383e-11
2229.955322,1.5385e-11
2231.329834,1.5516e-11
2232.704346,1.5608e-11
2234.079102,1.5515e-11
2235.453613,1.5414e-11
2236.828125,1.539e-11
2238.202637,1.5369e-11
2239.577148,1.5359e-11
2240.951904,1.5293e-11
2242.326416,1.5111e-11
2243.700928,1.4904e-11
2245.075439,1.4618e-11
2246.450195,1.4245e-11
2247.824707,1.3716e-11
2249.199219,1.3111e-11
2250.57373,1.2481e-11
2251.948486,1.1858e-11
2253.322998,1.1796e-11
2254.69751,1.2423e-11
2256.072021,1.3072e-11
2257.446777,1.3655e-11
2258.821289,1.4101e-11
2260.195801,1.4293e-11
2261.570557,1.4471e-11
2262.945068,1.4576e-11
2264.31958,1.4679e-11
2265.694336,1.4721e-11
2267.068848,1.4707e-11
2268.443359,1.4786e-11
2269.818115,1.4778e-11
2271.192627,1.4698e-11
2272.567139,1.4682e-11
2273.941895,1.4656e-11
2275.316406,1.4694e-11
2276.691162,1.4595e-11
2278.065674,1.4469e-11
2279.440186,1.4451e-11
2280.814941,1.4557e-11
2282.189453,1.461e-11
2283.563965,1.4487e-11
2284.938721,1.4311e-11
2286.313232,1.4164e-11
2287.687988,1.4128e-11
2289.0625,1.4138e-11
2290.437012,1.4174e-11
2291.811768,1.417e-11
2293.186279,1.4096e-11
2294.561035,1.3955e-11
2295.935547,1.3749e-11
2297.310303,1.3508e-11
2298.684814,1.3363e-11
2300.059326,1.3131e-11
2301.434082,1.2753e-11
2302.808594,1.2161e-11
2304.18335,1.1343e-11
2305.557861,1.0579e-11
2306.932617,1.0622e-11
2308.307129,1.1285e-11
2309.681641,1.1954e-11
2311.056396,1.2537e-11
2312.430908,1.2942e-11
2313.805664,1.3179e-11
2315.180176,1.3262e-11
2316.554932,1.3196e-11
2317.929443,1.3044e-11
2319.303955,1.3177e-11
2320.678711,1.3316e-11
2322.053223,1.3342e-11
2323.427979,1.3447e-11
2324.80249,1.3559e-11
2326.177246,1.3556e-11
2327.551758,1.355e-11
2328.926514,1.3511e-11
2330.301025,1.3503e-11
2331.675537,1.3495e-11
2333.050293,1.3407e-11
2334.424805,1.3271e-11
2335.799561,1.3339e-11
2337.174072,1.3429e-11
2338.548828,1.3401e-11
2339.92334,1.3335e-11
2341.297852,1.321e-11
2342.672607,1.2887e-11
2344.047119,1.2745e-11
2345.421875,1.2957e-11
2346.796387,1.3117e-11
2348.170898,1.3129e-11
2349.545654,1.3002e-11
2350.920166,1.2942e-11
2352.294922,1.298e-11
2353.669434,1.2998e-11
2355.043945,1.2992e-11
2356.418701,1.2933e-11
2357.793213,1.2822e-11
2359.167969,1.2764e-11
2360.54248,1.2754e-11
2361.916992,1.2745e-11
2363.291748,1.2673e-11
2364.66626,1.2558e-11
2366.040771,1.2419e-11
2367.415527,1.2338e-11
2368.790039,1.2376e-11
2370.164795,1.2399e-11
2371.539307,1.232e-11
2372.913818,1.2152e-11
2374.288574,1.2003e-11
2375.663086,1.1999e-11
2377.037598,1.1864e-11
2378.412354,1.1608e-11
2379.786865,1.1279e-11
2381.161377,1.0662e-11
2382.535889,9.818e-12
2383.910645,9.3187e-12
2385.285156,9.0273e-12
2386.659668,9.3273e-12
2388.034424,9.9931e-12
2389.408936,1.0574e-11
2390.783447,1.0996e-11
2392.157959,1.1219e-11
2393.532715,1.1366e-11
2394.907227,1.1443e-11
2396.281738,1.1472e-11
2397.65625,1.1479e-11
2399.031006,1.1459e-11
2400.405518,1.1509e-11
2401.780029,1.1513e-11
2403.154541,1.153e-11
2404.529053,1.1625e-11
2405.903809,1.1671e-11
2407.27832,1.1609e-11
2408.652832,1.1561e-11
2410.027344,1.152e-11
2411.401855,1.1453e-11
2412.776367,1.1277e-11
2414.150879,1.1269e-11
2415.525635,1.1399e-11
2416.900146,1.1524e-11
2418.274658,1.1535e-11
2419.64917,1.1448e-11
2421.023682,1.1377e-11
2422.398193,1.1275e-11
2423.772705,1.1224e-11
2425.147217,1.1236e-11
2426.521729,1.1293e-11
2427.89624,1.1311e-11
2429.270752,1.1288e-11
2430.645264,1.1143e-11
2432.019775,1.112e-11
2433.394287,1.1152e-11
2434.768799,1.1222e-11
2436.143311,1.1289e-11
2437.517822,1.1301e-11
2438.892334,1.1286e-11
2440.266846,1.1283e-11
2441.641357,1.1221e-11
2443.015869,1.122e-11
2444.390381,1.1171e-11
2445.764893,1.1072e-11
2447.139404,1.1025e-11
2448.513672,1.1046e-11
2449.888184,1.1075e-11
2451.262695,1.1066e-11
2452.637207,1.1054e-11
2454.011719,1.1028e-11
2455.38623,1.095e-11
2456.760498,1.0892e-11
2458.13501,1.0865e-11
2459.509521,1.0876e-11
2460.884033,1.0901e-11
2462.258301,1.0961e-11
2463.632812,1.0971e-11
2465.007324,1.0912e-11
2466.381592,1.0805e-11
2467.756104,1.0692e-11
2469.130615,1.0585e-11
2470.504883,1.0583e-11
2471.879395,1.0661e-11
2473.253906,1.0725e-11
2474.628174,1.0759e-11
2476.002686,1.0714e-11
2477.376953,1.0586e-11
2478.751465,1.0601e-11
2480.125977,1.066e-11
2481.500244,1.0622e-11
2482.874756,1.059e-11
2484.249023,1.0574e-11
2485.623535,1.0576e-11
2486.997803,1.057e-11
2488.37207,1.0547e-11
2489.746582,1.049e-11
2491.12085,1.0469e-11
2492.495361,1.041e-11
2493.869629,1.0327e-11
2495.243896,1.0301e-11
2496.618408,1.0299e-11
2497.992676,1.0286e-11
2499.366943,1.0239e-11
2500.741455,1.0188e-11
2502.115723,1.0062e-11
2503.48999,9.8936e-12
2504.864502,9.6706e-12
2506.23877,9.3553e-12
2507.613037,8.9215e-12
2508.987305,8.3595e-12
2510.361572,7.733e-12
2511.736084,7.4568e-12
2513.110352,7.9196e-12
2514.484619,8.5319e-12
2515.858887,8.9429e-12
2517.233154,9.1635e-12
2518.607422,9.4298e-12
2519.981689,9.6867e-12
2521.355957,9.8284e-12
2522.730225,9.8412e-12
2524.104492,9.8532e-12
2525.47876,9.9474e-12
2526.853027,9.9988e-12
2528.227295,9.9534e-12
2529.601562,9.9031e-12
2530.97583,9.8618e-12
2532.350098,9.9248e-12
2533.724121,9.9707e-12
2535.098389,9.9904e-12
2536.472656,9.9726e-12
2537.846924,9.9019e-12
2539.221191,9.8873e-12
2540.595215,9.8879e-12
2541.969482,9.8497e-12
2543.34375,9.8559e-12
2544.717773,9.8209e-12
2546.092041,9.7615e-12
2547.466309,9.7161e-12
2548.840332,9.7352e-12
2550.2146,9.75e-12
2551.588623,9.7215e-12
2552.962891,9.6721e-12
2554.337158,9.6552e-12
2555.711182,9.6654e-12
2557.085449,9.6468e-12
2558.459473,9.6327e-12
2559.833496,9.6441e-12
2561.207764,9.6173e-12
2562.581787,9.5239e-12
2563.956055,9.4696e-12
2565.330078,9.4517e-12
2566.704102,9.4848e-12
2568.078125,9.4509e-12
2569.452393,9.3907e-12
2570.826416,9.4307e-12
2572.200439,9.4329e-12
2573.574463,9.4272e-12
2574.94873,9.3887e-12
2576.322754,9.3555e-12
2577.696777,9.3498e-12
2579.070801,9.3899e-12
2580.444824,9.3715e-12
2581.818848,9.3029e-12
2583.192871,9.1828e-12
2584.566895,9.0274e-12
2585.940918,8.8394e-12
2587.314941,8.8346e-12
2588.688965,9.0085e-12
2590.062988,8.9999e-12
2591.437012,9.05e-12
2592.811035,9.009e-12
2594.184814,8.8869e-12
2595.558838,8.9086e-12
2596.932861,8.9554e-12
2598.306885,8.8148e-12
2599.680664,8.4468e-12
2601.054688,8.7166e-12
2602.428711,8.96e-12
2603.80249,9.02e-12
2605.176514,9.0531e-12
2606.550293,9.0208e-12
2607.924316,8.9882e-12
2609.29834,8.9102e-12
2610.672119,8.8265e-12
2612.045898,8.7692e-12
2613.419922,8.7517e-12
2614.793701,8.8011e-12
2616.167725,8.8037e-12
2617.541504,8.8292e-12
2618.915283,8.7783e-12
2620.289307,8.7857e-12
2621.663086,8.7653e-12
2623.036865,8.7211e-12
2624.410645,8.7191e-12
2625.784668,8.7302e-12
2627.158447,8.7347e-12
2628.532227,8.7295e-12
2629.906006,8.7285e-12
2631.279785,8.7111e-12
2632.653564,8.6696e-12
2634.027344,8.5458e-12
2635.401123,8.4725e-12
2636.774902,8.4919e-12
2638.148682,8.3285e-12
2639.522461,8.2305e-12
2640.895996,8.341e-12
2642.269775,8.4267e-12
2643.643555,8.3817e-12
2645.017334,8.1639e-12
2646.391113,7.9433e-12
2647.764648,8.1725e-12
2649.138428,8.3539e-12
2650.512207,8.3907e-12
2651.885742,8.4141e-12
2653.259521,8.4254e-12
2654.633057,8.3867e-12
2656.006836,8.3829e-12
2657.380371,8.3841e-12
2658.75415,8.3454e-12
2660.127686,8.2101e-12
2661.501221,8.0757e-12
2662.875,8.1273e-12
2664.248535,8.1004e-12
2665.62207,8.1442e-12
2666.99585,8.1993e-12
2668.369385,8.216e-12
2669.74292,8.217e-12
2671.116455,8.2161e-12
2672.48999,8.1997e-12
2673.863525,8.1427e-12
2675.237061,8.096e-12
2676.610596,8.0232e-12
2677.984131,7.8611e-12
2679.357666,7.9491e-12
2680.731201,8.0724e-12
2682.104736,8.087e-12
2683.478271,8.0671e-12
2684.851807,8.0505e-12
2686.225098,7.9741e-12
2687.598633,7.9188e-12
2688.972168,7.9201e-12
2690.345459,7.9696e-12
2691.718994,8.0134e-12
2693.092529,7.9785e-12
2694.46582,7.9694e-12
2695.839355,7.9252e-12
2697.212646,7.9179e-12
2698.586182,7.9202e-12
2699.959473,7.9247e-12
2701.332764,7.9252e-12
2702.706299,7.893e-12
2704.07959,7.8298e-12
2705.452881,7.8259e-12
2706.826172,7.7984e-12
2708.199707,7.7604e-12
2709.572998,7.7458e-12
2710.946289,7.7152e-12
2712.31958,7.6809e-12
2713.692871,7.6626e-12
2715.066162,7.6461e-12
2716.439453,7.6152e-12
2717.812744,7.569e-12
2719.186035,7.5142e-12
2720.559326,7.486e-12
2721.932373,7.4359e-12
2723.305664,7.3616e-12
2724.678955,7.2794e-12
2726.052246,7.1763e-12
2727.425293,6.9765e-12
2728.798584,6.6992e-12
2730.171631,6.3512e-12
2731.544922,5.8506e-12
2732.917969,5.4665e-12
2734.29126,5.6407e-12
2735.664307,6.0944e-12
2737.037598,6.4568e-12
2738.410645,6.7482e-12
2739.783691,6.9583e-12
2741.156738,7.0776e-12
2742.530029,7.1662e-12
2743.903076,7.1901e-12
2745.276123,7.2458e-12
2746.64917,7.2499e-12
2748.022217,7.2385e-12
2749.395264,7.271e-12
2750.768311,7.3111e-12
2752.141357,7.3332e-12
2753.514404,7.3324e-12
2754.887451,7.2958e-12
2756.260498,7.2637e-12
2757.633301,7.2257e-12
2759.006348,7.215e-12
2760.379395,7.2057e-12
2761.752197,7.2267e-12
2763.125244,7.2434e-12
2764.498047,7.2125e-12
2765.871094,7.2123e-12
2767.243896,7.1887e-12
2768.616943,7.176e-12
2769.989746,7.1595e-12
2771.362793,7.1955e-12
2772.735596,7.1771e-12
2774.108398,7.1407e-12
2775.481201,7.1131e-12
2776.854004,7.052e-12
2778.227051,7.0332e-12
2779.599854,7.0656e-12
2780.972656,7.043e-12
2782.345459,7.0322e-12
2783.718262,7.008e-12
2785.09082,6.9656e-12
2786.463623,6.9475e-12
2787.836426,6.924e-12
2789.209229,6.8824e-12
2790.582031,6.8844e-12
2791.95459,6.8446e-12
2793.327393,6.7589e-12
2794.699951,6.4488e-12
2796.072754,6.1813e-12
2797.445312,6.4218e-12
2798.818115,6.6219e-12
2800.190674,6.62e-12
2801.563477,6.475e-12
2802.936035,6.2271e-12
2804.308594,6.4495e-12
2805.681152,6.7186e-12
2807.053955,6.7545e-12
2808.426514,6.7221e-12
2809.799072,6.7008e-12
2811.171631,6.7516e-12
2812.544189,6.7602e-12
2813.916748,6.7803e-12
2815.289307,6.7805e-12
2816.661621,6.7263e-12
2818.03418,6.7151e-12
2819.406738,6.6948e-12
2820.779297,6.6731e-12
2822.151611,6.6456e-12
2823.52417,6.6517e-12
2824.896484,6.6494e-12
2826.269043,6.629e-12
2827.641357,6.6433e-12
2829.013916,6.6248e-12
2830.38623,6.6028e-12
2831.758789,6.5861e-12
2833.131104,6.5916e-12
2834.503418,6.5607e-12
2835.875732,6.5629e-12
2837.248047,6.571e-12
2838.620361,6.5623e-12
2839.992676,6.5537e-12
2841.36499,6.5248e-12
2842.737305,6.5188e-12
2844.109619,6.5106e-12
2845.481934,6.5016e-12
2846.854248,6.4992e-12
2848.226318,6.5033e-12
2849.598633,6.4869e-12
2850.970947,6.4445e-12
2852.343018,6.39e-12
2853.715332,6.4114e-12
2855.087402,6.4175e-12
2856.459717,6.4148e-12
2857.831787,6.3988e-12
2859.203857,6.3705e-12
2860.575928,6.303e-12
2861.948242,6.2442e-12
2863.320312,6.2926e-12
2864.692383,6.3185e-12
2866.064453,6.2904e-12
2867.436523,6.2856e-12
2868.808594,6.3291e-12
2870.180664,6.311e-12
2871.552734,6.2987e-12
2872.924561,6.2955e-12
2874.296631,6.2774e-12
2875.668701,6.2757e-12
2877.040527,6.2577e-12
2878.412598,6.2577e-12
2879.784424,6.2027e-12
2881.156494,6.1434e-12
2882.52832,6.1041e-12
2883.900391,6.0575e-12
2885.272217,6.0806e-12
2886.644043,6.1017e-12
2888.015869,6.105e-12
2889.387939,6.0422e-12
2890.759766,5.9679e-12
2892.131592,5.9906e-12
2893.503418,6.0009e-12
2894.875244,5.9782e-12
2896.246826,5.9551e-12
2897.618652,5.9626e-12
2898.990479,5.9832e-12
2900.362305,6.0072e-12
2901.733887,5.9932e-12
2903.105713,5.9625e-12
2904.477295,5.9418e-12
2905.849121,5.946e-12
2907.220703,5.9603e-12
2908.592529,5.9555e-12
2909.964111,5.9632e-12
2911.335693,5.9453e-12
2912.707275,5.9112e-12
2914.079102,5.9155e-12
2915.450684,5.9232e-12
2916.822266,5.9291e-12
2918.193848,5.9143e-12
2919.56543,5.9015e-12
2920.936768,5.9128e-12
2922.30835,5.8913e-12
2923.679932,5.8619e-12
2925.051514,5.8531e-12
2926.422852,5.8512e-12
2927.794434,5.8403e-12
2929.165771,5.8233e-12
2930.537354,5.815e-12
2931.908691,5.8147e-12
2933.280273,5.7597e-12
2934.651611,5.7124e-12
2936.022949,5.7353e-12
2937.394287,5.7414e-12
2938.765625,5.7321e-12
2940.136963,5.7187e-12
2941.508301,5.7129e-12
2942.879639,5.6647e-12
2944.250977,5.6391e-12
2945.622314,5.6111e-12
2946.993652,5.6242e-12
2948.364746,5.6138e-12
2949.736084,5.5617e-12
2951.107178,5.5426e-12
2952.478516,5.5603e-12
2953.849609,5.5521e-12
2955.220947,5.5397e-12
2956.592041,5.5273e-12
2957.963135,5.5022e-12
2959.334473,5.4751e-12
2960.705566,5.4725e-12
2962.07666,5.4906e-12
2963.447754,5.5057e-12
2964.818848,5.5205e-12
2966.189941,5.5128e-12
2967.560791,5.4895e-12
2968.931885,5.4872e-12
2970.302979,5.4778e-12
2971.674072,5.4726e-12
2973.044922,5.4661e-12
2974.416016,5.4746e-12
2975.786865,5.4533e-12
2977.157959,5.4323e-12
2978.528809,5.4286e-12
2979.899658,5.4365e-12
2981.270508,5.3924e-12
2982.641602,5.3505e-12
2984.012451,5.3704e-12
2985.383301,5.4169e-12
2986.75415,5.3888e-12
2988.124756,5.3875e-12
2989.495605,5.3676e-12
2990.866455,5.3579e-12
2992.237305,5.3619e-12
2993.60791,5.3508e-12
2994.97876,5.3143e-12
2996.349365,5.3191e-12
2997.720215,5.3282e-12
2999.09082,5.3149e-12
3000.46167,5.3047e-12
3001.832275,5.2858e-12
3003.202881,5.2734e-12
3004.573486,5.2662e-12
3005.944092,5.2525e-12
3007.314697,5.2495e-12
3008.685303,5.2589e-12
3010.055908,5.2435e-12
3011.426514,5.234e-12
3012.796875,5.2312e-12
3014.16748,5.2318e-12
3015.538086,5.2264e-12
3016.908447,5.2072e-12
3018.279053,5.1837e-12
3019.649414,5.1728e-12
3021.019775,5.1539e-12
3022.390381,5.1498e-12
3023.760742,5.1473e-12
3025.131104,5.1438e-12
3026.501465,5.1222e-12
3027.871826,5.1266e-12
3029.242188,5.1348e-12
3030.612549,5.1104e-12
3031.98291,5.0875e-12
3033.353027,5.0767e-12
3034.723389,5.0738e-12
3036.09375,5.0735e-12
3037.463867,5.0812e-12
3038.834229,5.0666e-12
3040.204346,5.0479e-12
3041.574463,5.0343e-12
3042.94458,5.008e-12
3044.314941,4.9916e-12
3045.685059,4.9823e-12
3047.055176,4.9813e-12
3048.425293,4.9763e-12
3049.79541,4.9836e-12
3051.165283,4.9849e-12
3052.5354,4.9781e-12
3053.905518,4.9742e-12
3055.275635,4.9475e-12
3056.645508,4.9154e-12
3058.015625,4.8975e-12
3059.385498,4.8962e-12
3060.755371,4.9102e-12
3062.125488,4.8955e-12
3063.495361,4.8722e-12
3064.865234,4.8773e-12
3065.653564,4.841e-12
3068.399414,4.8062e-12
3071.14502,4.7959e-12
3073.890869,4.7742e-12
3076.636475,4.744e-12
3079.382324,4.7222e-12
3082.128174,4.7397e-12
3084.874023,4.7458e-12
3087.619873,4.7477e-12
3090.365723,4.7378e-12
3093.111572,4.7257e-12
3095.857666,4.6945e-12
3098.603516,4.6566e-12
3101.349609,4.7048e-12
3104.095459,4.7196e-12
3106.841553,4.6692e-12
3109.587646,4.624e-12
3112.33374,4.6028e-12
3115.07959,4.6071e-12
3117.825684,4.567e-12
3120.572021,4.5589e-12
3123.318115,4.5665e-12
3126.064209,4.5432e-12
3128.810303,4.5452e-12
3131.556641,4.523e-12
3134.302734,4.5236e-12
3137.049072,4.5007e-12
3139.79541,4.4991e-12
3142.541504,4.4918e-12
3145.287842,4.4651e-12
3148.03418,4.4261e-12
3150.780518,4.3878e-12
3153.526855,4.4051e-12
3156.273438,4.3993e-12
3159.019775,4.3829e-12
3161.766113,4.3552e-12
3164.512695,4.332e-12
3167.259033,4.3181e-12
3170.005615,4.3021e-12
3172.751953,4.2727e-12
3175.498535,4.2376e-12
3178.245117,4.2196e-12
3180.991699,4.2295e-12
3183.738281,4.2013e-12
3186.484863,4.1514e-12
3189.231445,4.1e-12
3191.978027,4.0596e-12
3194.724854,3.9811e-12
3197.471436,3.8216e-12
3200.218018,3.5572e-12
3202.964844,3.2934e-12
3205.71167,3.3654e-12
3208.458252,3.6588e-12
3211.205078,3.84e-12
3213.951904,3.9224e-12
3216.69873,3.9834e-12
3219.445557,4.0108e-12
3222.192383,4.0187e-12
3224.939209,4.0248e-12
3227.686035,4.0181e-12
3230.433105,4.0104e-12
3233.179932,4.026e-12
3235.926758,4.0031e-12
3238.673828,3.993e-12
3241.420898,3.9882e-12
3244.167725,3.9637e-12
3246.914795,3.9737e-12
3249.661865,3.9439e-12
3252.408936,3.939e-12
3255.156006,3.9238e-12
3257.903076,3.9192e-12
3260.650146,3.9024e-12
3263.397217,3.8835e-12
3266.144287,3.8615e-12
3268.891602,3.8588e-12
3271.638672,3.8616e-12
3274.385742,3.8276e-12
3277.133057,3.8362e-12
3279.880371,3.8258e-12
3282.627441,3.8009e-12
3285.374756,3.786e-12
3288.12207,3.7913e-12
3290.869385,3.7816e-12
3293.616699,3.7636e-12
3296.364014,3.7614e-12
3299.111328,3.7332e-12
3301.858643,3.7183e-12
3304.605957,3.6885e-12
3307.353271,3.6833e-12
3310.10083,3.68e-12
3312.848145,3.678e-12
3315.595703,3.6664e-12
3318.343018,3.6336e-12
3321.090576,3.6388e-12
3323.838135,3.6459e-12
3326.585449,3.6051e-12
3329.333008,3.5839e-12
3332.080566,3.5606e-12
3334.828125,3.5655e-12
3337.575684,3.5735e-12
3340.323242,3.5346e-12
3343.070801,3.5172e-12
3345.818359,3.5162e-12
3348.566162,3.4963e-12
3351.313721,3.4816e-12
3354.061279,3.4337e-12
3356.809082,3.4378e-12
3359.556641,3.4518e-12
3362.304443,3.4299e-12
3365.052246,3.4135e-12
3367.799805,3.3703e-12
3370.547607,3.3905e-12
3373.29541,3.3961e-12
3376.043213,3.3951e-12
3378.791016,3.4009e-12
3381.538818,3.3911e-12
3384.286621,3.3799e-12
3387.034424,3.3593e-12
3389.782227,3.3743e-12
3392.530273,3.3456e-12
3395.278076,3.3221e-12
3398.025879,3.295e-12
3400.773926,3.2954e-12
3403.521729,3.3083e-12
3406.269775,3.3106e-12
3409.017578,3.2956e-12
3411.765625,3.2699e-12
3414.513672,3.2712e-12
3417.261719,3.2694e-12
3420.009521,3.2691e-12
3422.757568,3.2507e-12
3425.505615,3.2242e-12
3428.253662,3.2303e-12
3431.001709,3.2144e-12
3433.749756,3.2117e-12
3436.498047,3.2009e-12
3439.246094,3.18e-12
3441.994141,3.1531e-12
3444.742188,3.1441e-12
3447.490479,3.1384e-12
3450.238525,3.1258e-12
3452.986816,3.1075e-12
3455.734863,3.1088e-12
3458.483154,3.1152e-12
3461.231445,3.0891e-12
3463.979492,3.072e-12
3466.727783,3.0975e-12
3469.476074,3.078e-12
3472.224365,3.0668e-12
3474.972656,3.0347e-12
3477.720947,2.9888e-12
3480.469238,2.9525e-12
3483.217529,2.9449e-12
3485.96582,2.9238e-12
3488.714111,2.9928e-12
3491.462402,2.9813e-12
3494.210938,2.9566e-12
3496.959229,2.9585e-12
3499.70752,2.9637e-12
3502.456055,2.9525e-12
3505.204346,2.9363e-12
3507.952881,2.9502e-12
3510.701172,2.9435e-12
3513.449707,2.9353e-12
3516.197998,2.919e-12
3518.946533,2.9173e-12
3521.695068,2.9032e-12
3524.443604,2.9089e-12
3527.192139,2.8952e-12
3529.940674,2.8943e-12
3532.688965,2.9001e-12
3535.4375,2.886e-12
3538.186035,2.8642e-12
3540.934814,2.8537e-12
3543.68335,2.8435e-12
3546.431885,2.8426e-12
3549.18042,2.8344e-12
3551.928955,2.8356e-12
3554.677734,2.8208e-12
3557.42627,2.8055e-12
3560.174805,2.8092e-12
3562.923584,2.804e-12
3565.672119,2.776e-12
3568.420898,2.7658e-12
3571.169434,2.7619e-12
3573.918213,2.7576e-12
3576.666992,2.7479e-12
3579.415527,2.7367e-12
3582.164307,2.7309e-12
3584.913086,2.723e-12
3587.661865,2.7251e-12
3590.4104,2.714e-12
3593.15918,2.7093e-12
3595.907959,2.7035e-12
3598.656738,2.6946e-12
3601.405518,2.6908e-12
3604.154297,2.6814e-12
3606.903076,2.6696e-12
3609.651855,2.6656e-12
3612.400879,2.6602e-12
3615.149658,2.6413e-12
3617.898438,2.6397e-12
3620.647217,2.6307e-12
3623.39624,2.6231e-12
3626.14502,2.607e-12
3628.893799,2.6047e-12
3631.642822,2.5885e-12
3634.391602,2.5759e-12
3637.140625,2.5699e-12
3639.889404,2.566e-12
3642.638428,2.5568e-12
3645.387451,2.5672e-12
3648.13623,2.5374e-12
3650.885254,2.5419e-12
3653.634277,2.5264e-12
3656.383057,2.5238e-12
3659.13208,2.5173e-12
3661.881104,2.5146e-12
3664.630127,2.5112e-12
3667.37915,2.4943e-12
3670.12793,2.486e-12
3672.876953,2.4868e-12
3675.625977,2.4764e-12
3678.375,2.4707e-12
3681.124023,2.4708e-12
3683.873291,2.4578e-12
3686.622314,2.4502e-12
3689.371338,2.4506e-12
3692.120361,2.4464e-12
3694.869385,2.4257e-12
3697.618408,2.4274e-12
3700.367676,2.4217e-12
3703.116699,2.4032e-12
3705.865723,2.3965e-12
3708.61499,2.3768e-12
3711.364014,2.3782e-12
3714.113037,2.3681e-12
3716.862305,2.379e-12
3719.611328,2.3656e-12
3722.360596,2.3621e-12
3725.109619,2.358e-12
3727.858887,2.3498e-12
3730.60791,2.3472e-12
3733.357178,2.3401e-12
3736.106445,2.3237e-12
3738.855469,2.3277e-12
3741.604736,2.3245e-12
3744.354004,2.3044e-12
3747.103027,2.2968e-12
3749.852295,2.2857e-12
3752.601562,2.2913e-12
3755.35083,2.282e-12
3758.099854,2.278e-12
3760.849121,2.2742e-12
3763.598389,2.2638e-12
3766.347656,2.2697e-12
3769.096924,2.2615e-12
3771.846191,2.2322e-12
3774.595459,2.2276e-12
3777.344727,2.2335e-12
3780.093994,2.2409e-12
3782.843262,2.2322e-12
3785.592529,2.2225e-12
3788.341797,2.2223e-12
3791.091064,2.2163e-12
3793.840332,2.1797e-12
3796.5896,2.1752e-12
3799.339111,2.1875e-12
3802.088379,2.1883e-12
3804.837646,2.1818e-12
3807.586914,2.1889e-12
3810.336182,2.1764e-12
3813.085693,2.1703e-12
3815.834961,2.1888e-12
3818.584229,2.1522e-12
3821.333496,2.1308e-12
3824.083008,2.139e-12
3826.832275,2.1362e-12
3829.581787,2.1203e-12
3832.331055,2.1161e-12
3835.080322,2.1022e-12
3837.829834,2.1101e-12
3840.579102,2.102e-12
3843.328613,2.1046e-12
3846.077881,2.1029e-12
3848.827393,2.0892e-12
3851.57666,2.0959e-12
3854.326172,2.093e-12
3857.075439,2.0918e-12
3859.824951,2.0782e-12
3862.574219,2.0713e-12
3865.32373,2.0723e-12
3868.072998,2.0659e-12
3870.82251,2.0629e-12
3873.572021,2.0595e-12
3876.321289,2.0426e-12
3879.070801,2.0337e-12
3881.820068,2.0291e-12
3884.56958,2.013e-12
3887.319092,1.9839e-12
3890.068359,1.9608e-12
3892.817871,1.9732e-12
3895.567383,1.9919e-12
3898.316895,2.0017e-12
3901.066162,2.0068e-12
3903.815674,2.0017e-12
3906.565186,2.0007e-12
3909.314697,1.9969e-12
3912.063965,1.9916e-12
3914.813477,1.9838e-12
3917.562988,1.968e-12
3920.3125,1.9582e-12
3923.062012,1.9398e-12
3925.811279,1.9287e-12
3928.560791,1.9349e-12
3931.310303,1.938e-12
3934.059814,1.9267e-12
3936.809326,1.9293e-12
3939.558838,1.9384e-12
3942.308105,1.941e-12
3945.057617,1.9474e-12
3947.807129,1.9358e-12
3950.556641,1.9239e-12
3953.306152,1.9214e-12
3956.055664,1.9044e-12
3958.805176,1.8835e-12
3961.554688,1.8675e-12
3964.303955,1.8319e-12
3967.053467,1.8074e-12
3969.802979,1.7784e-12
3972.55249,1.7758e-12
3975.302002,1.7932e-12
3978.051514,1.8217e-12
3980.801025,1.842e-12
3983.550537,1.8523e-12
3986.300049,1.8572e-12
3989.049561,1.8521e-12
3991.799072,1.8548e-12
3994.548584,1.8604e-12
3997.298096,1.8533e-12
4000.047607,1.8284e-12
4002.796875,1.8187e-12
4005.546387,1.8254e-12
4008.295898,1.8247e-12
4011.04541,1.8182e-12
4013.794922,1.8005e-12
4016.544434,1.7696e-12
4019.293945,1.7531e-12
4022.043457,1.7338e-12
4024.792969,1.6962e-12
4027.54248,1.665e-12
4030.291992,1.6937e-12
4033.041504,1.7217e-12
4035.791016,1.743e-12
4038.540527,1.7518e-12
4041.290039,1.7558e-12
4044.039551,1.7566e-12
4046.788818,1.7639e-12
4049.53833,1.7649e-12
4052.287842,1.7664e-12
4055.037354,1.7551e-12
4057.786865,1.735e-12
4060.536377,1.739e-12
4063.285889,1.7499e-12
4066.0354,1.7522e-12
4068.784912,1.7482e-12
4071.534424,1.736e-12
4074.283691,1.7305e-12
4077.033203,1.719e-12
4079.782715,1.7136e-12
4082.532227,1.6999e-12
4085.281738,1.6837e-12
4088.03125,1.6724e-12
4090.780518,1.6439e-12
4093.530029,1.6151e-12
4096.279785,1.5643e-12
4099.028809,1.512e-12
4101.77832,1.4908e-12
4104.527832,1.4951e-12
4107.277344,1.5424e-12
4110.026855,1.5935e-12
4112.776367,1.614e-12
4115.525879,1.6255e-12
4118.275391,1.6365e-12
4121.024902,1.6441e-12
4123.773926,1.6461e-12
4126.523438,1.651e-12
4129.272949,1.6536e-12
4132.022461,1.6378e-12
4134.771973,1.6446e-12
4137.521484,1.6454e-12
4140.270508,1.635e-12
4143.02002,1.6312e-12
4145.769531,1.6275e-12
4148.519043,1.6245e-12
4151.268555,1.6218e-12
4154.017578,1.6208e-12
4156.76709,1.6219e-12
4159.516602,1.6165e-12
4162.266113,1.6137e-12
4165.015625,1.6073e-12
4167.764648,1.5972e-12
4170.51416,1.592e-12
4173.263672,1.5839e-12
4176.013184,1.5819e-12
4178.762207,1.5673e-12
4181.511719,1.5537e-12
4184.26123,1.5458e-12
4187.010254,1.5262e-12
4189.759766,1.5055e-12
4192.509277,1.4801e-12
4195.258301,1.4475e-12
4198.007812,1.4048e-12
4200.757324,1.3785e-12
4203.506348,1.3863e-12
4206.255859,1.4113e-12
4209.005371,1.4453e-12
4211.754395,1.4649e-12
4214.503906,1.4784e-12
4217.253418,1.4775e-12
4220.002441,1.4874e-12
4222.751953,1.4924e-12
4225.500977,1.496e-12
4228.250488,1.4964e-12
4230.999512,1.4977e-12
4233.749023,1.5036e-12
4236.498047,1.4945e-12
4239.247559,1.4952e-12
4241.996582,1.4933e-12
4244.746094,1.4828e-12
4247.495117,1.4897e-12
4250.244629,1.4905e-12
4252.993652,1.4905e-12
4255.743164,1.4808e-12
4258.492188,1.4784e-12
4261.241699,1.4678e-12
4263.990723,1.4652e-12
4266.739746,1.4645e-12
4269.489258,1.4692e-12
4272.238281,1.4588e-12
4274.987793,1.4534e-12
4277.736816,1.4485e-12
4280.48584,1.4476e-12
4283.235352,1.4388e-12
4285.984375,1.425e-12
4288.733398,1.4171e-12
4291.482422,1.4018e-12
4294.231934,1.3977e-12
4296.980957,1.4144e-12
4299.72998,1.4168e-12
4302.479004,1.4043e-12
4305.228516,1.4087e-12
4307.977539,1.3987e-12
4310.726562,1.3936e-12
4313.475586,1.3811e-12
4316.224609,1.3797e-12
4318.974121,1.3664e-12
4321.723145,1.3492e-12
4324.472168,1.3291e-12
4327.221191,1.3201e-12
4329.970215,1.2988e-12
4332.719238,1.2631e-12
4335.468262,1.2203e-12
4338.217285,1.1783e-12
4340.966309,1.1439e-12
4343.715332,1.1658e-12
4346.464355,1.2106e-12
4349.213379,1.2543e-12
4351.962402,1.2807e-12
4354.711426,1.2981e-12
4357.460449,1.312e-12
4360.209473,1.3121e-12
4362.958496,1.3159e-12
4365.70752,1.3243e-12
4368.456055,1.3266e-12
4371.205078,1.3277e-12
4373.954102,1.3203e-12
4376.703125,1.3144e-12
4379.452148,1.2947e-12
4382.201172,1.2948e-12
4384.949707,1.3039e-12
4387.69873,1.3056e-12
4390.447754,1.3023e-12
4393.196289,1.3021e-12
4395.945312,1.3021e-12
4398.694336,1.297e-12
4401.442871,1.2924e-12
4404.191895,1.2933e-12
4406.940918,1.2914e-12
4409.689453,1.2866e-12
4412.438477,1.2903e-12
4415.187012,1.2847e-12
4417.936035,1.2802e-12
4420.68457,1.2761e-12
4423.433594,1.2722e-12
4426.182129,1.2722e-12
4428.931152,1.2692e-12
4431.679688,1.2693e-12
4434.428711,1.2625e-12
4437.177246,1.2576e-12
4439.925781,1.2567e-12
4442.674805,1.2514e-12
4445.42334,1.247e-12
4448.171875,1.2428e-12
4450.920898,1.2401e-12
4453.669434,1.2292e-12
4456.417969,1.2162e-12
4459.166504,1.2035e-12
4461.915039,1.2072e-12
4464.664062,1.2115e-12
4467.412598,1.1959e-12
4470.161133,1.1736e-12
4472.909668,1.1443e-12
4475.658203,1.1539e-12
4478.406738,1.1863e-12
4481.155273,1.1881e-12
4483.903809,1.1835e-12
4486.652344,1.187e-12
4489.400879,1.1846e-12
4492.149414,1.1814e-12
4494.897949,1.1868e-12
4497.646484,1.1799e-12
4500.39502,1.1786e-12
4503.143555,1.1775e-12
4505.89209,1.1731e-12
4508.640137,1.1734e-12
4511.388672,1.1612e-12
4514.137207,1.1503e-12
4516.885742,1.1427e-12
4519.633789,1.1485e-12
4522.382324,1.1425e-12
4525.130859,1.1362e-12
4527.878906,1.1259e-12
4530.627441,1.1055e-12
4533.375977,1.084e-12
4536.124023,1.0571e-12
4538.872559,1.0184e-12
4541.620605,9.7695e-13
4544.369141,9.6842e-13
4547.117188,1.0003e-12
4549.865723,1.0344e-12
4552.61377,1.0634e-12
4555.361816,1.0865e-12
4558.110352,1.0939e-12
4560.858398,1.1018e-12
4563.606445,1.1064e-12
4566.35498,1.1061e-12
4569.103027,1.1121e-12
4571.851074,1.1098e-12
4574.599121,1.1112e-12
4577.347168,1.1117e-12
4580.095703,1.1098e-12
4582.84375,1.1079e-12
4585.591797,1.1038e-12
4588.339844,1.103e-12
4591.087891,1.0976e-12
4593.835938,1.0901e-12
4596.583984,1.0954e-12
4599.332031,1.0906e-12
4602.080078,1.0893e-12
4604.828125,1.0816e-12
4607.576172,1.0682e-12
4610.32373,1.0657e-12
4613.071777,1.0726e-12
4615.819824,1.068e-12
4618.567871,1.0687e-12
4621.31543,1.0621e-12
4624.063477,1.0613e-12
4626.811523,1.0584e-12
4629.559082,1.05e-12
4632.307129,1.0402e-12
4635.055176,1.038e-12
4637.802734,1.0419e-12
4640.550781,1.035e-12
4643.29834,1.0322e-12
4646.046387,1.0413e-12
4648.793945,1.0401e-12
4651.541504,1.0385e-12
4654.289551,1.0348e-12
4657.037109,1.0285e-12
4659.784668,1.0225e-12
4662.532715,1.0226e-12
4665.280273,1.0129e-12
4668.027832,1.0135e-12
4670.775391,1.0089e-12
4673.522949,9.8977e-13
4676.270996,9.7747e-13
4679.018555,9.5517e-13
4681.766113,9.1368e-13
4684.513672,8.553e-13
4687.26123,7.9371e-13
4690.008789,8.2898e-13
4692.755859,8.978e-13
4695.503418,9.4098e-13
4698.250977,9.6405e-13
4700.998535,9.725e-13
4703.746094,9.7817e-13
4706.493652,9.7658e-13
4709.240723,9.7528e-13
4711.988281,9.7863e-13
4714.73584,9.8182e-13
4717.48291,9.8387e-13
4720.230469,9.8847e-13
4722.977539,9.8814e-13
4725.725098,9.8753e-13
4728.472168,9.8404e-13
4731.219727,9.8875e-13
4733.966797,9.8117e-13
4736.714355,9.8025e-13
4739.461426,9.7631e-13
4742.208496,9.7609e-13
4744.955566,9.752e-13
4747.703125,9.7292e-13
4750.450195,9.7007e-13
4753.197266,9.6442e-13
4755.944336,9.642e-13
4758.691406,9.6318e-13
4761.438477,9.5747e-13
4764.185547,9.5829e-13
4766.932617,9.5512e-13
4769.679688,9.5343e-13
4772.426758,9.4859e-13
4775.173828,9.4869e-13
4777.920898,9.4587e-13
4780.667969,9.3731e-13
4783.415039,9.2988e-13
4786.161621,9.2795e-13
4788.908691,9.2549e-13
4791.655762,9.2215e-13
4794.402344,9.2206e-13
4797.149414,9.2129e-13
4799.895996,9.2058e-13
4802.643066,9.1414e-13
4805.389648,9.1442e-13
4808.136719,9.1768e-13
4810.883301,9.1896e-13
4813.629883,9.1699e-13
4816.376953,9.1289e-13
4819.123535,9.0992e-13
4821.870117,9.0477e-13
4824.616699,9.09e-13
4827.36377,9.041e-13
4830.110352,9.0393e-13
4832.856934,8.946e-13
4835.603516,8.9109e-13
4838.350098,8.8599e-13
4841.09668,8.798e-13
4843.843262,8.701e-13
4846.589844,8.6162e-13
4849.335938,8.4351e-13
4852.08252,8.2412e-13
4854.829102,7.9277e-13
4857.575684,7.5459e-13
4860.321777,7.2261e-13
4863.068359,7.2709e-13
4865.814941,7.6136e-13
4868.561035,7.9509e-13
4871.307617,8.1782e-13
4874.053711,8.3353e-13
4876.800293,8.4074e-13
4879.546387,8.5339e-13
4882.29248,8.5329e-13
4885.039062,8.5359e-13
4887.785156,8.5325e-13
4890.53125,8.5827e-13
4893.277344,8.5894e-13
4896.023438,8.5271e-13
4898.77002,8.523e-13
4901.516113,8.4874e-13
4904.262207,8.5072e-13
4907.008301,8.4697e-13
4909.753906,8.4546e-13
4912.5,8.5131e-13
4915.246094,8.4994e-13
4917.992188,8.4142e-13
4920.738281,8.3726e-13
4923.483887,8.2814e-13
4926.22998,8.2952e-13
4928.976074,8.3068e-13
4931.72168,8.3314e-13
4934.467773,8.3241e-13
4937.213379,8.2926e-13
4939.959473,8.2807e-13
4942.705078,8.2821e-13
4945.451172,8.3117e-13
4948.196777,8.3008e-13
4950.942383,8.2685e-13
4953.687988,8.2529e-13
4956.434082,8.2255e-13
4959.179688,8.2184e-13
4961.925293,8.2033e-13
4964.670898,8.156e-13
4967.416504,8.1185e-13
4970.162109,8.1304e-13
4972.907715,8.121e-13
4975.652832,8.1362e-13
4978.398438,8.1127e-13
4981.144043,8.0633e-13
4983.889648,8.0399e-13
4986.634766,8.0345e-13
4989.380371,8.0643e-13
4992.125977,8.0139e-13
4994.871094,7.9841e-13
4997.616699,7.9815e-13
5000.361816,7.9442e-13
5003.106934,7.9486e-13
5005.852539,7.9596e-13
5008.597656,7.9028e-13
5011.342773,7.8745e-13
5014.088379,7.8353e-13
5016.833496,7.7521e-13
5019.578613,7.7868e-13
5022.32373,7.833e-13
5025.068848,7.8115e-13
5027.813965,7.7921e-13
5030.559082,7.8002e-13
5033.304199,7.7452e-13
5036.048828,7.7186e-13
5038.793945,7.7518e-13
5041.539062,7.7012e-13
5044.283691,7.6728e-13
5047.028809,7.6575e-13
5049.773926,7.6458e-13
5052.518555,7.6297e-13
5055.263672,7.6106e-13
5058.008301,7.5622e-13
5060.75293,7.5272e-13
5063.498047,7.5407e-13
5066.242676,7.5194e-13
5068.987305,7.5202e-13
5071.731934,7.5046e-13
5074.476562,7.4763e-13
5077.221191,7.4853e-13
5079.96582,7.4844e-13
5082.710449,7.444e-13
5085.455078,7.4673e-13
5088.199707,7.4094e-13
5090.944336,7.408e-13
5093.688965,7.3697e-13
5096.433105,7.3821e-13
5099.177734,7.3792e-13
5101.922363,7.3506e-13
5104.666504,7.3308e-13
5107.411133,7.3085e-13
5110.155273,7.2909e-13
5112.899902,7.2617e-13
5115.644043,7.2911e-13
5118.388184,7.2601e-13
5121.132324,7.2342e-13
5123.876953,7.2365e-13
5126.621094,7.2014e-13
5129.365234,7.1802e-13
5132.109375,7.158e-13
5134.853516,7.1634e-13
5137.597656,7.1468e-13
5140.341309,7.1379e-13
5143.085449,7.1452e-13
5145.82959,7.0514e-13
5148.57373,7.0298e-13
5151.317383,7.0264e-13
5154.061523,7.0319e-13
5156.805176,7.0273e-13
5159.549316,7.0469e-13
5162.292969,7.0124e-13
5165.037109,7.0259e-13
5167.780762,6.9642e-13
5170.524414,6.9686e-13
5173.268066,6.9709e-13
5176.012207,6.9471e-13
5178.755859,6.9287e-13
5181.499512,6.9144e-13
5184.243164,6.9155e-13
5186.986816,6.9145e-13
5189.72998,6.8974e-13
5192.473633,6.9202e-13
5195.217285,6.8735e-13
5197.960938,6.8684e-13
5200.704102,6.7947e-13
5203.447754,6.7827e-13
5206.190918,6.7156e-13
5208.93457,6.7737e-13
5211.677734,6.78e-13
5214.421387,6.7566e-13
5217.164551,6.7552e-13
5219.907715,6.7382e-13
5222.650879,6.6952e-13
5225.394043,6.6636e-13
5228.137695,6.689e-13
5230.880859,6.6925e-13
5233.623535,6.6625e-13
5236.366699,6.661e-13
5239.109863,6.6298e-13
5241.853027,6.623e-13
5244.596191,6.6096e-13
5247.338867,6.5846e-13
5250.082031,6.5572e-13
5252.824707,6.5906e-13
5255.567871,6.5616e-13
5258.310547,6.5459e-13
5261.053711,6.5165e-13
5263.796387,6.5087e-13
5266.539062,6.4851e-13
5269.281738,6.4788e-13
5272.024414,6.4512e-13
5274.767578,6.4581e-13
5277.510254,6.4674e-13
5280.252441,6.4129e-13
5282.995117,6.4035e-13
5285.737793,6.3932e-13
5288.480469,6.4107e-13
5291.223145,6.3724e-13
5293.965332,6.3836e-13
5296.708008,6.3611e-13
5299.450195,6.3713e-13
5302.192871,6.3553e-13
5304.935059,6.316e-13
5307.677246,6.33e-13
5310.419922,6.3046e-13
5313.162109,6.2826e-13
5315.904297,6.2532e-13
5318.646484,6.303e-13
5321.388672,6.242e-13
5324.130859,6.229e-13
5326.873047,6.2378e-13
5329.615234,6.2082e-13
5332.357422,6.1957e-13
5335.099121,6.1812e-13
5337.841309,6.187e-13
5340.583008,6.1988e-13
5343.325195,6.1697e-13
5346.066895,6.1315e-13
5348.809082,6.1399e-13
5351.550781,6.0791e-13
5354.29248,6.0878e-13
5357.03418,6.0925e-13
5359.776367,6.0575e-13
5362.518066,6.0551e-13
5365.259766,6.027e-13
5368.001465,6.0257e-13
5370.742676,6.0294e-13
5373.484375,6.003e-13
5376.226074,5.9937e-13
5378.967773,5.9406e-13
5381.708984,5.9284e-13
5384.450684,5.9086e-13
5387.191895,5.8711e-13
5389.933594,5.8316e-13
5392.674805,5.8091e-13
5395.416016,5.745e-13
5398.157715,5.6684e-13
5400.898926,5.5881e-13
5403.640137,5.4524e-13
5406.381348,5.2771e-13
5409.122559,5.0344e-13
5411.86377,4.8354e-13
5414.604492,4.8467e-13
5417.345703,5.0755e-13
5420.086914,5.2662e-13
5422.827637,5.4025e-13
5425.568848,5.508e-13
5428.30957,5.5451e-13
5431.050781,5.6185e-13
5433.791504,5.6392e-13
5436.532227,5.6574e-13
5439.273438,5.6891e-13
5442.01416,5.6796e-13
5444.754883,5.6641e-13
5447.495605,5.6766e-13
5453.12207,5.6007e-13
5457.992676,5.5687e-13
5462.86377,5.5618e-13
5467.734375,5.5303e-13
5472.605469,5.5383e-13
5477.476562,5.5382e-13
5482.347656,5.5142e-13
5487.21875,5.4764e-13
5492.089844,5.4946e-13
5496.960938,5.4852e-13
5501.83252,5.4635e-13
5506.703613,5.4457e-13
5511.575195,5.4146e-13
5516.446777,5.4073e-13
5521.317871,5.4094e-13
5526.189453,5.3723e-13
5531.061035,5.375e-13
5535.933105,5.3844e-13
5540.804688,5.3368e-13
5545.67627,5.297e-13
5550.54834,5.311e-13
5555.419922,5.2827e-13
5560.291992,5.2747e-13
5565.164062,5.2333e-13
5570.036133,5.2137e-13
5574.908203,5.2101e-13
5579.780273,5.1865e-13
5584.652344,5.1775e-13
5589.524902,5.159e-13
5594.396973,5.1363e-13
5599.269531,5.1225e-13
5604.141602,5.1058e-13
5609.01416,5.1131e-13
5613.886719,5.0859e-13
5618.759277,5.0557e-13
5623.631836,5.0384e-13
5628.504395,5.0271e-13
5633.377441,5.0037e-13
5638.25,5.0172e-13
5643.123047,5.0052e-13
5647.995605,4.9492e-13
5652.868652,4.933e-13
5657.741699,4.9163e-13
5662.614746,4.9029e-13
5667.487793,4.8731e-13
5672.36084,4.87e-13
5677.234375,4.8655e-13
5682.107422,4.8318e-13
5686.980469,4.8135e-13
5691.854004,4.8172e-13
5696.727539,4.7978e-13
5701.600586,4.7642e-13
5706.474121,4.7632e-13
5711.347656,4.7664e-13
5716.221191,4.7466e-13
5721.095215,4.7065e-13
5725.96875,4.6851e-13
5730.842285,4.696e-13
5735.716309,4.6537e-13
5740.590332,4.6395e-13
5745.463867,4.6232e-13
5750.337891,4.6258e-13
5755.211914,4.6229e-13
5760.085938,4.5906e-13
5764.959961,4.5695e-13
5769.833984,4.567e-13
5774.708496,4.5333e-13
5779.58252,4.5269e-13
5784.457031,4.5078e-13
5789.331055,4.5028e-13
5794.205566,4.4751e-13
5799.080078,4.4466e-13
5803.95459,4.4628e-13
5808.829102,4.4429e-13
5813.703613,4.4209e-13
5818.578125,4.4089e-13
5823.452637,4.3891e-13
5828.327148,4.3932e-13
5833.202148,4.3654e-13
5838.077148,4.3579e-13
5842.95166,4.3396e-13
5847.82666,4.3221e-13
5852.70166,4.3116e-13
5857.57666,4.2965e-13
5862.45166,4.2905e-13
5867.32666,4.2545e-13
5872.20166,4.2156e-13
5877.077148,4.0924e-13
5881.952148,4.1119e-13
5886.827637,4.1975e-13
5891.702637,4.2028e-13
5896.578125,4.216e-13
5901.453613,4.192e-13
5906.329102,4.1916e-13
5911.20459,4.1609e-13
5916.080078,4.1413e-13
5920.955566,4.1291e-13
5925.831055,4.1262e-13
5930.707031,4.1134e-13
5935.58252,4.0984e-13
5940.458496,4.0773e-13
5945.333984,4.0583e-13
5950.209961,4.058e-13
5955.085938,4.0502e-13
5959.961914,4.0324e-13
5964.837891,4.0148e-13
5969.713867,4.0135e-13
5974.589844,3.9991e-13
5979.46582,3.9825e-13
5984.342285,3.9576e-13
5989.218262,3.9612e-13
5994.094727,3.9628e-13
5998.970703,3.9374e-13
6003.847168,3.9379e-13
6008.723633,3.9186e-13
6013.600098,3.9078e-13
6018.476562,3.8715e-13
6023.353027,3.8599e-13
6028.229492,3.8525e-13
6033.105957,3.8467e-13
6037.98291,3.8291e-13
6042.859375,3.8132e-13
6047.736328,3.8083e-13
6052.612793,3.8025e-13
6057.489746,3.7892e-13
6062.366699,3.7685e-13
6067.243164,3.7537e-13
6072.120117,3.7455e-13
6076.99707,3.7225e-13
6081.874023,3.7125e-13
6086.751465,3.6949e-13
6091.628418,3.6916e-13
6096.505371,3.6769e-13
6101.382812,3.6613e-13
6106.259766,3.6446e-13
6111.137207,3.6367e-13
6116.014648,3.6335e-13
6120.891602,3.6222e-13
6125.769043,3.6109e-13
6130.646484,3.609e-13
6135.523926,3.598e-13
6140.401367,3.5848e-13
6145.279297,3.5709e-13
6150.156738,3.5729e-13
6155.03418,3.5523e-13
6159.912109,3.5347e-13
6164.789551,3.5248e-13
6169.66748,3.5231e-13
6174.544922,3.5076e-13
6179.422852,3.4958e-13
6184.300781,3.4787e-13
6189.178711,3.4752e-13
6194.056641,3.4779e-13
6198.93457,3.4677e-13
6203.8125,3.4574e-13
6208.69043,3.4516e-13
6213.568848,3.4206e-13
6218.446777,3.4098e-13
6223.325195,3.383e-13
6228.203125,3.3859e-13
6233.081543,3.3784e-13
6237.959473,3.3651e-13
6242.837891,3.3614e-13
6247.716309,3.3536e-13
6252.594727,3.3411e-13
6257.473145,3.3348e-13
6262.351562,3.3319e-13
6267.22998,3.3249e-13
6272.108398,3.313e-13
6276.987305,3.2916e-13
6281.865723,3.2937e-13
6286.744629,3.3058e-13
6291.623047,3.2749e-13
6296.501953,3.2596e-13
6301.380371,3.2331e-13
6306.259277,3.2368e-13
6311.138184,3.2376e-13
6316.01709,3.2094e-13
6320.895996,3.1866e-13
6325.774902,3.1889e-13
6330.653809,3.1532e-13
6335.532715,3.1409e-13
6340.412109,3.1354e-13
6345.291016,3.1446e-13
6350.169922,3.1334e-13
6355.049316,3.1368e-13
6359.928711,3.1472e-13
6364.807617,3.1139e-13
6369.687012,3.1125e-13
6374.566406,3.0985e-13
6379.445312,3.0772e-13
6384.324707,3.0592e-13
6389.204102,3.0606e-13
6394.083496,3.0453e-13
6398.963379,3.0359e-13
6403.842773,3.0226e-13
6408.722168,3.0143e-13
6413.601562,2.998e-13
6418.481445,2.9999e-13
6423.36084,2.9994e-13
6428.240723,2.9942e-13
6433.120117,2.9873e-13
6438.0,2.9875e-13
6442.879883,2.9813e-13
6447.759766,2.9713e-13
6452.639648,2.9736e-13
6457.519531,2.972e-13
6462.399414,2.9599e-13
6467.279297,2.9483e-13
6472.15918,2.9218e-13
6477.039062,2.9221e-13
6481.918945,2.9132e-13
6486.799316,2.9106e-13
6491.679199,2.8974e-13
6496.55957,2.8806e-13
6501.439453,2.8738e-13
6506.319824,2.8564e-13
6511.199707,2.8484e-13
6516.080078,2.824e-13
6520.960449,2.799e-13
6525.84082,2.7774e-13
6530.721191,2.7612e-13
6535.601562,2.7456e-13
6540.481934,2.7337e-13
6545.362305,2.7078e-13
6550.242676,2.6362e-13
6555.123047,2.5489e-13
6560.003906,2.4324e-13
6564.884277,2.385e-13
6569.764648,2.4648e-13
6574.645508,2.5657e-13
6579.525879,2.6326e-13
6584.406738,2.6791e-13
6589.287598,2.7026e-13
6594.167969,2.7186e-13
6599.048828,2.7099e-13
6603.929688,2.7235e-13
6608.810547,2.7104e-13
6613.691406,2.7011e-13
6618.572266,2.6965e-13
6623.453125,2.6977e-13
6628.333984,2.6824e-13
6633.215332,2.6763e-13
6638.096191,2.6724e-13
6642.977051,2.6622e-13
6647.85791,2.6409e-13
6652.739258,2.6273e-13
6657.620117,2.6217e-13
6662.501465,2.5986e-13
6667.382812,2.5842e-13
6672.263672,2.5598e-13
6677.14502,2.539e-13
6682.026367,2.5292e-13
6686.907715,2.5208e-13
6691.789062,2.5081e-13
6696.669922,2.5187e-13
6701.55127,2.5296e-13
6706.433105,2.5313e-13
6711.314453,2.5412e-13
6716.195801,2.5281e-13
6721.077148,2.5328e-13
6725.958496,2.5245e-13
6730.840332,2.5261e-13
6735.72168,2.5177e-13
6740.603516,2.5165e-13
6745.484863,2.514e-13
6750.366699,2.5108e-13
6755.248047,2.5032e-13
6760.129883,2.4886e-13
6765.011719,2.4816e-13
6769.893066,2.4744e-13
6774.774902,2.4633e-13
6779.656738,2.4656e-13
6784.538574,2.4517e-13
6789.42041,2.4519e-13
6794.302246,2.4476e-13
6799.184082,2.4276e-13
6804.065918,2.4241e-13
6808.947754,2.4153e-13
6813.82959,2.4095e-13
6818.711914,2.4026e-13
6823.59375,2.3944e-13
6828.475586,2.3954e-13
6833.35791,2.3879e-13
6838.239746,2.3767e-13
6843.12207,2.3617e-13
6848.003906,2.3573e-13
6852.88623,2.3517e-13
6857.768555,2.3362e-13
6862.650391,2.3195e-13
6867.532715,2.313e-13
6872.415039,2.2851e-13
6877.297363,2.2572e-13
6882.179688,2.25e-13
6887.062012,2.2318e-13
6891.944336,2.2164e-13
6896.82666,2.2022e-13
6901.708984,2.2189e-13
6906.591309,2.229e-13
6911.473633,2.2374e-13
6916.355957,2.239e-13
6921.23877,2.2383e-13
6926.121094,2.2475e-13
6931.003418,2.2377e-13
6935.88623,2.2385e-13
6940.768555,2.2335e-13
6945.650879,2.2313e-13
6950.533691,2.2272e-13
6955.416504,2.2247e-13
6960.298828,2.2237e-13
6965.181641,2.2168e-13
6970.064453,2.214e-13
6974.946777,2.208e-13
6979.82959,2.2077e-13
6984.712402,2.1986e-13
6989.595215,2.1838e-13
6994.478027,2.1873e-13
6999.36084,2.1758e-13
7004.243652,2.1673e-13
7009.126465,2.162e-13
7014.009277,2.1524e-13
7018.89209,2.1399e-13
7023.774902,2.1414e-13
7028.657715,2.1424e-13
7033.540527,2.1331e-13
7038.423828,2.123e-13
7043.306641,2.1193e-13
7048.189453,2.113e-13
7053.072754,2.0973e-13
7057.955566,2.0887e-13
7062.838867,2.0729e-13
7067.72168,2.0528e-13
7072.60498,2.0589e-13
7077.487793,2.0777e-13
7082.371094,2.0665e-13
7087.254395,2.0578e-13
7092.137207,2.0519e-13
7097.020508,2.0469e-13
7101.903809,2.037e-13
7106.787109,2.0384e-13
7111.669922,2.0326e-13
7116.553223,2.018e-13
7121.436523,2.0201e-13
7126.319824,2.0042e-13
7131.203125,2.0044e-13
7136.086426,2.0001e-13
7140.969727,1.9927e-13
7145.853027,1.9865e-13
7150.736328,1.9788e-13
7155.619629,1.9571e-13
7160.503418,1.9374e-13
7165.386719,1.9202e-13
7170.27002,1.8902e-13
7175.15332,1.8738e-13
7180.037109,1.851e-13
7184.92041,1.8567e-13
7189.803711,1.8664e-13
7194.6875,1.8835e-13
7199.570801,1.9022e-13
7204.45459,1.9063e-13
7209.337891,1.91e-13
7214.22168,1.9137e-13
7219.10498,1.915e-13
7223.98877,1.9197e-13
7228.872559,1.9095e-13
7233.755859,1.9033e-13
7238.639648,1.9066e-13
7243.523438,1.9144e-13
7248.406738,1.9073e-13
7253.290527,1.8936e-13
7258.174316,1.8843e-13
7263.058105,1.8708e-13
7267.941895,1.8722e-13
7272.825195,1.8752e-13
7277.708984,1.8682e-13
7282.592773,1.8567e-13
7287.476562,1.8627e-13
7292.360352,1.8563e-13
7297.244141,1.8522e-13
7302.12793,1.8465e-13
7307.011719,1.8422e-13
7311.895996,1.8369e-13
7316.779785,1.8281e-13
7321.663574,1.8228e-13
7326.547363,1.8164e-13
7331.431152,1.81e-13
7336.314941,1.8154e-13
7341.199219,1.8103e-13
7346.083008,1.8035e-13
7350.966797,1.7934e-13
7355.851074,1.7954e-13
7360.734863,1.7844e-13
7365.618652,1.7841e-13
7370.50293,1.7808e-13
7375.386719,1.7755e-13
7380.270996,1.7784e-13
7385.154785,1.7693e-13
7390.039062,1.7701e-13
7394.922852,1.765e-13
7399.807129,1.7475e-13
7404.690918,1.7386e-13
7409.575195,1.7417e-13
7414.458984,1.7433e-13
7419.343262,1.7329e-13
7424.227539,1.7226e-13
7429.111328,1.7271e-13
7433.995605,1.7252e-13
7438.879883,1.7204e-13
7443.763672,1.7081e-13
7448.647949,1.702e-13
7453.532227,1.7011e-13
7458.416504,1.699e-13
7463.300293,1.6936e-13
7468.18457,1.6868e-13
7473.068848,1.6841e-13
7477.953125,1.6858e-13
7482.837402,1.6795e-13
7487.72168,1.6778e-13
7492.605957,1.6641e-13
7497.490234,1.6629e-13
7502.374512,1.6577e-13
7507.258301,1.6509e-13
7512.142578,1.6466e-13
7517.026855,1.648e-13
7521.911133,1.6484e-13
7526.79541,1.6406e-13
7531.680176,1.6348e-13
7536.564453,1.6273e-13
7541.44873,1.6223e-13
7546.333008,1.6156e-13
7551.217285,1.6027e-13
7556.101562,1.5927e-13
7560.98584,1.5932e-13
7565.870117,1.5806e-13
7570.754395,1.5712e-13
7575.63916,1.5487e-13
7580.523438,1.5295e-13
7585.407715,1.5035e-13
7590.291992,1.4737e-13
7595.17627,1.4586e-13
7600.061035,1.4594e-13
7604.945312,1.4824e-13
7609.82959,1.5042e-13
7614.713867,1.5162e-13
7619.598633,1.524e-13
7624.48291,1.5294e-13
7629.367188,1.5301e-13
7634.251953,1.534e-13
7639.13623,1.5307e-13
7644.020508,1.5273e-13
7648.905273,1.5285e-13
7653.789551,1.5288e-13
7658.673828,1.5258e-13
7663.558594,1.5298e-13
7668.442871,1.5174e-13
7673.327637,1.5125e-13
7678.211914,1.5177e-13
7683.096191,1.514e-13
7687.980957,1.5049e-13
7692.865234,1.4992e-13
7697.75,1.4899e-13
7702.634277,1.484e-13
7707.519043,1.4858e-13
7712.40332,1.4851e-13
7717.287598,1.4836e-13
7722.172363,1.4821e-13
7727.056641,1.4797e-13
7731.941406,1.4798e-13
7736.825684,1.4736e-13
7741.710449,1.4654e-13
7746.594727,1.4603e-13
7751.479492,1.4532e-13
7756.36377,1.4557e-13
7761.248535,1.4446e-13
7766.132812,1.4461e-13
7771.017578,1.4438e-13
7775.902344,1.4483e-13
7780.786621,1.4386e-13
7785.671387,1.4328e-13
7790.555664,1.4322e-13
7795.44043,1.4279e-13
7800.324707,1.4226e-13
7805.209473,1.4203e-13
7810.09375,1.4109e-13
7814.978516,1.4135e-13
7819.862793,1.4083e-13
7824.747559,1.4138e-13
7829.632324,1.4043e-13
7834.516602,1.4004e-13
7839.401367,1.3961e-13
7844.285645,1.3968e-13
7849.17041,1.3894e-13
7854.054688,1.3876e-13
7858.939453,1.3882e-13
7863.82373,1.3749e-13
7868.708496,1.3819e-13
7873.593262,1.3727e-13
7878.477539,1.3699e-13
7883.362305,1.3657e-13
7888.246582,1.3655e-13
7893.131348,1.3616e-13
7898.015625,1.3651e-13
7902.900391,1.3742e-13
7907.784668,1.363e-13
7912.669434,1.3533e-13
7917.554199,1.3459e-13
7922.438477,1.3357e-13
7927.323242,1.3308e-13
7932.20752,1.3296e-13
7937.092285,1.3317e-13
7941.976562,1.3266e-13
7946.861328,1.3212e-13
7951.745605,1.3252e-13
7956.630371,1.3176e-13
7961.514648,1.3153e-13
7966.399414,1.3175e-13
7971.283691,1.3113e-13
7976.168457,1.3142e-13
7981.052734,1.3162e-13
7985.9375,1.3075e-13
7990.821777,1.305e-13
7995.706543,1.2967e-13
8000.59082,1.2891e-13
8005.475586,1.2816e-13
8010.359863,1.2756e-13
8015.244141,1.275e-13
8020.128906,1.2758e-13
8025.013184,1.2744e-13
8029.897949,1.2791e-13
8034.782227,1.2776e-13
8039.666992,1.2692e-13
8044.55127,1.2626e-13
8049.435547,1.2571e-13
8054.320312,1.252e-13
8059.20459,1.247e-13
8064.088867,1.2437e-13
8068.973633,1.246e-13
8073.85791,1.2533e-13
8078.742188,1.2532e-13
8083.626953,1.2504e-13
8088.51123,1.2411e-13
8093.395508,1.2312e-13
8098.280273,1.2254e-13
8103.164551,1.2282e-13
8108.048828,1.2249e-13
8112.933105,1.2214e-13
8117.817871,1.2248e-13
8122.702148,1.2176e-13
8127.586426,1.2161e-13
8132.470703,1.2113e-13
8137.35498,1.2096e-13
8142.239258,1.2027e-13
8147.124023,1.1998e-13
8152.008301,1.1941e-13
8156.892578,1.1978e-13
8161.776855,1.1931e-13
8166.661133,1.1897e-13
8171.54541,1.1877e-13
8176.429688,1.1832e-13
8181.313965,1.1804e-13
8186.198242,1.1669e-13
8191.08252,1.1664e-13
8195.966797,1.1596e-13
8200.851562,1.1525e-13
8205.735352,1.1495e-13
8210.620117,1.137e-13
8215.503906,1.1312e-13
8220.388672,1.1152e-13
8225.272461,1.1045e-13
8230.15625,1.0851e-13
8235.041016,1.0673e-13
8239.924805,1.0472e-13
8244.80957,1.045e-13
8249.693359,1.0613e-13
8254.577148,1.0764e-13
8259.461914,1.0933e-13
8264.345703,1.103e-13
8269.230469,1.1021e-13
8274.114258,1.111e-13
8278.998047,1.1125e-13
8283.882812,1.1104e-13
8288.766602,1.1074e-13
8293.650391,1.1066e-13
8298.535156,1.1027e-13
8303.418945,1.094e-13
8308.302734,1.0915e-13
8313.186523,1.0977e-13
8318.071289,1.1087e-13
8322.955078,1.1014e-13
8327.838867,1.1025e-13
8332.722656,1.0997e-13
8337.607422,1.0928e-13
8342.491211,1.0895e-13
8347.375,1.085e-13
8352.258789,1.0855e-13
8357.142578,1.0754e-13
8362.026367,1.0739e-13
8366.911133,1.0756e-13
8371.794922,1.0735e-13
8376.678711,1.0725e-13
8381.5625,1.076e-13
8386.446289,1.0727e-13
8391.330078,1.0729e-13
8396.213867,1.0632e-13
8401.097656,1.0582e-13
8405.981445,1.0576e-13
8410.865234,1.0602e-13
8415.749023,1.0611e-13
8420.632812,1.0507e-13
8425.516602,1.056e-13
8430.400391,1.0529e-13
8435.28418,1.0479e-13
8440.167969,1.0477e-13
8445.051758,1.0409e-13
8449.935547,1.0358e-13
8454.819336,1.0317e-13
8459.703125,1.0306e-13
8464.586914,1.0386e-13
8469.470703,1.0372e-13
8474.353516,1.0392e-13
8479.237305,1.0322e-13
8484.121094,1.0335e-13
8489.004883,1.0291e-13
8493.888672,1.0263e-13
8498.771484,1.0244e-13
8503.655273,1.0185e-13
8508.539062,1.019e-13
8513.422852,1.0112e-13
8518.305664,1.0065e-13
8523.189453,1.001e-13
8528.073242,1.0028e-13
8532.956055,1.002e-13
8537.839844,9.9437e-14
8542.723633,9.9786e-14
8547.606445,9.9645e-14
8552.490234,9.9822e-14
8557.373047,9.9453e-14
8562.256836,9.8712e-14
8567.139648,9.9668e-14
8572.023438,9.9375e-14
8576.90625,9.9178e-14
8581.790039,9.8834e-14
8586.672852,9.817e-14
8591.556641,9.7758e-14
8596.439453,9.6804e-14
8601.323242,9.6469e-14
8606.206055,9.6365e-14
8611.089844,9.6243e-14
8615.972656,9.6394e-14
8620.855469,9.6299e-14
8625.739258,9.6463e-14
8630.62207,9.6114e-14
8635.504883,9.6042e-14
8640.387695,9.5581e-14
8645.271484,9.5005e-14
8650.154297,9.4721e-14
8655.037109,9.468e-14
8659.919922,9.5186e-14
8664.803711,9.4483e-14
8669.686523,9.3541e-14
8674.569336,9.3305e-14
8679.452148,9.3999e-14
8684.334961,9.3523e-14
8689.217773,9.3124e-14
8694.100586,9.3069e-14
8698.983398,9.3479e-14
8703.866211,9.4001e-14
8708.749023,9.3427e-14
8713.631836,9.244e-14
8718.514648,9.2062e-14
8723.397461,9.1483e-14
8728.280273,9.096e-14
8733.163086,9.1164e-14
8738.045898,9.0969e-14
8742.928711,9.0491e-14
8747.811523,9.0502e-14
8752.693359,9.0522e-14
8757.576172,9.0582e-14
8762.458984,9.0623e-14
8767.341797,9.1015e-14
8772.223633,9.0467e-14
8777.106445,8.9707e-14
8781.989258,8.9879e-14
8786.871094,8.9125e-14
8791.753906,8.8825e-14
8796.636719,8.841e-14
8801.518555,8.8261e-14
8806.401367,8.8564e-14
8811.283203,8.868e-14
8816.166016,8.8824e-14
8821.047852,8.828e-14
8825.930664,8.7939e-14
8830.8125,8.7243e-14
8835.695312,8.6667e-14
8840.577148,8.707e-14
8845.458984,8.7389e-14
8850.341797,8.7246e-14
8855.223633,8.7192e-14
8860.105469,8.6431e-14
8864.988281,8.5893e-14
8869.870117,8.5719e-14
8874.751953,8.5062e-14
8879.633789,8.5159e-14
8884.516602,8.539e-14
8889.398438,8.5048e-14
8894.280273,8.4742e-14
8899.162109,8.4619e-14
8904.043945,8.4862e-14
8908.925781,8.4164e-14
8913.807617,8.4201e-14
8918.689453,8.4064e-14
8923.571289,8.4027e-14
8928.453125,8.3959e-14
8933.334961,8.3522e-14
8938.216797,8.3306e-14
8943.098633,8.2822e-14
8947.980469,8.2442e-14
8952.862305,8.2696e-14
8957.743164,8.2906e-14
8962.625,8.2571e-14
8967.506836,8.2668e-14
8972.388672,8.2173e-14
8977.269531,8.1605e-14
8982.151367,8.1441e-14
8987.033203,8.1288e-14
8991.914062,8.1672e-14
8996.795898,8.1874e-14
9001.677734,8.171e-14
9006.558594,8.1158e-14
9011.44043,8.0666e-14
9016.321289,8.0716e-14
9021.202148,8.063e-14
9026.083984,8.0546e-14
9030.964844,8.0681e-14
9035.84668,8.0168e-14
9040.727539,7.9875e-14
9045.608398,7.9192e-14
9050.490234,7.9174e-14
9055.371094,7.9134e-14
9060.251953,7.8662e-14
9065.132812,7.876e-14
9070.013672,7.9075e-14
9074.895508,7.92e-14
9079.776367,7.9183e-14
9084.657227,7.8885e-14
9089.538086,7.8364e-14
9094.418945,7.8002e-14
9099.299805,7.7606e-14
9104.180664,7.7794e-14
9109.061523,7.801e-14
9113.942383,7.7644e-14
9118.823242,7.7502e-14
9123.703125,7.7171e-14
9128.583984,7.6575e-14
9133.464844,7.6107e-14
9138.345703,7.5802e-14
9143.225586,7.6469e-14
9148.106445,7.6956e-14
9152.987305,7.6951e-14
9157.867188,7.6675e-14
9162.748047,7.6243e-14
9167.628906,7.5783e-14
9172.508789,7.5377e-14
9177.389648,7.5177e-14
9182.269531,7.5112e-14
9187.149414,7.5322e-14
9192.030273,7.4972e-14
9196.910156,7.4936e-14
9201.791016,7.5072e-14
9206.670898,7.4649e-14
9211.550781,7.3831e-14
9216.430664,7.3311e-14
9221.311523,7.3039e-14
9226.191406,7.2764e-14
9231.071289,7.2844e-14
9235.951172,7.289e-14
9240.831055,7.3438e-14
9245.710938,7.2732e-14
9250.59082,7.274e-14
9255.470703,7.2413e-14
9260.350586,7.2871e-14
9265.230469,7.2897e-14
9270.110352,7.2314e-14
9274.990234,7.2144e-14
9279.870117,7.1907e-14
9284.749023,7.1347e-14
9289.628906,7.1768e-14
9294.508789,7.1762e-14
9299.387695,7.1557e-14
9304.267578,7.2303e-14
9309.147461,7.1096e-14
9314.026367,7.0043e-14
9318.90625,6.9244e-14
9323.785156,6.8602e-14
9328.665039,6.7655e-14
9333.543945,6.6876e-14
9338.423828,6.5787e-14
9343.302734,6.4345e-14
9348.181641,6.3519e-14
9353.061523,6.3892e-14
9357.94043,6.4446e-14
9362.819336,6.5735e-14
9367.698242,6.6726e-14
9372.577148,6.7405e-14
9377.456055,6.7566e-14
9382.335938,6.7997e-14
9387.214844,6.7718e-14
9392.09375,6.7591e-14
9396.972656,6.8457e-14
9401.850586,6.8513e-14
9406.729492,6.8313e-14
9411.608398,6.8474e-14
9416.487305,6.8332e-14
9421.366211,6.8192e-14
9426.245117,6.7901e-14
9431.123047,6.7842e-14
9436.001953,6.7977e-14
9440.880859,6.8018e-14
9445.758789,6.775e-14
9450.637695,6.7835e-14
9455.515625,6.751e-14
9460.394531,6.6761e-14
9465.272461,6.6008e-14
9470.150391,6.5771e-14
9475.029297,6.5917e-14
9479.907227,6.5633e-14
9484.785156,6.5699e-14
9489.664062,6.5798e-14
9494.541992,6.6232e-14
9499.419922,6.6309e-14
9504.297852,6.5846e-14
9509.175781,6.5767e-14
9514.053711,6.5451e-14
9518.931641,6.5491e-14
9523.80957,6.5417e-14
9528.6875,6.4679e-14
9533.56543,6.4138e-14
9538.443359,6.3347e-14
9543.321289,6.3273e-14
9548.198242,6.3501e-14
9553.076172,6.3489e-14
9557.954102,6.3725e-14
9562.831055,6.3504e-14
9567.708984,6.3103e-14
9572.586914,6.3659e-14
9577.463867,6.3799e-14
9582.341797,6.3253e-14
9587.21875,6.3665e-14
9592.095703,6.3807e-14
9596.973633,6.366e-14
9601.850586,6.4102e-14
9606.727539,6.3099e-14
9611.605469,6.2909e-14
9616.482422,6.2321e-14
9621.359375,6.2059e-14
9626.236328,6.2243e-14
9631.113281,6.2161e-14
9635.990234,6.1636e-14
9640.867188,6.1227e-14
9645.744141,6.1222e-14
9650.621094,6.173e-14
9655.498047,6.2197e-14
9660.375,6.1948e-14
9665.250977,6.1923e-14
9670.12793,6.1876e-14
9675.004883,6.1608e-14
9679.880859,6.1074e-14
9684.757812,6.0342e-14
9689.633789,6.0284e-14
9694.510742,6.0077e-14
9699.386719,6.0425e-14
9704.263672,6.0392e-14
9709.139648,6.0658e-14
9714.016602,5.9892e-14
9718.892578,5.943e-14
9723.768555,5.9497e-14
9728.644531,5.9515e-14
9733.520508,5.9979e-14
9738.396484,5.9787e-14
9743.273438,5.8947e-14
9748.149414,5.8831e-14
9753.024414,5.8391e-14
9757.900391,5.861e-14
9762.776367,5.809e-14
9767.652344,5.846e-14
9772.52832,5.8443e-14
9777.404297,5.8328e-14
9782.279297,5.7964e-14
9787.155273,5.762e-14
9792.03125,5.7817e-14
9796.90625,5.7195e-14
9801.782227,5.7636e-14
9806.657227,5.7799e-14
9811.532227,5.7933e-14
9816.408203,5.7562e-14
9821.283203,5.7671e-14
9826.158203,5.7503e-14
9831.03418,5.7373e-14
9835.90918,5.7503e-14
9840.78418,5.7987e-14
9845.65918,5.8117e-14
9850.53418,5.7407e-14
9855.40918,5.7027e-14
9860.28418,5.6871e-14
9865.15918,5.6764e-14
9870.03418,5.6672e-14
9874.90918,5.5645e-14
9879.783203,5.5943e-14
9884.658203,5.5736e-14
9889.533203,5.6205e-14
9894.407227,5.6419e-14
9899.282227,5.6366e-14
9904.15625,5.63e-14
9909.03125,5.5921e-14
9913.905273,5.5765e-14
9918.779297,5.5149e-14
9923.654297,5.5016e-14
9928.52832,5.5044e-14
9933.402344,5.5093e-14
9938.276367,5.546e-14
9943.151367,5.4859e-14
9948.025391,5.4593e-14
9952.899414,5.5077e-14
9957.773438,5.4747e-14
9962.646484,5.4978e-14
9967.520508,5.4131e-14
9972.394531,5.3914e-14
9977.268555,5.3804e-14
9982.142578,5.4063e-14
9987.015625,5.3904e-14
9991.889648,5.3812e-14
9996.762695,5.393e-14
10001.636719,5.374e-14
10006.509766,5.3637e-14
10011.383789,5.3551e-14
10016.256836,5.3227e-14
10021.129883,5.3416e-14
10026.003906,5.2249e-14
10030.876953,5.2075e-14
10035.75,5.2182e-14
10040.623047,5.2221e-14
10045.496094,5.1782e-14
10050.369141,5.1484e-14
10055.242188,5.0941e-14
10060.115234,5.1501e-14
10064.988281,5.0399e-14
10069.861328,5.0551e-14
10074.733398,5.095e-14
10079.606445,5.0823e-14
10084.479492,5.0544e-14
10089.351562,5.0733e-14
10094.224609,5.0404e-14
10099.09668,5.0038e-14
10103.96875,4.9483e-14
10108.841797,4.8515e-14
10113.713867,4.8121e-14
10118.585938,4.7147e-14
10123.458984,4.6606e-14
10128.331055,4.6354e-14
10133.203125,4.6273e-14
10138.075195,4.7459e-14
10142.947266,4.764e-14
10147.819336,4.8296e-14
10152.691406,4.8784e-14
10157.5625,4.885e-14
10162.43457,4.9596e-14
10167.306641,4.9009e-14
10172.177734,4.8591e-14
10177.049805,4.8582e-14
10181.921875,4.8827e-14
10186.792969,4.8745e-14
10191.664062,4.9009e-14
10196.536133,4.9118e-14
10201.407227,4.8714e-14
10206.27832,4.8891e-14
10211.150391,4.9203e-14
10216.021484,4.9055e-14
10220.892578,4.8427e-14
10225.763672,4.8334e-14
