wave,flux
1140.474853515625,8.697e-14
1141.059082,8.4727e-14
1141.643188,7.7363e-14
1142.227417,7.1738e-14
1142.811646,7.2231e-14
1143.395874,7.075e-14
1143.97998,7.3085e-14
1144.564209,7.3769e-14
1145.148438,6.6009e-14
1145.732666,7.8559e-14
1146.316772,8.1265e-14
1146.901001,8.359e-14
1147.485229,8.3945e-14
1148.069336,8.6646e-14
1148.653564,8.7682e-14
1149.237793,8.4489e-14
1149.822021,8.8138e-14
1150.406128,8.299e-14
1150.990356,7.8699e-14
1151.574585,8.3596e-14
1152.158691,8.2197e-14
1152.74292,8.6582e-14
1153.327148,8.3086e-14
1153.911255,8.1626e-14
1154.495483,8.3526e-14
1155.079712,7.9861e-14
1155.663818,8.4904e-14
1156.248047,7.9903e-14
1156.832275,8.3063e-14
1157.416382,8.494e-14
1158.00061,8.4549e-14
1158.584717,8.5386e-14
1159.168945,8.6487e-14
1159.753174,8.4222e-14
1160.33728,8.7083e-14
1160.921509,8.6962e-14
1161.505615,8.6556e-14
1162.089844,8.8744e-14
1162.674072,8.4918e-14
1163.258179,8.4716e-14
1163.842407,8.5971e-14
1164.426514,8.7452e-14
1165.010742,8.4731e-14
1165.594971,8.3886e-14
1166.179077,8.4237e-14
1166.763306,8.4011e-14
1167.347412,8.3484e-14
1167.931641,8.1027e-14
1168.515747,7.9704e-14
1169.099976,7.585e-14
1169.684082,7.6356e-14
1170.268311,8.1018e-14
1170.852417,8.2249e-14
1171.436646,8.242e-14
1172.020752,8.2274e-14
1172.60498,8.0433e-14
1173.189087,8.039e-14
1173.773315,7.9743e-14
1174.357422,8.2679e-14
1174.94165,8.3465e-14
1175.525757,7.8707e-14
1176.109985,7.8743e-14
1176.694092,7.7819e-14
1177.27832,8.1884e-14
1177.862427,8.1692e-14
1178.446655,8.1422e-14
1179.030762,8.3251e-14
1179.61499,8.1551e-14
1180.199097,8.2156e-14
1180.783325,8.2008e-14
1181.367432,8.0934e-14
1181.951538,8.0859e-14
1182.535767,8.0751e-14
1183.119873,8.0358e-14
1183.704102,8.2788e-14
1184.288208,8.0268e-14
1184.872437,8.2307e-14
1185.456543,8.3192e-14
1186.040649,8.286e-14
1186.624878,8.1922e-14
1187.208984,8.2889e-14
1187.793091,7.9559e-14
1188.377319,7.9532e-14
1188.961426,7.8131e-14
1189.545654,7.718e-14
1190.129761,7.455e-14
1190.713867,7.3441e-14
1191.298096,7.4639e-14
1191.882202,7.7311e-14
1192.466309,7.5191e-14
1193.050537,7.0678e-14
1193.634644,7.1633e-14
1194.21875,7.2431e-14
1194.802979,7.4144e-14
1195.387085,7.409e-14
1195.971191,7.4886e-14
1196.55542,7.3556e-14
1197.139526,7.2745e-14
1197.723633,6.9661e-14
1198.307861,6.6558e-14
1198.891968,6.2507e-14
1199.476074,5.8714e-14
1200.060303,5.9011e-14
1200.644409,6.1444e-14
1201.228516,6.3607e-14
1201.812622,6.5954e-14
1202.396851,6.4724e-14
1202.980957,6.4997e-14
1203.565063,6.5313e-14
1204.14917,6.1908e-14
1204.733398,6.1801e-14
1205.317505,5.9697e-14
1205.901611,5.4245e-14
1206.485718,5.4575e-14
1207.069946,5.2187e-14
1207.654053,4.9651e-14
1208.238159,4.9781e-14
1208.822266,4.4685e-14
1209.406372,3.9191e-14
1209.990601,3.6116e-14
1210.574707,3.2006e-14
1211.158813,2.5705e-14
1211.74292,1.9951e-14
1212.327026,1.5691e-14
1212.911255,1.2328e-14
1213.495361,1.041e-14
1214.079468,7.5921e-15
1214.663574,6.8034e-15
1215.247681,7.4563e-15
1215.831787,6.7738e-15
1216.416016,6.5357e-15
1217.000122,8.5028e-15
1217.584229,1.0083e-14
1218.168335,1.107e-14
1218.752441,1.3998e-14
1219.336548,1.7864e-14
1219.920654,2.3546e-14
1220.504883,2.9127e-14
1221.088989,3.4398e-14
1221.673096,3.7431e-14
1222.257202,4.1575e-14
1222.841309,4.6731e-14
1223.425415,5.2263e-14
1224.009521,5.4775e-14
1224.593628,5.6902e-14
1225.177734,6.0437e-14
1225.761841,6.6583e-14
1226.346069,6.3495e-14
1226.930176,6.7675e-14
1227.514282,6.8039e-14
1228.098389,6.8184e-14
1228.682495,6.9368e-14
1229.266602,6.8763e-14
1229.850708,6.9529e-14
1230.434814,7.1252e-14
1231.018921,7.353e-14
1231.603027,7.2448e-14
1232.187134,7.4366e-14
1232.77124,7.5969e-14
1233.355347,7.6735e-14
1233.939453,7.7452e-14
1234.52356,7.9052e-14
1235.107666,7.9976e-14
1235.691772,8.0763e-14
1236.275879,7.8832e-14
1236.859985,7.8459e-14
1237.444092,7.472e-14
1238.028198,7.6778e-14
1238.612305,7.3464e-14
1239.196411,7.3074e-14
1239.780518,7.4345e-14
1240.364624,7.4755e-14
1240.94873,7.6098e-14
1241.532837,7.5468e-14
1242.116943,7.5388e-14
1242.70105,7.5426e-14
1243.285156,7.7046e-14
1243.869263,7.7851e-14
1244.453247,7.7492e-14
1245.037354,7.759e-14
1245.62146,7.9048e-14
1246.205566,7.7183e-14
1246.789673,7.7021e-14
1247.373779,7.7115e-14
1247.957886,7.7543e-14
1248.541992,7.801e-14
1249.126099,7.6865e-14
1249.710205,7.734e-14
1250.294189,7.7415e-14
1250.878296,7.622e-14
1251.462402,7.6584e-14
1252.046509,7.7732e-14
1252.630615,7.7655e-14
1253.214722,7.5715e-14
1253.798828,7.5073e-14
1254.382935,7.7279e-14
1254.966919,7.6939e-14
1255.551025,7.5927e-14
1256.135132,7.6788e-14
1256.719238,7.8762e-14
1257.303345,7.7901e-14
1257.887451,7.5737e-14
1258.471436,7.3265e-14
1259.055542,7.0365e-14
1259.639648,6.5898e-14
1260.223755,6.3788e-14
1260.807861,6.7167e-14
1261.391846,6.8696e-14
1261.975952,7.4213e-14
1262.560059,7.7892e-14
1263.144165,7.9351e-14
1263.728149,7.906e-14
1264.312256,7.7496e-14
1264.896362,7.7983e-14
1265.480469,7.8394e-14
1266.064453,7.7533e-14
1266.64856,8.0116e-14
1267.232666,7.7972e-14
1267.816772,7.8785e-14
1268.400757,7.8028e-14
1268.984863,7.9009e-14
1269.56897,7.9684e-14
1270.153076,8.1822e-14
1270.737061,8.0548e-14
1271.321167,8.0725e-14
1271.905273,8.0564e-14
1272.489258,8.0121e-14
1273.073364,8.1986e-14
1273.657471,8.2692e-14
1274.241577,7.879e-14
1274.825562,7.8804e-14
1275.409668,7.9437e-14
1275.993774,7.8313e-14
1276.577759,7.5901e-14
1277.161865,7.497e-14
1277.745972,7.5597e-14
1278.329956,7.6083e-14
1278.914062,7.7857e-14
1279.498169,7.9208e-14
1280.082153,7.6732e-14
1280.66626,7.7246e-14
1281.250244,7.9367e-14
1281.834351,7.6203e-14
1282.418457,7.649e-14
1283.002441,7.6761e-14
1283.586548,7.6619e-14
1284.170654,7.5525e-14
1284.754639,7.8071e-14
1285.338745,7.7419e-14
1285.922729,7.6119e-14
1286.506836,7.634e-14
1287.09082,7.6046e-14
1287.674927,7.7966e-14
1288.259033,7.9614e-14
1288.843018,8.2564e-14
1289.427124,8.0158e-14
1290.011108,7.9891e-14
1290.595215,7.9207e-14
1291.179199,7.7167e-14
1291.763306,7.9104e-14
1292.347412,7.8441e-14
1292.931396,8.0751e-14
1293.515503,7.993e-14
1294.099487,8.1023e-14
1294.683594,7.7845e-14
1295.267578,7.8475e-14
1295.851685,7.937e-14
1296.435669,8.0103e-14
1297.019775,7.9208e-14
1297.60376,7.8846e-14
1298.187866,7.9832e-14
1298.771851,7.926e-14
1299.355957,7.8657e-14
1299.939941,7.8746e-14
1300.524048,7.8832e-14
1301.108032,7.4298e-14
1301.692139,6.9353e-14
1302.276123,6.6272e-14
1302.860107,7.0426e-14
1303.444214,7.1078e-14
1304.028198,7.1154e-14
1304.612305,6.9385e-14
1305.196289,7.2686e-14
1305.780396,7.5674e-14
1306.36438,7.6274e-14
1306.948364,7.6611e-14
1307.532471,7.828e-14
1308.116455,7.5764e-14
1308.700562,7.6238e-14
1309.284546,7.6961e-14
1309.868652,7.6628e-14
1310.452637,7.6938e-14
1311.036621,7.7042e-14
1311.620728,7.7953e-14
1312.204712,7.7161e-14
1312.788696,7.6863e-14
1313.372803,7.6856e-14
1313.956787,7.6893e-14
1314.540894,7.6669e-14
1315.124878,7.7224e-14
1315.708862,7.604e-14
1316.292969,7.6409e-14
1316.876953,7.5488e-14
1317.460938,7.3437e-14
1318.045044,7.2948e-14
1318.629028,7.5972e-14
1319.213013,7.608e-14
1319.797119,7.3654e-14
1320.381104,7.5876e-14
1320.965088,7.6764e-14
1321.549194,7.5977e-14
1322.133179,7.5699e-14
1322.717163,7.6067e-14
1323.301147,7.5896e-14
1323.885254,7.5885e-14
1324.469238,7.5924e-14
1325.053223,7.5405e-14
1325.637329,7.5438e-14
1326.221313,7.4557e-14
1326.805298,7.5353e-14
1327.389282,7.4755e-14
1327.973389,7.3808e-14
1328.557373,7.2987e-14
1329.141357,7.2577e-14
1329.725342,7.2779e-14
1330.309448,7.3337e-14
1330.893433,7.2551e-14
1331.477417,7.2871e-14
1332.061401,7.2199e-14
1332.645386,7.1415e-14
1333.229492,7.0649e-14
1333.813477,6.9553e-14
1334.397461,6.3668e-14
1334.981445,6.3276e-14
1335.56543,6.5681e-14
1336.149536,6.6829e-14
1336.733521,6.9751e-14
1337.317505,6.9536e-14
1337.901489,7.0306e-14
1338.485474,7.018e-14
1339.069458,6.9537e-14
1339.653564,7.1736e-14
1340.237549,7.2988e-14
1340.821533,7.1923e-14
1341.405518,7.3807e-14
1341.989502,7.4513e-14
1342.573486,7.3101e-14
1343.157593,6.9785e-14
1343.741577,7.1414e-14
1344.325562,7.1044e-14
1344.909546,7.4159e-14
1345.49353,7.4072e-14
1346.077515,7.316e-14
1346.661499,7.2827e-14
1347.245483,7.2902e-14
1347.829468,7.3326e-14
1348.413452,7.181e-14
1348.997559,7.183e-14
1349.581543,7.2431e-14
1350.165527,7.1433e-14
1350.749512,7.2791e-14
1351.333496,7.1894e-14
1351.91748,7.3289e-14
1352.501465,7.1638e-14
1353.085449,7.092e-14
1353.669434,7.1028e-14
1354.253418,7.2439e-14
1354.837402,7.0167e-14
1355.421387,7.1685e-14
1356.005371,7.0404e-14
1356.589355,7.1282e-14
1357.17334,7.1947e-14
1357.757324,7.2103e-14
1358.341309,7.1878e-14
1358.925293,7.3291e-14
1359.509277,7.2151e-14
1360.093262,7.0546e-14
1360.677246,7.2134e-14
1361.26123,7.123e-14
1361.845215,7.021e-14
1362.429199,7.0878e-14
1363.013184,6.9764e-14
1363.597168,7.25e-14
1364.181152,7.2525e-14
1364.765137,7.3775e-14
1365.349121,7.1837e-14
1365.933105,7.1482e-14
1366.51709,7.0691e-14
1367.101074,7.139e-14
1367.685059,6.9526e-14
1368.269043,6.9912e-14
1368.853027,6.854e-14
1369.43689,6.8492e-14
1370.020874,6.956e-14
1370.604858,6.7047e-14
1371.188843,6.631e-14
1371.772827,6.6652e-14
1372.356812,6.8333e-14
1372.940796,7.0473e-14
1373.52478,6.998e-14
1374.108765,7.021e-14
1374.692749,6.7777e-14
1375.276611,7.08e-14
1375.860596,7.1105e-14
1376.44458,7.2018e-14
1377.028564,7.0555e-14
1377.612549,7.1603e-14
1378.196533,7.0155e-14
1378.780518,7.078e-14
1379.36438,6.9437e-14
1379.948364,7.1875e-14
1380.532349,7.1343e-14
1381.116333,7.0928e-14
1381.700317,7.212e-14
1382.284302,6.963e-14
1382.868164,6.9259e-14
1383.452148,6.9851e-14
1384.036133,7.2647e-14
1384.620117,7.0137e-14
1385.204102,6.9757e-14
1385.787964,6.9231e-14
1386.371948,6.8649e-14
1386.955933,6.4617e-14
1387.539917,6.8627e-14
1388.123779,6.6415e-14
1388.707764,6.9147e-14
1389.291748,6.7831e-14
1389.875732,6.6968e-14
1390.459595,6.9083e-14
1391.043579,6.7668e-14
1391.627563,6.6939e-14
1392.211548,6.5872e-14
1392.79541,6.7773e-14
1393.379395,6.8379e-14
1393.963379,6.8597e-14
1394.547363,6.8008e-14
1395.131226,6.7309e-14
1395.71521,6.8103e-14
1396.299194,6.7799e-14
1396.883057,6.6125e-14
1397.467041,6.7955e-14
1398.051025,6.7546e-14
1398.634888,6.7412e-14
1399.218872,6.663e-14
1399.802856,6.4524e-14
1400.386719,6.8649e-14
1400.970703,6.8964e-14
1401.554688,6.5923e-14
1402.13855,6.4992e-14
1402.722534,6.6057e-14
1403.306519,6.5747e-14
1403.890381,6.6332e-14
1404.474365,6.7814e-14
1405.05835,6.6131e-14
1405.642212,6.4966e-14
1406.226196,6.6428e-14
1406.810059,6.392e-14
1407.394043,6.5893e-14
1407.978027,6.1834e-14
1408.56189,6.1657e-14
1409.145874,6.4472e-14
1409.729736,6.4924e-14
1410.313721,6.386e-14
1410.897705,6.4227e-14
1411.481567,6.3382e-14
1412.065552,6.6903e-14
1412.649414,6.5572e-14
1413.233398,6.5719e-14
1413.817261,6.6416e-14
1414.401245,6.5044e-14
1414.985229,6.5644e-14
1415.569092,6.3597e-14
1416.153076,6.1981e-14
1416.736938,6.1967e-14
1417.320923,6.0958e-14
1417.904785,6.0146e-14
1418.48877,6.2427e-14
1419.072632,6.2298e-14
1419.656616,6.0926e-14
1420.240479,6.1376e-14
1420.824463,6.1351e-14
1421.408325,6.2686e-14
1421.99231,6.3742e-14
1422.576172,6.203e-14
1423.160156,6.2304e-14
1423.744019,6.4114e-14
1424.328003,6.4513e-14
1424.911865,6.5167e-14
1425.49585,6.3251e-14
1426.079712,6.3094e-14
1426.663696,6.1686e-14
1427.247559,6.364e-14
1427.831543,6.367e-14
1428.415405,6.3327e-14
1428.999268,6.4155e-14
1429.583252,6.4118e-14
1430.167114,6.2309e-14
1430.751099,6.3059e-14
1431.334961,6.2549e-14
1431.918823,6.1034e-14
1432.502808,6.225e-14
1433.08667,6.0517e-14
1433.670654,6.3798e-14
1434.254517,6.451e-14
1434.838379,6.4534e-14
1435.422363,6.3172e-14
1436.006226,6.2352e-14
1436.59021,6.3065e-14
1437.174072,6.3502e-14
1437.757935,6.3914e-14
1438.341919,6.2686e-14
1438.925781,6.2849e-14
1439.509644,6.3467e-14
1440.093628,6.2005e-14
1440.67749,6.167e-14
1441.261353,6.2177e-14
1441.845337,6.1961e-14
1442.429199,5.9749e-14
1443.013062,5.8457e-14
1443.597046,6.2877e-14
1444.180908,5.9598e-14
1444.764771,6.0751e-14
1445.348755,5.9032e-14
1445.932617,5.9791e-14
1446.516479,5.7043e-14
1447.100464,5.8178e-14
1447.684326,5.9623e-14
1448.268188,5.9642e-14
1448.852051,6.1546e-14
1449.436035,6.0925e-14
1450.019897,5.9196e-14
1450.60376,5.9904e-14
1451.187622,6.1003e-14
1451.771606,5.9147e-14
1452.355469,5.8745e-14
1452.939331,6.0163e-14
1453.523193,6.0585e-14
1454.107178,5.9292e-14
1454.69104,5.7461e-14
1455.274902,5.7401e-14
1455.858765,5.7768e-14
1456.442749,5.881e-14
1457.026611,6.0124e-14
1457.610474,5.817e-14
1458.194336,5.6581e-14
1458.778198,5.7355e-14
1459.362183,5.7248e-14
1459.946045,5.8271e-14
1460.529907,5.7465e-14
1461.11377,5.6889e-14
1461.697632,5.8824e-14
1462.281494,5.7533e-14
1462.865479,5.7791e-14
1463.449341,5.7245e-14
1464.033203,5.7787e-14
1464.617065,5.6481e-14
1465.200928,5.6206e-14
1465.78479,5.6866e-14
1466.368774,5.6878e-14
1466.952637,5.6632e-14
1467.536499,5.7366e-14
1468.120361,5.8043e-14
1468.704224,5.6735e-14
1469.288086,5.807e-14
1469.871948,5.6806e-14
1470.455811,5.8395e-14
1471.039673,5.833e-14
1471.623657,5.8808e-14
1472.20752,5.8202e-14
1472.791382,5.7706e-14
1473.375244,5.8642e-14
1473.959106,5.9194e-14
1474.542969,5.9149e-14
1475.126831,5.8997e-14
1475.710693,5.9657e-14
1476.294556,5.6894e-14
1476.878418,5.7211e-14
1477.46228,5.6593e-14
1478.046143,5.8999e-14
1478.630005,5.749e-14
1479.213867,5.4744e-14
1479.797729,5.5769e-14
1480.381592,6.0667e-14
1480.965454,6.0146e-14
1481.549316,5.8065e-14
1482.133179,5.7318e-14
1482.717041,5.8653e-14
1483.300903,5.7313e-14
1483.884766,5.8454e-14
1484.468628,5.883e-14
1485.05249,5.8297e-14
1485.636353,5.7637e-14
1486.220215,5.644e-14
1486.804077,5.6989e-14
1487.387939,5.7228e-14
1487.971802,5.7557e-14
1488.555664,5.7063e-14
1489.139526,5.8537e-14
1489.723389,6.0088e-14
1490.307251,5.7943e-14
1490.891113,5.6231e-14
1491.474976,5.7606e-14
1492.058838,5.8071e-14
1492.6427,5.7943e-14
1493.226562,5.6162e-14
1493.810425,5.7866e-14
1494.394165,5.9547e-14
1494.978027,5.7273e-14
1495.56189,5.5484e-14
1496.145752,5.7544e-14
1496.729614,5.5901e-14
1497.313477,5.5387e-14
1497.897339,5.6156e-14
1498.481201,5.5631e-14
1499.065063,5.5631e-14
1499.648804,5.5539e-14
1500.232666,5.4049e-14
1500.816528,5.3658e-14
1501.400391,5.3761e-14
1501.984253,5.4057e-14
1502.568115,5.1131e-14
1503.151978,5.2411e-14
1503.735718,5.5252e-14
1504.31958,5.6078e-14
1504.903442,5.3625e-14
1505.487305,5.2861e-14
1506.071167,5.4499e-14
1506.654907,5.3984e-14
1507.23877,5.2848e-14
1507.822632,5.4942e-14
1508.406494,5.2491e-14
1508.990356,5.2072e-14
1509.574097,5.1881e-14
1510.157959,5.3077e-14
1510.741821,5.1633e-14
1511.325684,5.367e-14
1511.909546,5.2551e-14
1512.493286,5.3777e-14
1513.077148,5.3518e-14
1513.661011,5.2709e-14
1514.244873,5.2825e-14
1514.828613,5.2935e-14
1515.412476,5.3203e-14
1515.996338,5.5469e-14
1516.5802,5.3795e-14
1517.16394,5.3289e-14
1517.747803,5.259e-14
1518.331665,5.5137e-14
1518.915405,5.225e-14
1519.499268,5.2453e-14
1520.08313,5.4549e-14
1520.666992,5.3198e-14
1521.250732,5.1757e-14
1521.834595,5.3448e-14
1522.418457,5.6228e-14
1523.002197,5.3538e-14
1523.58606,5.2405e-14
1524.169922,5.3159e-14
1524.753662,5.3833e-14
1525.337524,5.3082e-14
1525.921387,5.1077e-14
1526.505127,4.7961e-14
1527.088989,4.6881e-14
1527.672852,5.0503e-14
1528.256592,5.3302e-14
1528.840454,5.3923e-14
1529.424194,5.2297e-14
1530.008057,5.436e-14
1530.591919,5.4053e-14
1531.175659,5.5422e-14
1531.759521,5.8377e-14
1532.343262,5.7697e-14
1532.927124,5.5196e-14
1533.510986,5.4491e-14
1534.094727,5.5504e-14
1534.678589,5.4984e-14
1535.262329,5.3631e-14
1535.846191,5.4377e-14
1536.430054,5.5642e-14
1537.013794,5.4866e-14
1537.597656,5.1812e-14
1538.181396,5.143e-14
1538.765259,5.2612e-14
1539.348999,5.1126e-14
1539.932861,5.4513e-14
1540.516602,5.289e-14
1541.100464,5.1303e-14
1541.684204,5.5816e-14
1542.268066,5.5775e-14
1542.851929,5.483e-14
1543.435669,5.4146e-14
1544.019531,5.4852e-14
1544.603271,5.4113e-14
1545.187134,5.2029e-14
1545.770874,5.4153e-14
1546.354736,5.1898e-14
1546.938477,5.1798e-14
1547.522217,4.7735e-14
1548.106079,4.5866e-14
1548.689819,4.7e-14
1549.273682,4.8892e-14
1549.857422,4.6449e-14
1550.441284,4.5253e-14
1551.025024,4.5392e-14
1551.608887,4.754e-14
1552.192627,5.1947e-14
1552.776489,5.0953e-14
1553.360229,4.8944e-14
1553.94397,4.8832e-14
1554.527832,5.1321e-14
1555.111572,4.9497e-14
1555.695435,4.9768e-14
1556.279175,4.7953e-14
1556.863037,4.6306e-14
1557.446777,4.9409e-14
1558.030518,5.1936e-14
1558.61438,5.1472e-14
1559.19812,4.8765e-14
1559.78186,5.0059e-14
1560.365723,4.7324e-14
1560.949463,4.6303e-14
1561.533325,4.9228e-14
1562.117065,4.8586e-14
1562.700806,4.8555e-14
1563.284668,5.0309e-14
1563.868408,4.8196e-14
1564.452148,4.9637e-14
1565.036011,5.1143e-14
1565.619751,5.1197e-14
1566.203491,5.027e-14
1566.787354,5.0742e-14
1567.371094,5.1015e-14
1567.954834,5.0711e-14
1568.538696,5.0643e-14
1569.122437,4.9435e-14
1569.706177,4.7834e-14
1570.290039,4.8425e-14
1570.873779,4.8834e-14
1571.45752,4.8814e-14
1572.04126,4.9291e-14
1572.625122,4.9794e-14
1573.208862,4.9058e-14
1573.792603,5.0337e-14
1574.376343,5.0156e-14
1574.960205,5.0239e-14
1575.543945,5.1869e-14
1576.127686,4.9475e-14
1576.711426,4.8085e-14
1577.295288,5.0143e-14
1577.879028,4.9788e-14
1578.462769,5.2183e-14
1579.046509,5.0291e-14
1579.630371,4.8269e-14
1580.214111,4.7727e-14
1580.797852,5.0042e-14
1581.381592,4.7081e-14
1581.965332,4.5995e-14
1582.549194,4.6302e-14
1583.132935,4.5281e-14
1583.716675,4.6696e-14
1584.300415,4.6714e-14
1584.884155,4.7123e-14
1585.468018,4.5333e-14
1586.051758,4.6042e-14
1586.635498,4.7897e-14
1587.219238,4.5716e-14
1587.802979,4.6811e-14
1588.386719,4.6339e-14
1588.970581,4.6819e-14
1589.554321,4.7757e-14
1590.138062,4.5845e-14
1590.721802,4.6739e-14
1591.305542,4.6826e-14
1591.889282,4.7961e-14
1592.473022,4.4909e-14
1593.056763,4.7157e-14
1593.640625,4.6948e-14
1594.224365,4.7019e-14
1594.808105,4.7041e-14
1595.391846,4.4734e-14
1595.975586,4.959e-14
1596.559326,4.9489e-14
1597.143066,4.5878e-14
1597.726807,4.2867e-14
1598.310547,4.8152e-14
1598.894287,4.7697e-14
1599.478027,4.6105e-14
1600.061768,4.6351e-14
1600.645508,4.4799e-14
1601.229248,4.6455e-14
1601.81311,4.9162e-14
1602.396851,4.7919e-14
1602.980591,4.5802e-14
1603.564331,4.5782e-14
1604.148071,4.5622e-14
1604.731812,4.531e-14
1605.315552,4.5506e-14
1605.899292,4.748e-14
1606.483032,4.6392e-14
1607.066772,4.3801e-14
1607.650513,4.5024e-14
1608.234253,4.2072e-14
1608.817993,4.2215e-14
1609.401733,4.2206e-14
1609.985474,4.6875e-14
1610.569214,4.6227e-14
1611.152954,4.7311e-14
1611.736694,4.6995e-14
1612.320312,4.6186e-14
1612.904053,4.5206e-14
1613.487793,4.4997e-14
1614.071533,4.8011e-14
1614.655273,4.6444e-14
1615.239014,4.4529e-14
1615.822754,4.5337e-14
1616.406494,4.521e-14
1616.990234,4.6387e-14
1617.573975,4.5768e-14
1618.157715,4.4993e-14
1618.741455,4.7463e-14
1619.325195,4.4358e-14
1619.908936,4.4352e-14
1620.492554,4.6084e-14
1621.076294,4.5398e-14
1621.660034,4.3939e-14
1622.243774,4.5292e-14
1622.827515,4.5619e-14
1623.411255,4.7542e-14
1623.994995,4.727e-14
1624.578613,4.3798e-14
1625.162354,4.5466e-14
1625.746094,4.5558e-14
1626.329834,4.4328e-14
1626.913574,4.0805e-14
1627.497314,4.5138e-14
1628.081055,4.6768e-14
1628.664673,4.8021e-14
1629.248413,4.2647e-14
1629.832153,4.2863e-14
1630.415894,4.2853e-14
1630.999634,4.6693e-14
1631.583252,4.2682e-14
1632.166992,4.0323e-14
1632.750732,4.0081e-14
1633.334473,4.3109e-14
1633.918213,4.2936e-14
1634.501831,4.1844e-14
1635.085571,4.2356e-14
1635.669312,4.0769e-14
1636.253052,3.875e-14
1636.83667,3.6985e-14
1637.42041,3.7889e-14
1638.00415,3.5896e-14
1638.587891,3.4295e-14
1639.171509,3.313e-14
1639.755249,3.17e-14
1640.338989,2.9372e-14
1640.922729,2.9898e-14
1641.506348,3.1551e-14
1642.090088,3.6959e-14
1642.673828,3.5734e-14
1643.257446,3.7992e-14
1643.841187,4.0872e-14
1644.424927,3.7743e-14
1645.008667,3.8406e-14
1645.592285,4.1094e-14
1646.176025,4.1109e-14
1646.759766,4.2553e-14
1647.343384,4.2187e-14
1647.927124,4.1552e-14
1648.510864,3.8547e-14
1649.094482,3.7255e-14
1649.678223,4.4329e-14
1650.261963,4.2473e-14
1650.845581,3.9111e-14
1651.429321,4.2942e-14
1652.013062,4.2062e-14
1652.59668,4.4275e-14
1653.18042,4.535e-14
1653.764038,4.237e-14
1654.347778,4.357e-14
1654.931519,4.051e-14
1655.515137,3.7493e-14
1656.098877,3.8072e-14
1656.682495,3.9706e-14
1657.266235,3.4524e-14
1657.849976,3.8554e-14
1658.433594,4.0863e-14
1659.017334,4.0307e-14
1659.600952,4.1981e-14
1660.184692,4.1768e-14
1660.768433,4.1198e-14
1661.352051,4.4685e-14
1661.935791,3.8752e-14
1662.519409,4.3287e-14
1663.103149,4.4014e-14
1663.686768,4.0139e-14
1664.270508,3.9891e-14
1664.854126,4.3946e-14
1665.437866,4.4737e-14
1666.021484,4.6629e-14
1666.605225,4.0183e-14
1667.188843,3.9657e-14
1667.772583,4.4194e-14
1668.356201,3.9778e-14
1668.939941,3.4584e-14
1669.52356,3.9899e-14
1670.1073,3.817e-14
1670.690918,3.3003e-14
1671.274658,3.5401e-14
1671.858276,3.8323e-14
1672.442017,4.0498e-14
1673.025635,4.4739e-14
1673.609375,4.4368e-14
1674.192993,4.0566e-14
1674.776733,3.5872e-14
1675.360352,3.6806e-14
1675.944092,4.421e-14
1676.52771,4.1372e-14
1677.111328,4.1964e-14
1677.695068,4.5574e-14
1678.34729,4.0021e-14
1679.891602,4.1006e-14
1681.435791,3.9145e-14
1682.980103,4.0907e-14
1684.524414,4.0871e-14
1686.068726,3.9669e-14
1687.612915,4.0204e-14
1689.157227,3.935e-14
1690.701538,4.0632e-14
1692.24585,3.9052e-14
1693.790283,3.8835e-14
1695.334595,3.9442e-14
1696.878906,3.8331e-14
1698.42334,3.6991e-14
1699.967651,3.8915e-14
1701.512085,3.8752e-14
1703.056396,3.912e-14
1704.60083,3.7588e-14
1706.145264,3.9679e-14
1707.689575,3.6946e-14
1709.234009,3.9497e-14
1710.778442,3.6857e-14
1712.322876,3.8093e-14
1713.867432,3.8233e-14
1715.411865,3.7342e-14
1716.956299,3.5404e-14
1718.500732,3.7381e-14
1720.045288,3.6873e-14
1721.589722,3.6326e-14
1723.134277,3.7503e-14
1724.678711,3.79e-14
1726.223267,3.6958e-14
1727.767822,3.4017e-14
1729.312378,3.6445e-14
1730.856934,3.6841e-14
1732.401489,3.5338e-14
1733.946045,3.3891e-14
1735.490601,3.5808e-14
1737.035156,3.5806e-14
1738.579712,3.5524e-14
1740.12439,3.6691e-14
1741.668945,3.4727e-14
1743.213623,3.47e-14
1744.758179,3.4457e-14
1746.302856,3.4418e-14
1747.847534,3.4327e-14
1749.392212,3.3849e-14
1750.93689,3.4382e-14
1752.481445,3.3826e-14
1754.026123,3.3328e-14
1755.570923,3.4648e-14
1757.115601,3.5362e-14
1758.660278,3.3353e-14
1760.204956,3.291e-14
1761.749756,3.2986e-14
1763.294434,3.3376e-14
1764.839233,3.2914e-14
1766.383911,3.4504e-14
1767.928711,3.2642e-14
1769.473511,3.2382e-14
1771.018311,3.3068e-14
1772.56311,3.2951e-14
1774.10791,3.2395e-14
1775.65271,3.2328e-14
1777.19751,3.2303e-14
1778.74231,3.3058e-14
1780.287109,3.1952e-14
1781.832031,3.1937e-14
1783.376831,3.2363e-14
1784.921753,3.2665e-14
1786.466553,3.185e-14
1788.011475,3.1493e-14
1789.556396,3.2611e-14
1791.101196,3.1562e-14
1792.646118,3.106e-14
1794.19104,3.1e-14
1795.735962,3.1818e-14
1797.280884,3.1219e-14
1798.825928,3.1569e-14
1800.37085,3.0594e-14
1801.915771,3.0584e-14
1803.460693,3.0314e-14
1805.005737,3.0201e-14
1806.550659,2.9829e-14
1808.095703,2.9729e-14
1809.640747,3.0733e-14
1811.185791,3.0491e-14
1812.730713,2.9377e-14
1814.275757,3.0725e-14
1815.820801,2.9327e-14
1817.365845,2.9418e-14
1818.910889,2.9345e-14
1820.456055,2.9993e-14
1822.001099,2.8722e-14
1823.546143,2.8043e-14
1825.091309,2.8531e-14
1826.636353,2.9243e-14
1828.181519,2.8357e-14
1829.726562,2.9269e-14
1831.271729,2.7998e-14
1832.816895,2.8308e-14
1834.362061,2.9843e-14
1835.907227,2.8157e-14
1837.452393,2.824e-14
1838.997559,2.8364e-14
1840.542725,2.9132e-14
1842.087891,2.8455e-14
1843.633057,2.803e-14
1845.178345,2.754e-14
1846.723511,2.7534e-14
1848.268799,2.7142e-14
1849.813965,2.7952e-14
1851.359253,2.7215e-14
1852.904541,2.7138e-14
1854.449829,2.6657e-14
1855.995117,2.764e-14
1857.540405,2.71e-14
1859.085693,2.6917e-14
1860.630981,2.7185e-14
1862.17627,2.7182e-14
1863.721558,2.7956e-14
1865.266846,2.7133e-14
1866.812256,2.6566e-14
1868.357544,2.5841e-14
1869.902954,2.5154e-14
1871.448364,2.6265e-14
1872.993652,2.549e-14
1874.539062,2.5374e-14
1876.084473,2.5432e-14
1877.629883,2.5229e-14
1879.175293,2.5664e-14
1880.720703,2.5499e-14
1882.266113,2.5917e-14
1883.811523,2.5319e-14
1885.357056,2.5404e-14
1886.902466,2.6085e-14
1888.447876,2.5089e-14
1889.993408,2.4236e-14
1891.538818,2.3974e-14
1893.084351,2.5078e-14
1894.629883,2.4006e-14
1896.175415,2.3711e-14
1897.720947,2.4544e-14
1899.266357,2.2691e-14
1900.812012,2.343e-14
1902.357544,2.3791e-14
1903.903076,2.3814e-14
1905.448608,2.2404e-14
1906.994141,2.3019e-14
1908.539795,2.2724e-14
1910.085327,2.2745e-14
1911.630981,2.1953e-14
1913.176514,2.197e-14
1914.722168,2.2154e-14
1916.267822,2.2405e-14
1917.813477,2.3472e-14
1919.359131,2.2506e-14
1920.904785,2.2784e-14
1922.450439,2.2094e-14
1923.996094,2.298e-14
1925.541748,2.3044e-14
1927.087402,2.1684e-14
1928.633179,2.2445e-14
1930.178833,2.2022e-14
1931.724609,2.2255e-14
1933.270264,2.2017e-14
1934.81604,2.1705e-14
1936.361816,2.1408e-14
1937.907471,2.1833e-14
1939.453247,2.1178e-14
1940.999023,2.1348e-14
1942.5448,2.183e-14
1944.090576,2.2201e-14
1945.636353,2.1816e-14
1947.182251,2.1298e-14
1948.728027,2.0896e-14
1950.273804,2.0612e-14
1951.819702,2.0973e-14
1953.365479,2.0955e-14
1954.911377,2.0885e-14
1956.457275,2.0927e-14
1958.003052,2.0631e-14
1959.54895,2.0864e-14
1961.094849,2.0397e-14
1962.640747,2.0326e-14
1964.186646,1.9824e-14
1965.732544,1.996e-14
1967.278564,1.9763e-14
1968.824463,2.0763e-14
1970.370361,2.0113e-14
1971.916382,1.9336e-14
1973.46228,1.956e-14
1975.008301,1.989e-14
1976.554199,1.9297e-14
1978.10022,1.9562e-14
1979.64624,1.8818e-14
1981.192261,1.8778e-14
1982.738281,1.9312e-14
1984.284302,1.8445e-14
1985.830322,1.8613e-14
1987.376343,1.8356e-14
1988.922363,1.7874e-14
1990.468384,1.8542e-14
1992.014526,1.8443e-14
1993.560547,1.7943e-14
1995.106689,1.8124e-14
1996.65271,1.7809e-14
1998.198853,1.7386e-14
1999.744995,1.8044e-14
2001.291138,1.7446e-14
2002.83728,1.6905e-14
2004.383423,1.6996e-14
2005.929565,1.7225e-14
2007.475708,1.7416e-14
2009.021851,1.7537e-14
2010.567993,1.7764e-14
2012.114258,1.7283e-14
2013.6604,1.7336e-14
2015.206543,1.7288e-14
2016.752808,1.6733e-14
2018.299072,1.7153e-14
2019.845215,1.6597e-14
2021.391479,1.6897e-14
2022.937744,1.6675e-14
2024.484009,1.642e-14
2026.030273,1.654e-14
2027.576538,1.6388e-14
2029.122803,1.6499e-14
2030.669067,1.6536e-14
2032.215454,1.6055e-14
2033.761719,1.6103e-14
2035.308105,1.6001e-14
2036.85437,1.575e-14
2038.400757,1.5812e-14
2039.947021,1.5742e-14
2041.493408,1.5539e-14
2043.039795,1.5607e-14
2044.586182,1.5909e-14
2046.132568,1.5077e-14
2047.678955,1.5195e-14
2049.225342,1.5211e-14
2050.771729,1.4751e-14
2052.318115,1.4988e-14
2053.864502,1.4195e-14
2055.411133,1.3694e-14
2056.95752,1.4439e-14
2058.503906,1.4317e-14
2060.050293,1.4689e-14
2061.596924,1.3894e-14
2063.143311,1.3846e-14
2064.689941,1.4461e-14
2066.236328,1.4106e-14
2067.782715,1.4217e-14
2069.329346,1.4373e-14
2070.875977,1.405e-14
2072.422363,1.4237e-14
2073.968994,1.3911e-14
2075.515625,1.3883e-14
2077.062012,1.369e-14
2078.608643,1.3947e-14
2080.155273,1.3782e-14
2081.701904,1.4067e-14
2083.248535,1.3909e-14
2084.794922,1.3788e-14
2086.341553,1.3895e-14
2087.888184,1.352e-14
2089.434814,1.3812e-14
2090.981445,1.4321e-14
2092.52832,1.4066e-14
2094.074951,1.4003e-14
2095.621582,1.3581e-14
2097.168213,1.3222e-14
2098.714844,1.348e-14
2100.261719,1.3017e-14
2101.80835,1.3522e-14
2103.35498,1.3157e-14
2104.901855,1.2971e-14
2106.448486,1.2742e-14
2107.995117,1.3326e-14
2109.541992,1.339e-14
2111.088623,1.3015e-14
2112.635498,1.3475e-14
2114.182373,1.2955e-14
2115.729004,1.2841e-14
2117.275879,1.2725e-14
2118.822754,1.3321e-14
2120.369385,1.2913e-14
2121.91626,1.2616e-14
2123.463135,1.2503e-14
2125.01001,1.2807e-14
2126.556885,1.3035e-14
2128.10376,1.2445e-14
2129.650635,1.2581e-14
2131.19751,1.2142e-14
2132.744385,1.2304e-14
2134.29126,1.2e-14
2135.838135,1.2209e-14
2137.38501,1.2382e-14
2138.931885,1.2165e-14
2140.479004,1.2097e-14
2142.025879,1.1603e-14
2143.572754,1.1934e-14
2145.119873,1.224e-14
2146.666748,1.1873e-14
2148.213623,1.1688e-14
2149.760742,1.1837e-14
2151.307617,1.1358e-14
2152.854736,1.1538e-14
2154.401611,1.146e-14
2155.94873,1.1568e-14
2157.49585,1.1705e-14
2159.042725,1.1262e-14
2160.589844,1.171e-14
2162.136963,1.1404e-14
2163.684082,1.1637e-14
2165.230957,1.139e-14
2166.778076,1.1385e-14
2168.325195,1.1111e-14
2169.872314,1.1425e-14
2171.419434,1.1837e-14
2172.966553,1.1798e-14
2174.513672,1.1409e-14
2176.060791,1.1215e-14
2177.60791,1.1137e-14
2179.155273,1.1189e-14
2180.702393,1.0927e-14
2182.249512,1.1006e-14
2183.796631,1.0927e-14
2185.343994,1.14e-14
2186.891113,1.0985e-14
2188.438232,1.1071e-14
2189.985596,1.1e-14
2191.532715,1.0784e-14
2193.080078,1.088e-14
2194.627197,1.1089e-14
2196.174561,1.0922e-14
2197.72168,1.0977e-14
2199.269043,1.1024e-14
2200.816406,1.1059e-14
2202.363525,1.0779e-14
2203.910889,1.0798e-14
2205.458252,1.0382e-14
2207.005615,1.0852e-14
2208.552979,1.059e-14
2210.100098,1.0672e-14
2211.647461,1.0759e-14
2213.194824,1.0602e-14
2214.742188,1.0455e-14
2216.289551,1.0469e-14
2217.837158,1.0568e-14
2219.384521,1.0201e-14
2220.931885,1.0613e-14
2222.479248,1.0399e-14
2224.026611,1.0318e-14
2225.574219,1.03e-14
2227.121582,1.0589e-14
2228.668945,1.0786e-14
2230.216553,1.0701e-14
2231.763916,1.0127e-14
2233.311279,1.0248e-14
2234.858887,1.0835e-14
2236.40625,1.0803e-14
2237.953857,1.0522e-14
2239.501465,1.0443e-14
2241.048828,1.0568e-14
2242.596436,1.0265e-14
2244.144043,1.0475e-14
2245.691406,1.073e-14
2247.239014,9.7325e-15
2248.786621,1.0124e-14
2250.334229,9.995e-15
2251.881836,9.7374e-15
2253.429443,9.8602e-15
2254.977051,9.9169e-15
2256.524658,1.0156e-14
2258.072266,1.0265e-14
2259.619873,1.0333e-14
2261.16748,1.0256e-14
2262.715088,1.0473e-14
2264.262695,1.0336e-14
2265.810303,1.0464e-14
2267.358154,1.0533e-14
2268.905762,1.0743e-14
2270.453369,1.0353e-14
2272.001221,1.0273e-14
2273.548828,1.0595e-14
2275.09668,1.0219e-14
2276.644287,1.0455e-14
2278.192139,1.0676e-14
2279.739746,1.0527e-14
2281.287598,1.0453e-14
2282.835205,1.0547e-14
2284.383057,1.0452e-14
2285.930908,1.0454e-14
2287.47876,1.0175e-14
2289.026367,1.0441e-14
2290.574219,1.0688e-14
2292.12207,1.0426e-14
2293.669922,1.0111e-14
2295.217773,1.0155e-14
2296.765625,1.0035e-14
2298.313477,1.0003e-14
2299.861328,9.7189e-15
2301.40918,9.9878e-15
2302.957031,9.8606e-15
2304.504883,1.0086e-14
2306.052734,9.8142e-15
2307.60083,9.6068e-15
2309.148682,1.0127e-14
2310.696533,1.0045e-14
2312.244629,1.0354e-14
2313.79248,9.9939e-15
2315.340332,1.0354e-14
2316.888428,1.0132e-14
2318.436279,1.0467e-14
2319.984375,1.0827e-14
2321.532227,1.0362e-14
2323.080322,1.0265e-14
2324.628418,1.0455e-14
2326.17627,1.0583e-14
2327.724365,1.0692e-14
2329.272461,1.051e-14
2330.820557,1.0617e-14
2332.368408,1.0451e-14
2333.916504,1.026e-14
2335.4646,1.0394e-14
2337.012695,9.9783e-15
2338.560791,1.0067e-14
2340.108887,1.0119e-14
2341.656982,1.0108e-14
2343.205078,9.828e-15
2344.753174,9.5917e-15
2346.301514,1.0207e-14
2347.849609,1.0309e-14
2349.397705,1.0513e-14
2350.945801,1.0725e-14
2352.494141,1.0687e-14
2354.042236,1.0497e-14
2355.590332,1.0581e-14
2357.138672,1.0241e-14
2358.686768,1.0318e-14
2360.235107,1.0413e-14
2361.783203,1.0625e-14
2363.331543,1.0521e-14
2364.879639,1.031e-14
2366.427979,1.0531e-14
2367.976318,1.0269e-14
2369.524414,1.0089e-14
2371.072754,9.8923e-15
2372.621094,9.9244e-15
2374.169434,9.8437e-15
2375.717773,9.8762e-15
2377.265869,9.5202e-15
2378.814209,9.4132e-15
2380.362549,9.724e-15
2381.910889,8.7729e-15
2383.459229,8.6257e-15
2385.007568,9.3486e-15
2386.556152,9.1599e-15
2388.104492,9.5973e-15
2389.652832,9.9036e-15
2391.201172,1.0037e-14
2392.749512,9.8835e-15
2394.298096,9.7234e-15
2395.846436,9.8454e-15
2397.394775,9.7185e-15
2398.943359,1.0146e-14
2400.491699,1.0058e-14
2402.040283,1.0287e-14
2403.588623,1.0032e-14
2405.137207,9.7548e-15
2406.685791,9.714e-15
2408.234131,1.0136e-14
2409.782715,1.0228e-14
2411.331299,1.033e-14
2412.879639,1.0393e-14
2414.428223,1.0297e-14
2415.976807,1.0389e-14
2417.525391,1.0591e-14
2419.073975,1.0168e-14
2420.622559,1.0124e-14
2422.171143,1.0329e-14
2423.719727,1.0133e-14
2425.268311,1.0278e-14
2426.816895,1.0486e-14
2428.365479,1.013e-14
2429.914062,1.0227e-14
2431.462646,1.0154e-14
2433.01123,1.0348e-14
2434.560059,1.0297e-14
2436.108643,1.0028e-14
2437.657227,1.03e-14
2439.206055,1.0482e-14
2440.754639,1.0128e-14
2442.303467,1.0205e-14
2443.852051,1.0634e-14
2445.400879,1.0216e-14
2446.949463,1.0244e-14
2448.498291,9.8899e-15
2450.046875,1.0155e-14
2451.595703,1.013e-14
2453.144531,1.0202e-14
2454.693359,1.0074e-14
2456.241943,1.0263e-14
2457.790771,1.0237e-14
2459.3396,1.0213e-14
2460.888428,1.0207e-14
2462.437256,9.7588e-15
2463.986084,1.0249e-14
2465.534912,1.0275e-14
2467.08374,1.0112e-14
2468.632568,1.0039e-14
2470.181396,1.0236e-14
2471.730225,1.0346e-14
2473.279053,9.9729e-15
2474.828125,9.93e-15
2476.376953,1.0117e-14
2477.925781,9.8683e-15
2479.474854,9.9813e-15
2481.023682,1.0282e-14
2482.57251,9.753e-15
2484.121582,9.4977e-15
2485.67041,9.5726e-15
2487.219482,9.5007e-15
2488.768311,9.447e-15
2490.317383,9.3658e-15
2491.866455,8.9976e-15
2493.415283,9.0069e-15
2494.964355,9.1628e-15
2496.513428,9.1158e-15
2498.0625,9.1291e-15
2499.611328,8.7435e-15
2501.1604,9.005e-15
2502.709473,9.306e-15
2504.258545,8.9974e-15
2505.807617,9.0188e-15
2507.356689,8.6649e-15
2508.905762,8.3066e-15
2510.454834,8.4217e-15
2512.003906,7.9044e-15
2513.553223,8.3151e-15
2515.102295,8.6577e-15
2516.651367,8.8214e-15
2518.200439,8.9333e-15
2519.749756,9.0121e-15
2521.298828,8.9374e-15
2522.8479,8.5957e-15
2524.397217,8.7857e-15
2525.946289,8.586e-15
2527.495605,8.7732e-15
2529.044678,8.7697e-15
2530.593994,8.4189e-15
2532.143066,8.4214e-15
2533.692383,9.1654e-15
2535.241699,9.2075e-15
2536.790771,9.3126e-15
2538.340088,9.4055e-15
2539.889404,9.2124e-15
2541.438721,9.4752e-15
2542.988037,9.7367e-15
2544.537354,9.6642e-15
2546.086426,9.6753e-15
2547.635742,9.5024e-15
2549.185059,9.3956e-15
2550.734619,9.6773e-15
2552.283936,9.5584e-15
2553.833252,9.534e-15
2555.382568,9.5401e-15
2556.931885,9.2811e-15
2558.481201,9.2044e-15
2560.030762,9.0953e-15
2561.580078,9.389e-15
2563.129395,9.1692e-15
2564.678955,9.62e-15
2566.228271,9.4029e-15
2567.777832,9.2275e-15
2569.327148,9.0325e-15
2570.876709,9.3404e-15
2572.426025,9.4069e-15
2573.975586,9.0947e-15
2575.524902,8.9174e-15
2577.074463,8.8905e-15
2578.624023,9.0554e-15
2580.173584,9.3514e-15
2581.7229,9.0764e-15
2583.272461,9.0116e-15
2584.822021,8.6997e-15
2586.371582,8.1757e-15
2587.921143,8.415e-15
2589.470703,8.8966e-15
2591.020264,8.9031e-15
2592.569824,8.9845e-15
2594.119385,8.548e-15
2595.668945,8.9592e-15
2597.218506,8.8599e-15
2598.768311,8.476e-15
2600.317871,8.3647e-15
2601.867432,8.6321e-15
2603.416992,9.0278e-15
2604.966797,8.7439e-15
2606.516357,8.9511e-15
2608.066162,9.0704e-15
2609.615723,9.0224e-15
2611.165283,9.0541e-15
2612.715088,9.032e-15
2614.264893,8.6619e-15
2615.814453,8.9471e-15
2617.364258,8.9197e-15
2618.914062,8.7159e-15
2620.463623,8.7913e-15
2622.013428,8.8649e-15
2623.563232,8.8832e-15
2625.113037,8.8791e-15
2626.662842,8.9234e-15
2628.212402,8.8467e-15
2629.762207,8.9786e-15
2631.312012,9.1698e-15
2632.861816,9.1042e-15
2634.411621,9.0686e-15
2635.96167,9.213e-15
2637.511475,8.6944e-15
2639.061279,8.8885e-15
2640.611084,8.7944e-15
2642.160889,8.8198e-15
2643.710938,9.1288e-15
2645.260742,8.855e-15
2646.810547,8.7653e-15
2648.360596,8.8256e-15
2649.9104,8.894e-15
2651.460449,8.6661e-15
2653.010254,8.4013e-15
2654.560303,8.658e-15
2656.110107,8.3785e-15
2657.660156,8.8089e-15
2659.209961,8.5998e-15
2660.76001,8.6555e-15
2662.310059,8.7687e-15
2663.860107,8.7494e-15
2665.409912,8.5992e-15
2666.959961,8.8509e-15
2668.51001,8.4087e-15
2670.060059,8.2951e-15
2671.610107,8.5537e-15
2673.160156,8.55e-15
2674.710205,8.597e-15
2676.260254,8.3602e-15
2677.810303,8.6691e-15
2679.360352,8.4046e-15
2680.9104,8.4603e-15
2682.460693,8.8592e-15
2684.010742,8.5765e-15
2685.560791,8.51e-15
2687.11084,8.6581e-15
2688.661133,8.4394e-15
2690.211182,8.3836e-15
2691.761475,8.4429e-15
2693.311523,8.4227e-15
2694.861816,8.3067e-15
2696.411865,8.2546e-15
2697.962158,8.0162e-15
2699.512207,8.4332e-15
2701.0625,8.4098e-15
2702.612793,8.4285e-15
2704.162842,8.3725e-15
2705.713135,8.0511e-15
2707.263428,7.9557e-15
2708.813721,8.1575e-15
2710.364014,8.2888e-15
2711.914307,8.2209e-15
2713.4646,7.9587e-15
2715.014893,8.0076e-15
2716.565186,8.0623e-15
2718.115479,8.2266e-15
2719.665771,7.9039e-15
2721.216064,7.7153e-15
2722.766357,7.6517e-15
2724.31665,7.6986e-15
2725.867188,7.3599e-15
2727.41748,7.3551e-15
2728.967773,7.1455e-15
2730.518311,6.9419e-15
2732.068604,6.6981e-15
2733.618896,6.5724e-15
2735.169434,6.6727e-15
2736.719727,6.6831e-15
2738.270264,6.9256e-15
2739.820801,7.2146e-15
2741.371094,7.3386e-15
2742.921631,7.642e-15
2744.471924,7.5302e-15
2746.022461,7.7225e-15
2747.572998,7.788e-15
2749.123535,7.7606e-15
2750.674072,7.7897e-15
2752.224609,7.8785e-15
2753.774902,7.788e-15
2755.325439,7.6555e-15
2756.875977,7.6367e-15
2758.426514,7.9594e-15
2759.977295,7.6678e-15
2761.527832,8.0213e-15
2763.078369,7.6024e-15
2764.628906,7.7907e-15
2766.179443,7.8381e-15
2767.72998,7.8106e-15
2769.280762,7.6579e-15
2770.831299,7.6957e-15
2772.381836,7.8434e-15
2773.932617,7.752e-15
2775.483154,7.5773e-15
2777.033936,7.6518e-15
2778.584473,7.6096e-15
2780.135254,7.6781e-15
2781.685791,7.4703e-15
2783.236572,7.3926e-15
2784.787354,7.5262e-15
2786.337891,7.6289e-15
2787.888672,7.6875e-15
2789.439453,7.2752e-15
2790.990234,7.6264e-15
2792.541016,7.6449e-15
2794.091553,7.128e-15
2795.642334,6.9665e-15
2797.193115,7.129e-15
2798.743896,7.2038e-15
2800.294678,7.3424e-15
2801.845459,7.0762e-15
2803.396484,7.0462e-15
2804.947266,7.0915e-15
2806.498047,7.3442e-15
2808.048828,7.1388e-15
2809.599609,7.5702e-15
2811.150635,7.4821e-15
2812.701416,7.4943e-15
2814.252197,7.3146e-15
2815.803223,7.619e-15
2817.354004,7.37e-15
2818.905029,7.5161e-15
2820.455811,7.4847e-15
2822.006836,7.4468e-15
2823.557617,7.4924e-15
2825.108643,7.3768e-15
2826.659668,7.3765e-15
2828.210449,7.3488e-15
2829.761475,7.5088e-15
2831.3125,7.1874e-15
2832.863525,7.1448e-15
2834.414551,7.1911e-15
2835.965332,7.5443e-15
2837.516357,7.4172e-15
2839.067383,7.421e-15
2840.618408,7.2567e-15
2842.169434,7.0368e-15
2843.720703,7.203e-15
2845.271729,7.2226e-15
2846.822754,7.2442e-15
2848.373779,6.9908e-15
2849.924805,6.8892e-15
2851.47583,6.9187e-15
2853.0271,6.6393e-15
2854.578125,6.922e-15
2856.12915,6.984e-15
2857.68042,7.1982e-15
2859.231445,7.2913e-15
2860.782715,7.0808e-15
2862.33374,6.8977e-15
2863.88501,7.0672e-15
2865.436279,6.903e-15
2866.987305,6.9329e-15
2868.538574,7.0301e-15
2870.089844,7.1169e-15
2871.640869,7.0049e-15
2873.192139,7.1327e-15
2874.743408,7.0951e-15
2876.294678,7.1532e-15
2877.845947,6.8905e-15
2879.397217,7.0596e-15
2880.948486,6.9791e-15
2882.499756,6.8652e-15
2884.051025,7.1445e-15
2885.602295,6.8768e-15
2887.153564,6.7365e-15
2888.704834,6.5629e-15
2890.256104,6.7108e-15
2891.807373,6.7136e-15
2893.358887,6.7397e-15
2894.910156,6.7152e-15
2896.461426,6.7772e-15
2898.012939,6.6429e-15
2899.564209,6.7508e-15
2901.115723,6.5669e-15
2902.666992,6.5736e-15
2904.218506,6.5987e-15
2905.769775,6.3945e-15
2907.321289,6.5451e-15
2908.872559,6.3678e-15
2910.424072,6.4402e-15
2911.975586,6.521e-15
2913.5271,6.6851e-15
2915.078369,6.5456e-15
2916.629883,6.7496e-15
2918.181396,6.5002e-15
2919.73291,6.7251e-15
2921.284424,6.5317e-15
2922.835938,6.3343e-15
2924.387451,6.6463e-15
2925.938965,6.505e-15
2927.490479,6.5802e-15
2929.041992,6.709e-15
2930.593506,6.5916e-15
2932.145264,6.4907e-15
2933.696777,6.4664e-15
2935.248291,6.4643e-15
2936.799805,6.5886e-15
2938.351562,6.4013e-15
2939.903076,6.5229e-15
2941.454834,6.4911e-15
2943.006348,6.596e-15
2944.558105,6.2935e-15
2946.109619,6.3761e-15
2947.661377,6.1944e-15
2949.212891,5.9867e-15
2950.764648,5.9255e-15
2952.316406,6.1933e-15
2953.86792,6.1909e-15
2955.419678,6.1732e-15
2956.971436,5.9257e-15
2958.523193,5.9197e-15
2960.074951,5.9804e-15
2961.626709,5.9985e-15
2963.178467,6.1939e-15
2964.730225,6.1984e-15
2966.281982,6.0658e-15
2967.83374,6.1086e-15
2969.385498,5.9206e-15
2970.937256,6.0095e-15
2972.489014,6.3215e-15
2974.040771,6.4562e-15
2975.592529,6.2544e-15
2977.144531,6.2684e-15
2978.696289,6.1006e-15
2980.248047,6.1316e-15
2981.800049,6.1567e-15
2983.351807,6.014e-15
2984.903809,5.9113e-15
2986.455566,6.2151e-15
2988.007568,6.1508e-15
2989.559326,6.26e-15
2991.111328,6.4603e-15
2992.66333,6.026e-15
2994.215088,6.1326e-15
2995.76709,6.1161e-15
2997.319092,6.0229e-15
2998.871094,5.9997e-15
3000.423096,6.0344e-15
3001.974854,5.9283e-15
3003.526855,6.0525e-15
3005.078857,6.1057e-15
3006.630859,5.8542e-15
3008.182861,5.7933e-15
3009.734863,6.2852e-15
3011.286865,6.2846e-15
3012.839111,6.0854e-15
3014.391113,6.1216e-15
3015.943115,5.8403e-15
3017.495117,6.0647e-15
3019.047363,5.9195e-15
3020.599365,6.0439e-15
3022.151367,5.9475e-15
3023.703613,6.1952e-15
3025.255615,6.241e-15
3026.807861,6.269e-15
3028.359863,6.1342e-15
3029.912109,5.9716e-15
3031.464111,5.8889e-15
3033.016357,5.9276e-15
3034.568604,5.8827e-15
3036.120605,5.7862e-15
3037.672852,5.7113e-15
3039.225098,5.6852e-15
3040.777344,5.8594e-15
3042.329346,5.8341e-15
3043.881592,5.4674e-15
3045.433838,5.7437e-15
3046.986084,6.0404e-15
3048.53833,5.8656e-15
3050.090576,5.4513e-15
3051.642822,5.9444e-15
3053.195068,5.7582e-15
3054.747559,5.9914e-15
3056.299805,5.5585e-15
3057.852051,5.5507e-15
3059.404297,5.6935e-15
3060.956787,5.8636e-15
3062.509033,5.6728e-15
3064.061279,5.6221e-15
3065.868164,5.8816e-15
3068.614258,5.8881e-15
3071.360352,5.8717e-15
3074.106201,5.8004e-15
3076.852295,5.8763e-15
3079.598633,5.6988e-15
3082.344727,5.8004e-15
3085.09082,5.7829e-15
3087.836914,5.788e-15
3090.583252,5.7271e-15
3093.329346,5.6749e-15
3096.075684,5.7209e-15
3098.821777,5.714e-15
3101.568115,5.5753e-15
3104.314453,5.5186e-15
3107.060791,5.6177e-15
3109.807129,5.3942e-15
3112.553467,5.4127e-15
3115.299805,5.5047e-15
3118.046387,5.4578e-15
3120.792725,5.6227e-15
3123.539062,5.5853e-15
3126.285645,5.3631e-15
3129.032227,5.5188e-15
3131.778564,5.4617e-15
3134.525146,5.2223e-15
3137.271729,5.3738e-15
3140.018311,5.4431e-15
3142.764893,5.425e-15
3145.511475,5.4085e-15
3148.258057,5.2881e-15
3151.004883,5.2372e-15
3153.751465,5.3162e-15
3156.498047,5.1994e-15
3159.244873,5.3685e-15
3161.991699,5.357e-15
3164.738281,5.3177e-15
3167.485107,5.3204e-15
3170.231934,5.2453e-15
3172.97876,5.1246e-15
3175.725586,5.1018e-15
3178.472412,5.0234e-15
3181.219238,5.043e-15
3183.966064,5.0054e-15
3186.713135,4.9484e-15
3189.459961,4.9037e-15
3192.207031,4.797e-15
3194.953857,4.6438e-15
3197.700928,4.4146e-15
3200.447998,4.084e-15
3203.194824,3.8486e-15
3205.941895,3.9659e-15
3208.688965,4.2934e-15
3211.436035,4.5231e-15
3214.183105,4.6402e-15
3216.93042,4.6729e-15
3219.67749,4.7005e-15
3222.424561,4.7746e-15
3225.171875,4.7712e-15
3227.918945,4.8202e-15
3230.66626,4.9054e-15
3233.41333,4.9902e-15
3236.160645,4.876e-15
3238.907959,4.8024e-15
3241.655273,4.7799e-15
3244.402588,4.8462e-15
3247.149902,4.6638e-15
3249.897217,4.7279e-15
3252.644531,4.7803e-15
3255.391846,4.7334e-15
3258.13916,4.7947e-15
3260.886719,4.8875e-15
3263.634033,4.7851e-15
3266.381592,4.7504e-15
3269.128906,4.7584e-15
3271.876465,4.6864e-15
3274.624023,4.6968e-15
3277.371582,4.611e-15
3280.119141,4.5444e-15
3282.866455,4.6205e-15
3285.614014,4.5683e-15
3288.361816,4.601e-15
3291.109375,4.4773e-15
3293.856934,4.4936e-15
3296.604492,4.4934e-15
3299.352295,4.4644e-15
3302.099854,4.4385e-15
3304.847656,4.4488e-15
3307.595215,4.503e-15
3310.343018,4.425e-15
3313.090576,4.3964e-15
3315.838379,4.4679e-15
3318.586182,4.4805e-15
3321.333984,4.4981e-15
3324.081787,4.4124e-15
3326.82959,4.4172e-15
3329.577393,4.5352e-15
3332.325195,4.4751e-15
3335.072998,4.4284e-15
3337.821045,4.4169e-15
3340.568848,4.361e-15
3343.31665,4.4112e-15
3346.064697,4.407e-15
3348.8125,4.3753e-15
3351.560547,4.3636e-15
3354.308594,4.3328e-15
3357.056641,4.3657e-15
3359.804443,4.4063e-15
3362.55249,4.3419e-15
3365.300537,4.3038e-15
3368.048584,4.3024e-15
3370.796631,4.1819e-15
3373.544678,4.2589e-15
3376.292725,4.1448e-15
3379.041016,4.0851e-15
3381.789062,4.1247e-15
3384.537109,4.1386e-15
3387.2854,4.0788e-15
3390.033447,4.0755e-15
3392.781738,4.0121e-15
3395.529785,4.0087e-15
3398.278076,4.0324e-15
3401.026367,3.9452e-15
3403.774414,3.9964e-15
3406.522705,3.8325e-15
3409.270996,3.8189e-15
3412.019287,3.8781e-15
3414.767578,3.8953e-15
3417.515869,3.8336e-15
3420.26416,3.8439e-15
3423.012451,3.8236e-15
3425.760986,3.7146e-15
3428.509277,3.7266e-15
3431.257568,3.6937e-15
3434.006104,3.7303e-15
3436.754395,3.8503e-15
3439.50293,3.832e-15
3442.251221,3.9245e-15
3444.999756,3.949e-15
3447.748047,3.9371e-15
3450.496582,4.0021e-15
3453.245117,3.9415e-15
3455.993652,3.9283e-15
3458.742188,3.9019e-15
3461.490723,3.9198e-15
3464.239258,3.8763e-15
3466.987793,3.9221e-15
3469.736328,3.8129e-15
3472.484863,3.8649e-15
3475.233398,3.8531e-15
3477.981934,3.7846e-15
3480.730713,3.778e-15
3483.479248,3.8378e-15
3486.227783,3.7736e-15
3488.976562,3.7918e-15
3491.725098,3.801e-15
3494.473877,3.7791e-15
3497.222412,3.7622e-15
3499.971191,3.7384e-15
3502.719971,3.7067e-15
3505.46875,3.7081e-15
3508.217285,3.6393e-15
3510.966064,3.6884e-15
3513.714844,3.6993e-15
3516.463623,3.725e-15
3519.212402,3.7276e-15
3521.961182,3.7353e-15
3524.709961,3.6658e-15
3527.45874,3.6951e-15
3530.20752,3.6868e-15
3532.956543,3.7646e-15
3535.705322,3.6737e-15
3538.454102,3.6457e-15
3541.203125,3.5908e-15
3543.951904,3.6122e-15
3546.700684,3.6318e-15
3549.449707,3.6562e-15
3552.198486,3.5836e-15
3554.94751,3.6373e-15
3557.696533,3.7338e-15
3560.445312,3.6778e-15
3563.194336,3.5341e-15
3565.943359,3.5512e-15
3568.692383,3.5102e-15
3571.441162,3.508e-15
3574.190186,3.5459e-15
3576.939209,3.4938e-15
3579.688232,3.4777e-15
3582.437256,3.4874e-15
3585.186279,3.4376e-15
3587.935303,3.4483e-15
3590.684326,3.4935e-15
3593.433594,3.4437e-15
3596.182617,3.438e-15
3598.931641,3.4852e-15
3601.680664,3.4218e-15
3604.429932,3.3774e-15
3607.178955,3.3286e-15
3609.927979,3.3649e-15
3612.677246,3.3458e-15
3615.42627,3.3063e-15
3618.175537,3.2553e-15
3620.924561,3.2893e-15
3623.673828,3.2636e-15
3626.423096,3.3368e-15
3629.172119,3.3549e-15
3631.921387,3.3279e-15
3634.670654,3.3461e-15
3637.419922,3.2651e-15
3640.168945,3.3012e-15
3642.918213,3.285e-15
3645.66748,3.2828e-15
3648.416748,3.2541e-15
3651.166016,3.2552e-15
3653.915283,3.2574e-15
3656.664551,3.2335e-15
3659.413818,3.2207e-15
3662.163086,3.1945e-15
3664.912354,3.1946e-15
3667.661621,3.1508e-15
3670.411133,3.128e-15
3673.1604,3.1386e-15
3675.909668,3.153e-15
3678.658936,3.1129e-15
3681.408447,3.1358e-15
3684.157715,3.1231e-15
3686.906982,3.1054e-15
3689.656494,3.108e-15
3692.405762,3.0112e-15
3695.155273,3.0309e-15
3697.904541,3.0839e-15
3700.654053,3.0342e-15
3703.40332,3.0294e-15
3706.152832,2.9961e-15
3708.902344,3.0098e-15
3711.651611,3.116e-15
3714.401123,3.0697e-15
3717.150635,3.055e-15
3719.899902,3.0427e-15
3722.649414,2.9806e-15
3725.398926,2.9575e-15
3728.148438,2.9857e-15
3730.897949,2.9661e-15
3733.647217,2.9488e-15
3736.396729,2.9729e-15
3739.14624,2.972e-15
3741.895752,2.9383e-15
3744.645264,2.9391e-15
3747.394775,2.9534e-15
3750.144287,2.9483e-15
3752.893799,2.9769e-15
3755.643311,2.957e-15
3758.392822,2.9464e-15
3761.142578,2.9021e-15
3763.89209,2.8951e-15
3766.641602,2.9407e-15
3769.391113,2.917e-15
3772.140625,2.903e-15
3774.890381,2.921e-15
3777.639893,2.9376e-15
3780.389404,2.9114e-15
3783.138916,2.8847e-15
3785.888672,2.8505e-15
3788.638184,2.8722e-15
3791.387695,2.8834e-15
3794.137451,2.8487e-15
3796.886963,2.913e-15
3799.636719,2.8561e-15
3802.38623,2.8621e-15
3805.135986,2.8387e-15
3807.885498,2.7879e-15
3810.635254,2.8152e-15
3813.384766,2.8277e-15
3816.134521,2.7913e-15
3818.884033,2.7894e-15
3821.633789,2.752e-15
3824.383545,2.6884e-15
3827.133057,2.6837e-15
3829.882812,2.6513e-15
3832.632568,2.6684e-15
3835.38208,2.7199e-15
3838.131836,2.6907e-15
3840.881592,2.6423e-15
3843.631104,2.6377e-15
3846.380859,2.6197e-15
3849.130615,2.651e-15
3851.880371,2.6428e-15
3854.629883,2.5968e-15
3857.379639,2.5811e-15
3860.129395,2.5824e-15
3862.87915,2.5778e-15
3865.628906,2.5934e-15
3868.378662,2.5291e-15
3871.128418,2.4948e-15
3873.87793,2.4431e-15
3876.627686,2.4339e-15
3879.377441,2.4476e-15
3882.127197,2.4807e-15
3884.876953,2.4899e-15
3887.626709,2.5368e-15
3890.376465,2.5312e-15
3893.126221,2.5277e-15
3895.875977,2.5678e-15
3898.625732,2.597e-15
3901.375488,2.5554e-15
3904.125244,2.5889e-15
3906.875,2.5654e-15
3909.624756,2.5926e-15
3912.374512,2.5725e-15
3915.124268,2.5821e-15
3917.874023,2.5476e-15
3920.623779,2.5211e-15
3923.373535,2.5454e-15
3926.123535,2.5351e-15
3928.873291,2.5082e-15
3931.623047,2.4926e-15
3934.372803,2.4116e-15
3937.122559,2.4683e-15
3939.872314,2.4632e-15
3942.62207,2.4825e-15
3945.371826,2.4719e-15
3948.121826,2.4719e-15
3950.871582,2.4868e-15
3953.621338,2.465e-15
3956.371094,2.4536e-15
3959.12085,2.4827e-15
3961.870605,2.4747e-15
3964.620605,2.461e-15
3967.370361,2.4248e-15
3970.120117,2.3702e-15
3972.869873,2.4045e-15
3975.619629,2.4561e-15
3978.369629,2.4489e-15
3981.119385,2.4397e-15
3983.869141,2.4129e-15
3986.618896,2.3984e-15
3989.368896,2.415e-15
3992.118652,2.396e-15
3994.868408,2.4195e-15
3997.618164,2.4023e-15
4000.36792,2.3482e-15
4003.11792,2.3391e-15
4005.867676,2.3165e-15
4008.617432,2.3707e-15
4011.367188,2.3332e-15
4014.117188,2.3308e-15
4016.866943,2.373e-15
4019.616699,2.3855e-15
4022.366455,2.3519e-15
4025.116211,2.3291e-15
4027.866211,2.3326e-15
4030.615967,2.313e-15
4033.365723,2.3159e-15
4036.115479,2.3148e-15
4038.865479,2.2621e-15
4041.615234,2.2951e-15
4044.36499,2.2782e-15
4047.114746,2.2617e-15
4049.864502,2.2295e-15
4052.614502,2.2384e-15
4055.364258,2.2249e-15
4058.114014,2.2707e-15
4060.86377,2.2587e-15
4063.613525,2.272e-15
4066.363525,2.231e-15
4069.113281,2.2076e-15
4071.863037,2.2289e-15
4074.612793,2.1866e-15
4077.362549,2.1886e-15
4080.112305,2.2251e-15
4082.862061,2.2155e-15
4085.612061,2.2314e-15
4088.361816,2.2393e-15
4091.111572,2.2222e-15
4093.861328,2.2007e-15
4096.611328,2.1923e-15
4099.36084,2.2032e-15
4102.11084,2.1512e-15
4104.860352,2.1501e-15
4107.610352,2.1774e-15
4110.359863,2.1582e-15
4113.109863,2.1581e-15
4115.859375,2.1601e-15
4118.609375,2.1862e-15
4121.358887,2.1594e-15
4124.108887,2.1267e-15
4126.858398,2.1578e-15
4129.608398,2.128e-15
4132.35791,2.1542e-15
4135.10791,2.1592e-15
4137.857422,2.1076e-15
4140.607422,2.118e-15
4143.356934,2.1205e-15
4146.106934,2.1112e-15
4148.856445,2.0985e-15
4151.605957,2.1056e-15
4154.355957,2.072e-15
4157.105469,2.078e-15
4159.855469,2.0455e-15
4162.60498,2.0366e-15
4165.35498,2.0353e-15
4168.104492,2.0461e-15
4170.854004,2.0503e-15
4173.604004,2.0587e-15
4176.353516,2.0434e-15
4179.103516,2.0393e-15
4181.853027,2.0547e-15
4184.602539,2.0287e-15
4187.352539,2.0152e-15
4190.102051,2.0148e-15
4192.851562,1.9905e-15
4195.601562,2.0065e-15
4198.351074,1.9731e-15
4201.100586,1.9351e-15
4203.850098,1.9642e-15
4206.600098,1.9702e-15
4209.349609,1.9711e-15
4212.099121,1.9846e-15
4214.849121,1.9432e-15
4217.598633,1.947e-15
4220.348145,1.9517e-15
4223.097656,1.9625e-15
4225.847168,1.9204e-15
4228.597168,1.938e-15
4231.34668,1.9157e-15
4234.096191,1.9067e-15
4236.845703,1.9116e-15
4239.595215,1.9378e-15
4242.345215,1.9404e-15
4245.094727,1.9159e-15
4247.844238,1.9596e-15
4250.59375,1.9571e-15
4253.343262,1.9343e-15
4256.092773,1.8923e-15
4258.842285,1.8976e-15
4261.591797,1.8904e-15
4264.341309,1.9055e-15
4267.09082,1.8826e-15
4269.840332,1.9026e-15
4272.589844,1.8968e-15
4275.339355,1.8671e-15
4278.088867,1.8685e-15
4280.838379,1.8576e-15
4283.587891,1.8409e-15
4286.337402,1.8457e-15
4289.086914,1.8553e-15
4291.836426,1.8472e-15
4294.585938,1.8572e-15
4297.335449,1.8267e-15
4300.084961,1.8046e-15
4302.834473,1.8277e-15
4305.583984,1.8313e-15
4308.333008,1.7875e-15
4311.08252,1.8053e-15
4313.832031,1.8059e-15
4316.581543,1.7699e-15
4319.331055,1.7924e-15
4322.080078,1.7398e-15
4324.82959,1.7561e-15
4327.579102,1.7561e-15
4330.328613,1.7386e-15
4333.077637,1.7495e-15
4335.827148,1.7391e-15
4338.57666,1.7176e-15
4341.325684,1.7048e-15
4344.075195,1.7498e-15
4346.824707,1.7791e-15
4349.57373,1.7613e-15
4352.323242,1.7361e-15
4355.072754,1.7487e-15
4357.821777,1.7605e-15
4360.571289,1.7098e-15
4363.320312,1.7391e-15
4366.069824,1.6985e-15
4368.818848,1.7159e-15
4371.568359,1.752e-15
4374.317383,1.7312e-15
4377.066895,1.7091e-15
4379.815918,1.7238e-15
4382.56543,1.7069e-15
4385.314453,1.7328e-15
4388.063477,1.6994e-15
4390.812988,1.7074e-15
4393.562012,1.7116e-15
4396.311035,1.6916e-15
4399.060547,1.6849e-15
4401.80957,1.6823e-15
4404.558594,1.6818e-15
4407.307617,1.688e-15
4410.057129,1.7194e-15
4412.806152,1.7179e-15
4415.555176,1.6921e-15
4418.304199,1.6681e-15
4421.053223,1.6529e-15
4423.802246,1.6565e-15
4426.551758,1.6281e-15
4429.300781,1.6159e-15
4432.049805,1.6195e-15
4434.798828,1.6352e-15
4437.547852,1.6366e-15
4440.296875,1.6069e-15
4443.045898,1.6109e-15
4445.794922,1.619e-15
4448.543945,1.6241e-15
4451.292969,1.6376e-15
4454.041992,1.6276e-15
4456.790527,1.6337e-15
4459.539551,1.5811e-15
4462.288574,1.6219e-15
4465.037598,1.599e-15
4467.786621,1.5919e-15
4470.535645,1.5824e-15
4473.28418,1.5986e-15
4476.033203,1.62e-15
4478.782227,1.6361e-15
4481.530762,1.5621e-15
4484.279785,1.5717e-15
4487.028809,1.5544e-15
4489.777344,1.5552e-15
4492.526367,1.553e-15
4495.275391,1.5213e-15
4498.023926,1.5165e-15
4500.772949,1.5076e-15
4503.521484,1.4957e-15
4506.270508,1.5146e-15
4509.019043,1.4961e-15
4511.768066,1.5182e-15
4514.516602,1.534e-15
4517.265137,1.4921e-15
4520.01416,1.5175e-15
4522.762695,1.5189e-15
4525.51123,1.4925e-15
4528.260254,1.4784e-15
4531.008789,1.4769e-15
4533.757324,1.4775e-15
4536.505859,1.4427e-15
4539.254883,1.4522e-15
4542.003418,1.4259e-15
4544.751953,1.4012e-15
4547.500488,1.3873e-15
4550.249023,1.3952e-15
4552.997559,1.4229e-15
4555.746094,1.4504e-15
4558.494629,1.4468e-15
4561.243164,1.4331e-15
4563.991699,1.4418e-15
4566.740234,1.4524e-15
4569.48877,1.434e-15
4572.237305,1.471e-15
4574.98584,1.4793e-15
4577.733887,1.4817e-15
4580.482422,1.4774e-15
4583.230957,1.4548e-15
4585.979492,1.4424e-15
4588.727539,1.4555e-15
4591.476074,1.4459e-15
4594.224609,1.4467e-15
4596.972656,1.449e-15
4599.721191,1.4652e-15
4602.469727,1.4616e-15
4605.217773,1.4601e-15
4607.966309,1.4263e-15
4610.714355,1.4308e-15
4613.462891,1.4408e-15
4616.210938,1.4395e-15
4618.958984,1.4567e-15
4621.70752,1.4277e-15
4624.455566,1.4239e-15
4627.203613,1.4451e-15
4629.952148,1.4199e-15
4632.700195,1.3891e-15
4635.448242,1.4097e-15
4638.196289,1.3934e-15
4640.944336,1.3891e-15
4643.692871,1.3726e-15
4646.440918,1.3358e-15
4649.188965,1.3337e-15
4651.937012,1.3219e-15
4654.685059,1.2944e-15
4657.433105,1.2608e-15
4660.181152,1.3013e-15
4662.929199,1.2706e-15
4665.677246,1.2876e-15
4668.424805,1.3002e-15
4671.172852,1.2957e-15
4673.920898,1.2471e-15
4676.668945,1.2561e-15
4679.416504,1.2018e-15
4682.164551,1.1397e-15
4684.912598,1.067e-15
4687.660156,1.0416e-15
4690.408203,1.0707e-15
4693.15625,1.1249e-15
4695.903809,1.1984e-15
4698.651855,1.2183e-15
4701.399414,1.3032e-15
4704.147461,1.298e-15
4706.89502,1.2846e-15
4709.642578,1.3162e-15
4712.390625,1.2965e-15
4715.138184,1.2979e-15
4717.885742,1.3407e-15
4720.633301,1.3064e-15
4723.381348,1.3261e-15
4726.128906,1.3051e-15
4728.876465,1.2962e-15
4731.624023,1.305e-15
4734.371582,1.2991e-15
4737.119141,1.349e-15
4739.866699,1.3437e-15
4742.614258,1.3208e-15
4745.361816,1.2728e-15
4748.109375,1.3019e-15
4750.856934,1.3074e-15
4753.604004,1.3079e-15
4756.351562,1.3071e-15
4759.099121,1.2993e-15
4761.84668,1.3282e-15
4764.59375,1.2754e-15
4767.341309,1.2705e-15
4770.088867,1.2458e-15
4772.835938,1.2573e-15
4775.583496,1.2594e-15
4778.330566,1.2597e-15
4781.078125,1.2604e-15
4783.825195,1.2492e-15
4786.572266,1.2357e-15
4789.319824,1.2319e-15
4792.066895,1.2057e-15
4794.813965,1.2442e-15
4797.561523,1.2598e-15
4800.308594,1.2305e-15
4803.055664,1.2433e-15
4805.802734,1.2188e-15
4808.549805,1.2187e-15
4811.296875,1.2152e-15
4814.043945,1.2144e-15
4816.791016,1.2511e-15
4819.538086,1.2409e-15
4822.285156,1.2154e-15
4825.032227,1.2665e-15
4827.779297,1.3413e-15
4830.525879,1.2646e-15
4833.272949,1.2275e-15
4836.02002,1.2152e-15
4838.766602,1.1932e-15
4841.513672,1.1816e-15
4844.260742,1.1711e-15
4847.007324,1.1706e-15
4849.754395,1.1493e-15
4852.500977,1.1233e-15
4855.247559,1.0982e-15
4857.994629,1.1184e-15
4860.741211,1.0859e-15
4863.487793,1.1018e-15
4866.234863,1.0991e-15
4868.981445,1.1071e-15
4871.728027,1.1295e-15
4874.474609,1.1718e-15
4877.221191,1.1581e-15
4879.967773,1.1397e-15
4882.714355,1.1485e-15
4885.460938,1.1569e-15
4888.20752,1.1155e-15
4890.954102,1.1297e-15
4893.700684,1.1594e-15
4896.447266,1.1636e-15
4899.193359,1.1457e-15
4901.939941,1.1224e-15
4904.686523,1.1374e-15
4907.432617,1.1379e-15
4910.179199,1.1461e-15
4912.925293,1.1445e-15
4915.671875,1.1283e-15
4918.417969,1.1261e-15
4921.164551,1.1488e-15
4923.910645,1.1381e-15
4926.656738,1.1023e-15
4929.40332,1.1169e-15
4932.149414,1.1278e-15
4934.895508,1.1091e-15
4937.641602,1.1087e-15
4940.387695,1.1173e-15
4943.133789,1.11e-15
4945.879883,1.1248e-15
4948.625977,1.1243e-15
4951.37207,1.1045e-15
4954.118164,1.1197e-15
4956.864258,1.1304e-15
4959.610352,1.1346e-15
4962.355957,1.1185e-15
4965.102051,1.1251e-15
4967.848145,1.1473e-15
4970.59375,1.1289e-15
4973.339844,1.121e-15
4976.085449,1.1006e-15
4978.831543,1.1074e-15
4981.577148,1.0786e-15
4984.323242,1.1243e-15
4987.068848,1.1142e-15
4989.814453,1.0972e-15
4992.560059,1.1082e-15
4995.306152,1.0987e-15
4998.051758,1.0815e-15
5000.797363,1.0879e-15
5003.542969,1.086e-15
5006.288574,1.0968e-15
5009.03418,1.0759e-15
5011.779785,1.0725e-15
5014.525391,1.0708e-15
5017.270508,1.0615e-15
5020.016113,1.0722e-15
5022.761719,1.095e-15
5025.506836,1.0824e-15
5028.252441,1.0515e-15
5030.998047,1.0641e-15
5033.743164,1.0751e-15
5036.48877,1.078e-15
5039.233887,1.0461e-15
5041.979004,1.0551e-15
5044.724609,1.0555e-15
5047.469727,1.0292e-15
5050.214844,1.0484e-15
5052.959961,1.0414e-15
5055.705078,1.0533e-15
5058.450684,1.0485e-15
5061.195801,1.0585e-15
5063.94043,1.0373e-15
5066.685547,1.0538e-15
5069.430664,1.0424e-15
5072.175781,1.041e-15
5074.920898,1.0505e-15
5077.666016,1.0373e-15
5080.410645,1.0303e-15
5083.155762,1.027e-15
5085.900391,1.0264e-15
5088.645508,1.032e-15
5091.390137,1.0771e-15
5094.135254,1.0896e-15
5096.879883,1.0345e-15
5099.624512,1.0447e-15
5102.369629,1.0163e-15
5105.114258,1.0129e-15
5107.858887,1.021e-15
5110.603516,9.9135e-16
5113.348145,1.0246e-15
5116.092773,1.0023e-15
5118.837402,1.0134e-15
5121.582031,1.0115e-15
5124.32666,1.0077e-15
5127.070801,1.0111e-15
5129.81543,1.0003e-15
5132.560059,1.0028e-15
5135.304199,9.9989e-16
5138.048828,1.0082e-15
5140.793457,1.0072e-15
5143.537598,9.8573e-16
5146.281738,1.0126e-15
5149.026367,1.0112e-15
5151.770508,1.1113e-15
5154.514648,1.0593e-15
5157.258789,9.7207e-16
5160.003418,9.6044e-16
5162.747559,9.8837e-16
5165.491699,9.7875e-16
5168.23584,9.8107e-16
5170.979492,9.9181e-16
5173.723633,9.9897e-16
5176.467773,9.9216e-16
5179.211914,9.5907e-16
5181.956055,9.7275e-16
5184.699707,9.8957e-16
5187.443848,9.6553e-16
5190.1875,9.6264e-16
5192.931641,9.8189e-16
5195.675293,9.5501e-16
5198.418945,9.4481e-16
5201.163086,9.4613e-16
5203.906738,9.4672e-16
5206.650391,9.5796e-16
5209.394043,9.6124e-16
5212.137695,9.7056e-16
5214.881348,9.5473e-16
5217.625,9.3944e-16
5220.368652,9.5586e-16
5223.112305,9.223e-16
5225.855957,9.2158e-16
5228.599121,9.4759e-16
5231.342773,9.1653e-16
5234.086426,8.9812e-16
5236.82959,9.0752e-16
5239.573242,9.0353e-16
5242.316406,9.233e-16
5245.05957,9.02e-16
5247.803223,8.9096e-16
5250.546387,9.0621e-16
5253.289551,8.9815e-16
5256.032715,9.3863e-16
5258.775879,9.2044e-16
5261.519043,9.2998e-16
5264.262207,8.9053e-16
5267.005371,8.8868e-16
5269.748535,8.876e-16
5272.491699,8.8217e-16
5275.234375,8.7456e-16
5277.977539,8.6501e-16
5280.720703,8.7988e-16
5283.463379,8.5392e-16
5286.206543,8.3939e-16
5288.949219,8.5551e-16
5291.691895,8.4315e-16
5294.435059,8.6664e-16
5297.177734,8.6673e-16
5299.92041,8.6874e-16
5302.663086,8.7763e-16
5305.405762,1.0112e-15
5308.148438,9.5519e-16
5310.891113,9.0975e-16
5313.633789,9.1372e-16
5316.376465,8.833e-16
5319.118652,8.9731e-16
5321.861328,9.0692e-16
5324.604004,8.8185e-16
5327.346191,8.6702e-16
5330.088867,8.7669e-16
5332.831055,8.7277e-16
5335.57373,8.6808e-16
5338.315918,8.5739e-16
5341.058105,8.6863e-16
5343.800293,8.8005e-16
5346.54248,8.7096e-16
5349.284668,8.7916e-16
5352.026855,8.6316e-16
5354.769043,8.5985e-16
5357.51123,8.4815e-16
5360.253418,8.5892e-16
5362.995605,8.5403e-16
5365.737305,8.5935e-16
5368.479492,8.581e-16
5371.221191,8.1739e-16
5373.963379,8.6251e-16
5376.705078,8.562e-16
5379.446777,8.1585e-16
5382.188965,8.3339e-16
5384.930664,8.4509e-16
5387.672363,8.2446e-16
5390.414062,8.2609e-16
5393.155762,8.3307e-16
5395.897461,7.9753e-16
5398.63916,8.0623e-16
5401.380859,7.9453e-16
5404.12207,7.6235e-16
5406.86377,7.5891e-16
5409.605469,7.2616e-16
5412.34668,7.1595e-16
5415.088379,7.3751e-16
5417.82959,7.3747e-16
5420.570801,7.5085e-16
5423.3125,7.6984e-16
5426.053711,7.859e-16
5428.794922,7.9553e-16
5431.536133,7.7932e-16
5434.277344,7.9268e-16
5437.018555,7.9425e-16
5439.759766,7.8596e-16
5442.500977,8.0245e-16
5445.241699,8.0024e-16
5447.98291,8.024e-16
5450.585449,8.3068e-16
5455.456543,8.1038e-16
5460.328125,8.1065e-16
5465.199707,8.143e-16
5470.070801,7.9351e-16
5474.942383,8.2196e-16
5479.813965,8.2743e-16
5484.685547,8.017e-16
5489.557129,8.0546e-16
5494.429199,8.4534e-16
5499.300781,8.3257e-16
5504.172852,8.227e-16
5509.044434,8.2281e-16
5513.916504,7.8141e-16
5518.788574,7.9044e-16
5523.660645,8.1587e-16
5528.532715,8.0858e-16
5533.404785,7.8887e-16
5538.277344,7.9779e-16
5543.149414,7.9344e-16
5548.021973,7.8246e-16
5552.894043,7.5475e-16
5557.766602,7.8708e-16
5562.63916,7.9005e-16
5567.511719,7.6614e-16
5572.384277,7.9115e-16
5577.256836,7.5757e-16
5582.129883,7.6472e-16
5587.002441,7.1354e-16
5591.875,7.4572e-16
5596.748047,7.5496e-16
5601.621094,7.6745e-16
5606.494141,7.3908e-16
5611.367188,7.6737e-16
5616.240234,7.4233e-16
5621.113281,7.6504e-16
5625.986328,7.1858e-16
5630.859375,7.5278e-16
5635.73291,7.1669e-16
5640.606445,7.084e-16
5645.479492,7.0047e-16
5650.353027,7.2531e-16
5655.226562,7.0192e-16
5660.100098,6.7303e-16
5664.973633,7.1021e-16
5669.847168,6.7975e-16
5674.721191,7.1515e-16
5679.594727,7.0305e-16
5684.46875,7.4234e-16
5689.342285,7.1588e-16
5694.216309,7.289e-16
5699.090332,7.1385e-16
5703.964355,7.0705e-16
5708.838379,7.1919e-16
5713.712402,7.1652e-16
5718.586426,7.3404e-16
5723.460938,7.1332e-16
5728.334961,7.1287e-16
5733.209473,7.1594e-16
5738.083496,6.8838e-16
5742.958008,6.8907e-16
5747.83252,7.1262e-16
5752.707031,7.0129e-16
5757.581543,6.8462e-16
5762.456055,6.8945e-16
5767.330566,6.5784e-16
5772.205566,6.659e-16
5777.080078,6.7955e-16
5781.955078,6.5321e-16
5786.82959,6.6383e-16
5791.70459,6.7486e-16
5796.57959,6.6629e-16
5801.45459,6.7333e-16
5806.32959,6.826e-16
5811.20459,6.5865e-16
5816.07959,6.4073e-16
5820.955078,6.7313e-16
5825.830078,7.0315e-16
5830.705566,6.4164e-16
5835.580566,6.4699e-16
5840.456055,6.6289e-16
5845.331543,6.7207e-16
5850.207031,6.5744e-16
5855.08252,6.5647e-16
5859.958008,6.4138e-16
5864.833496,6.3213e-16
5869.709473,6.4438e-16
5874.584961,6.4712e-16
5879.460449,6.1948e-16
5884.336426,6.0172e-16
5889.212402,5.9069e-16
5894.087891,5.9204e-16
5898.963867,6.0225e-16
5903.839844,6.4281e-16
5908.71582,6.1109e-16
5913.592285,6.1571e-16
5918.468262,6.3178e-16
5923.344238,6.541e-16
5928.220703,6.4756e-16
5933.09668,6.2959e-16
5937.973145,6.2831e-16
5942.849121,6.2729e-16
5947.725586,6.0395e-16
5952.602051,6.1502e-16
5957.478516,6.089e-16
5962.35498,5.96e-16
5967.231445,5.9926e-16
5972.108398,5.8481e-16
5976.984863,6.1816e-16
5981.861328,5.8335e-16
5986.738281,5.9197e-16
5991.614746,6.1554e-16
5996.491699,5.9368e-16
6001.368652,6.3893e-16
6006.245605,6.4792e-16
6011.122559,6.0448e-16
6015.999512,5.9066e-16
6020.876465,5.8843e-16
6025.753418,5.7841e-16
6030.630371,5.7808e-16
6035.507812,5.6894e-16
6040.384766,5.7031e-16
6045.262207,5.5888e-16
6050.139648,5.666e-16
6055.016602,5.521e-16
6059.894043,5.2394e-16
6064.771484,5.3521e-16
6069.648926,5.2879e-16
6074.526367,5.25e-16
6079.403809,5.3525e-16
6084.281738,5.541e-16
6089.15918,5.525e-16
6094.036621,5.3177e-16
6098.914551,5.3402e-16
6103.79248,5.5417e-16
6108.669922,5.6019e-16
6113.547852,5.559e-16
6118.425781,5.2634e-16
6123.303711,5.4742e-16
6128.181641,5.4999e-16
6133.05957,5.5193e-16
6137.9375,5.5822e-16
6142.81543,5.4171e-16
6147.693848,5.7136e-16
6152.571777,5.2151e-16
6157.450195,5.2189e-16
6162.328125,5.4045e-16
6167.206543,5.315e-16
6172.084961,5.2212e-16
6176.962891,5.1725e-16
6181.841309,5.2991e-16
6186.719727,5.4011e-16
6191.598145,5.2855e-16
6196.477051,5.2383e-16
6201.355469,5.3198e-16
6206.233887,5.229e-16
6211.112305,5.045e-16
6215.991211,5.2624e-16
6220.869629,5.2212e-16
6225.748535,5.244e-16
6230.627441,5.3887e-16
6235.506348,5.346e-16
6240.384766,5.103e-16
6245.263672,5.1166e-16
6250.142578,5.1737e-16
6255.021484,5.0901e-16
6259.900879,5.1171e-16
6264.779785,5.0796e-16
6269.658691,5.2007e-16
6274.538086,4.7858e-16
6279.416992,5.0265e-16
6284.296387,4.837e-16
6289.175293,5.0802e-16
6294.054688,4.9779e-16
6298.934082,4.8297e-16
6303.812988,4.8487e-16
6308.692383,4.9797e-16
6313.571777,4.9171e-16
6318.451172,5.0114e-16
6323.331055,4.6475e-16
6328.210449,4.8301e-16
6333.089844,4.9139e-16
6337.969238,4.8094e-16
6342.849121,4.8328e-16
6347.728516,4.7521e-16
6352.608398,4.5769e-16
6357.488281,4.7881e-16
6362.367676,4.6051e-16
6367.247559,4.6603e-16
6372.127441,4.7839e-16
6377.007324,4.7114e-16
6381.887207,4.653e-16
6386.76709,4.7698e-16
6391.646973,4.8001e-16
6396.526855,4.5872e-16
6401.407227,4.8227e-16
6406.287109,4.9295e-16
6411.166992,4.7715e-16
6416.047363,4.6374e-16
6420.927246,4.6814e-16
6425.807617,4.6762e-16
6430.687988,4.7121e-16
6435.568359,4.527e-16
6440.448242,4.5809e-16
6445.328613,4.4255e-16
6450.208984,4.633e-16
6455.089355,4.5388e-16
6459.969727,4.5279e-16
6464.850586,4.3826e-16
6469.730957,4.4029e-16
6474.611328,4.3921e-16
6479.492188,4.3969e-16
6484.372559,4.4324e-16
6489.25293,4.1003e-16
6494.133789,4.3479e-16
6499.014648,4.431e-16
6503.89502,4.5188e-16
6508.775879,4.5357e-16
6513.656738,4.249e-16
6518.537598,4.0243e-16
6523.418457,4.2938e-16
6528.299316,4.1966e-16
6533.180176,3.9499e-16
6538.061035,4.1459e-16
6542.941895,3.9246e-16
6547.823242,3.9135e-16
6552.704102,3.7855e-16
6557.584961,3.6761e-16
6562.466309,3.4389e-16
6567.347168,3.6803e-16
6572.228516,3.6207e-16
6577.109375,3.855e-16
6581.990723,4.0222e-16
6586.87207,3.8082e-16
6591.753418,3.893e-16
6596.634766,3.9135e-16
6601.516113,4.2609e-16
6606.397461,4.0111e-16
6611.278809,4.0655e-16
6616.160156,4.124e-16
6621.041504,4.1742e-16
6625.922852,4.0423e-16
6630.804688,3.9842e-16
6635.686035,3.9796e-16
6640.567383,4.0496e-16
6645.449219,4.1443e-16
6650.330566,4.0061e-16
6655.212402,4.0667e-16
6660.094238,4.0725e-16
6664.975586,4.1492e-16
6669.857422,3.9798e-16
6674.739258,4.112e-16
6679.621094,4.0078e-16
6684.50293,3.9106e-16
6689.384766,4.08e-16
6694.266602,3.9829e-16
6699.148438,3.8911e-16
6704.030273,4.0009e-16
6708.912109,3.9693e-16
6713.794434,3.8473e-16
6718.67627,3.9567e-16
6723.558105,3.9542e-16
6728.44043,3.971e-16
6733.322266,3.8762e-16
6738.20459,3.7834e-16
6743.086426,3.8346e-16
6747.96875,3.8852e-16
6752.851074,3.8779e-16
6757.73291,3.9883e-16
6762.615234,3.6477e-16
6767.497559,3.8739e-16
6772.379883,3.8223e-16
6777.262207,3.8847e-16
6782.144531,3.7357e-16
6787.026855,3.7544e-16
6791.90918,3.8027e-16
6796.791504,3.9674e-16
6801.674316,3.9372e-16
6806.556641,3.7106e-16
6811.438965,3.6042e-16
6816.321777,3.6293e-16
6821.204102,3.5798e-16
6826.086426,3.6044e-16
6830.969238,3.8125e-16
6835.852051,3.7073e-16
6840.734375,3.6598e-16
6845.617188,3.8259e-16
6850.5,3.5814e-16
6855.382324,3.8371e-16
6860.265137,3.6385e-16
6865.147949,3.3735e-16
6870.030762,3.6725e-16
6874.913574,3.2858e-16
6879.796387,3.5755e-16
6884.679199,3.5889e-16
6889.562012,3.588e-16
6894.444824,3.6984e-16
6899.327637,3.569e-16
6904.210938,3.4907e-16
6909.09375,3.6369e-16
6913.976562,3.5635e-16
6918.859863,3.6191e-16
6923.742676,3.4927e-16
6928.625488,3.7501e-16
6933.508789,3.2781e-16
6938.39209,3.5151e-16
6943.274902,3.4518e-16
6948.158203,3.5012e-16
6953.041016,3.4077e-16
6957.924316,3.3969e-16
6962.807617,3.518e-16
6967.690918,3.423e-16
6972.574219,3.4102e-16
6977.45752,3.382e-16
6982.340332,3.3398e-16
6987.223633,3.4563e-16
6992.106934,3.4103e-16
6996.990723,3.3884e-16
7001.874023,3.3236e-16
7006.757324,3.2305e-16
7011.640625,3.2934e-16
7016.523926,3.187e-16
7021.407227,3.4144e-16
7026.291016,3.292e-16
7031.174316,3.2371e-16
7036.057617,3.4905e-16
7040.941406,3.1763e-16
7045.824707,3.204e-16
7050.708496,3.4733e-16
7055.591797,3.224e-16
7060.475586,3.1769e-16
7065.359375,3.095e-16
7070.242676,3.2107e-16
7075.126465,3.2623e-16
7080.010254,3.2272e-16
7084.893555,3.1742e-16
7089.777344,3.1187e-16
7094.661133,3.2421e-16
7099.544922,3.1482e-16
7104.428711,2.928e-16
7109.3125,3.127e-16
7114.196289,3.106e-16
7119.080078,3.3295e-16
7123.963867,3.0284e-16
7128.847656,3.0905e-16
7133.731445,3.0614e-16
7138.615234,3.0436e-16
7143.499512,3.1453e-16
7148.383301,3.0107e-16
7153.26709,3.0781e-16
7158.150879,2.9698e-16
7163.035156,3.1888e-16
7167.918945,3.1969e-16
7172.802734,3.028e-16
7177.687012,3.0391e-16
7182.570801,2.8572e-16
7187.455078,3.075e-16
7192.338867,2.9976e-16
7197.223145,2.9451e-16
7202.107422,2.9672e-16
7206.991211,3.0222e-16
7211.875488,3.004e-16
7216.759766,3.0588e-16
7221.643555,3.0039e-16
7226.527832,3.1432e-16
7231.412109,2.8264e-16
7236.296387,2.9807e-16
7241.180176,2.8855e-16
7246.064453,3.0295e-16
7250.94873,2.9695e-16
7255.833008,2.9295e-16
7260.717285,3.047e-16
7265.601562,2.7773e-16
7270.48584,2.8957e-16
7275.370117,2.7998e-16
7280.254395,2.9083e-16
7285.138672,2.9023e-16
7290.022949,2.8133e-16
7294.907715,2.8128e-16
7299.791992,3.0304e-16
7304.67627,2.9112e-16
7309.560547,2.8343e-16
7314.444824,2.7173e-16
7319.32959,2.8036e-16
7324.213867,2.9388e-16
7329.098145,2.7808e-16
7333.98291,2.8643e-16
7338.867188,2.8862e-16
7343.751465,2.657e-16
7348.63623,2.6492e-16
7353.520508,2.9073e-16
7358.405273,2.5569e-16
7363.289551,2.8328e-16
7368.174316,2.8371e-16
7373.058594,2.7037e-16
7377.943359,2.8429e-16
7382.828125,2.7771e-16
7387.712402,2.7112e-16
7392.597168,2.7768e-16
7397.481934,2.5915e-16
7402.366211,2.941e-16
7407.250977,2.7367e-16
7412.135742,2.8915e-16
7417.02002,2.6823e-16
7421.904785,2.9565e-16
7426.789551,2.7958e-16
7431.674316,2.7037e-16
7436.559082,2.7054e-16
7441.443848,2.4517e-16
7446.328125,2.7594e-16
7451.212891,2.7467e-16
7456.097656,2.5858e-16
7460.982422,2.567e-16
7465.867188,2.5218e-16
7470.751953,2.5515e-16
7475.636719,2.691e-16
7480.521484,2.6188e-16
7485.40625,2.7474e-16
7490.291016,2.5391e-16
7495.175781,2.6497e-16
7500.060547,2.5719e-16
7504.945312,2.5477e-16
7509.830566,2.3844e-16
7514.715332,2.5357e-16
7519.600098,2.6366e-16
7524.484863,2.7104e-16
7529.369629,2.6847e-16
7534.254395,2.4596e-16
7539.139648,2.518e-16
7544.024414,2.5142e-16
7548.90918,2.4924e-16
7553.793945,2.5933e-16
7558.679199,2.5165e-16
7563.563965,2.3987e-16
7568.44873,2.5221e-16
7573.333496,2.4345e-16
7578.21875,2.3311e-16
7583.103516,2.393e-16
7587.98877,2.4158e-16
7592.873535,2.4259e-16
7597.758301,2.4769e-16
7602.643555,2.3812e-16
7607.52832,2.3261e-16
7612.413086,2.305e-16
7617.29834,2.2988e-16
7622.183105,2.3631e-16
7627.068359,2.2755e-16
7631.953125,2.4251e-16
7636.838379,2.4083e-16
7641.723145,2.4057e-16
7646.608398,2.3695e-16
7651.493164,2.4269e-16
7656.378418,2.3061e-16
7661.263184,2.401e-16
7666.148438,2.3759e-16
7671.033203,2.3397e-16
7675.918457,2.3507e-16
7680.803223,2.2221e-16
7685.688477,2.3548e-16
7690.57373,2.2018e-16
7695.458496,2.1216e-16
7700.34375,2.1767e-16
7705.228516,2.1206e-16
7710.11377,2.0482e-16
7714.999023,2.1377e-16
7719.883789,2.1636e-16
7724.769043,1.9057e-16
7729.653809,1.9869e-16
7734.539062,2.1345e-16
7739.424316,2.1426e-16
7744.309082,2.0533e-16
7749.194336,2.1223e-16
7754.07959,2.2337e-16
7758.964355,2.267e-16
7763.849609,2.1821e-16
7768.734863,2.1572e-16
7773.619629,2.2554e-16
7778.504883,2.1413e-16
7783.390137,2.3505e-16
7788.274902,2.1819e-16
7793.160156,2.2729e-16
7798.04541,2.2433e-16
7802.930664,2.4098e-16
7807.81543,2.3521e-16
7812.700684,2.2755e-16
7817.585938,2.0321e-16
7822.470703,2.228e-16
7827.355957,2.0567e-16
7832.241211,2.2147e-16
7837.126465,2.2153e-16
7842.01123,2.0896e-16
7846.896484,2.1737e-16
7851.781738,2.303e-16
7856.666504,2.1541e-16
7861.551758,2.0873e-16
7866.437012,2.2083e-16
7871.322266,2.2294e-16
7876.207031,2.11e-16
7881.092285,2.163e-16
7885.977539,2.1214e-16
7890.862305,2.1368e-16
7895.747559,2.4248e-16
7900.632812,1.951e-16
7905.518066,2.0735e-16
7910.402832,2.226e-16
7915.288086,2.0797e-16
7920.17334,1.9104e-16
7925.058105,2.1395e-16
7929.943359,1.9702e-16
7934.828613,2.1264e-16
7939.713379,2.047e-16
7944.598633,2.0566e-16
7949.483887,2.1755e-16
7954.368652,2.0855e-16
7959.253906,2.0457e-16
7964.13916,2.2462e-16
7969.023926,2.1339e-16
7973.90918,2.0051e-16
7978.794434,1.9545e-16
7983.679199,2.0211e-16
7988.564453,1.9332e-16
7993.449707,2.0611e-16
7998.334473,2.0432e-16
8003.219727,2.1758e-16
8008.104492,1.8766e-16
8012.989746,1.9858e-16
8017.875,2.0516e-16
8022.759766,2.1286e-16
8027.64502,2.1087e-16
8032.529785,1.9868e-16
8037.415039,1.7896e-16
8042.300293,1.9672e-16
8047.185059,1.8559e-16
8052.070312,1.9732e-16
8056.955078,1.8807e-16
8061.840332,1.9108e-16
8066.725098,2.1424e-16
8071.610352,2.0383e-16
8076.495117,1.8707e-16
8081.380371,2.2107e-16
8086.265137,1.8376e-16
8091.150391,1.9148e-16
8096.035156,1.9293e-16
8100.919922,2.0081e-16
8105.805176,1.99e-16
8110.689941,1.8296e-16
8115.575195,1.8874e-16
8120.459961,1.6568e-16
8125.344727,1.6666e-16
8130.22998,1.7638e-16
8135.114746,1.8932e-16
8139.999512,1.7998e-16
8144.884766,1.942e-16
8149.769531,1.9534e-16
8154.654297,1.9043e-16
8159.539551,1.8627e-16
8164.424316,1.8415e-16
8169.309082,1.9836e-16
8174.193848,1.8296e-16
8179.079102,1.6854e-16
8183.963867,1.8658e-16
8188.848633,1.9292e-16
8193.733398,1.7948e-16
8198.618164,1.722e-16
8203.50293,1.9017e-16
8208.387695,1.8441e-16
8213.272461,1.7976e-16
8218.157227,1.6324e-16
8223.041992,1.6566e-16
8227.926758,1.8647e-16
8232.811523,1.7734e-16
8237.696289,1.9864e-16
8242.581055,2.0215e-16
8247.46582,1.7789e-16
8252.350586,1.8842e-16
8257.235352,2.3631e-16
8262.120117,1.7428e-16
8267.004883,1.7545e-16
8271.889648,1.7386e-16
8276.774414,1.594e-16
8281.65918,1.6998e-16
8286.543945,1.8771e-16
8291.428711,1.6914e-16
8296.313477,1.6385e-16
8301.198242,1.8351e-16
8306.083008,1.6059e-16
8310.966797,1.6885e-16
8315.851562,1.6933e-16
8320.736328,1.9597e-16
8325.621094,1.6778e-16
8330.505859,1.8326e-16
8335.389648,1.6006e-16
8340.274414,1.5645e-16
8345.15918,1.5715e-16
8350.043945,1.4741e-16
8354.928711,2.017e-16
8359.8125,1.7834e-16
8364.697266,1.533e-16
8369.582031,1.6308e-16
8374.46582,1.7427e-16
8379.350586,1.7631e-16
8384.235352,2.0197e-16
8389.120117,1.5439e-16
8394.003906,1.8765e-16
8398.888672,1.6667e-16
8403.772461,1.7294e-16
8408.657227,1.8187e-16
8413.541992,1.6323e-16
8418.425781,1.56e-16
8423.310547,1.6448e-16
8428.194336,1.7524e-16
8433.079102,1.5878e-16
8437.963867,1.7556e-16
8442.847656,1.601e-16
8447.732422,1.6216e-16
8452.616211,1.4231e-16
8457.500977,1.4981e-16
8462.384766,1.7301e-16
8467.268555,1.7652e-16
8472.15332,1.6796e-16
8477.037109,1.5619e-16
8481.921875,1.5156e-16
8486.805664,1.5866e-16
8491.689453,1.5525e-16
8496.574219,1.4961e-16
8501.458008,1.5143e-16
8506.342773,1.5068e-16
8511.226562,1.5452e-16
8516.110352,1.4855e-16
8520.994141,1.608e-16
8525.878906,1.6878e-16
8530.762695,1.6583e-16
8535.646484,1.6117e-16
8540.530273,1.8498e-16
8545.415039,1.5473e-16
8550.298828,1.4155e-16
8555.182617,1.5386e-16
8560.066406,1.5247e-16
8564.950195,1.6409e-16
8569.833984,1.6203e-16
8574.717773,1.6826e-16
8579.602539,1.6528e-16
8584.486328,1.4137e-16
8589.370117,1.5589e-16
8594.253906,1.5731e-16
8599.137695,1.5886e-16
8604.021484,1.5247e-16
8608.905273,1.6823e-16
8613.789062,1.4798e-16
8618.672852,1.3647e-16
8623.556641,1.2862e-16
8628.439453,1.7117e-16
8633.323242,1.6488e-16
8638.207031,1.4645e-16
8643.09082,1.6002e-16
8647.974609,1.6457e-16
8652.858398,1.5899e-16
8657.741211,1.4315e-16
8662.625,1.4177e-16
8667.508789,1.3621e-16
8672.392578,1.4583e-16
8677.275391,1.5392e-16
8682.15918,1.4311e-16
8687.042969,1.4021e-16
8691.925781,1.4583e-16
8696.80957,1.515e-16
8701.693359,1.2189e-16
8706.576172,1.4771e-16
8711.459961,1.5679e-16
8716.342773,1.2744e-16
8721.226562,1.4298e-16
8726.110352,1.6112e-16
8730.993164,1.32e-16
8735.875977,1.4532e-16
8740.759766,1.4934e-16
8745.642578,1.5617e-16
8750.526367,1.2189e-16
8755.40918,1.4551e-16
8760.292969,1.438e-16
8765.175781,1.4099e-16
8770.058594,1.3969e-16
8774.942383,1.3683e-16
8779.825195,1.2872e-16
8784.708008,1.5895e-16
8789.59082,1.5761e-16
8794.473633,1.6711e-16
8799.357422,1.6566e-16
8804.240234,1.3347e-16
8809.123047,1.4643e-16
8814.005859,1.4149e-16
8818.888672,1.3086e-16
8823.771484,1.3772e-16
8828.654297,1.3354e-16
8833.537109,1.3677e-16
8838.419922,1.4603e-16
8843.302734,1.3634e-16
8848.185547,1.6758e-16
8853.068359,1.3947e-16
8857.951172,1.3929e-16
8862.833984,1.4611e-16
8867.716797,1.2889e-16
8872.599609,1.5152e-16
8877.482422,1.5079e-16
8882.364258,1.4735e-16
8887.24707,1.3114e-16
8892.129883,1.4346e-16
8897.012695,1.2798e-16
8901.894531,1.3095e-16
8906.777344,1.4776e-16
8911.660156,1.3252e-16
8916.541992,1.2899e-16
8921.424805,1.3135e-16
8926.306641,1.1051e-16
8931.189453,1.374e-16
8936.071289,1.3548e-16
8940.954102,1.3777e-16
8945.835938,1.5283e-16
8950.71875,1.2729e-16
8955.600586,1.309e-16
8960.483398,1.4296e-16
8965.365234,1.1516e-16
8970.24707,1.1899e-16
8975.129883,1.2671e-16
8980.011719,1.2573e-16
8984.893555,1.4334e-16
8989.775391,1.2082e-16
8994.658203,1.2713e-16
8999.540039,1.0557e-16
9004.421875,1.3245e-16
9009.303711,1.3717e-16
9014.185547,1.2472e-16
9019.067383,1.3626e-16
9023.949219,1.1643e-16
9028.831055,1.3575e-16
9033.712891,1.1728e-16
9038.594727,1.2334e-16
9043.476562,1.1996e-16
9048.358398,1.2297e-16
9053.240234,1.1645e-16
9058.12207,1.1443e-16
9063.00293,1.3284e-16
9067.884766,1.0643e-16
9072.766602,1.1574e-16
9077.648438,1.1987e-16
9082.529297,1.1255e-16
9087.411133,1.1122e-16
9092.292969,1.251e-16
9097.173828,1.515e-16
9102.055664,1.2002e-16
9106.936523,1.2755e-16
9111.818359,1.4862e-16
9116.699219,1.1308e-16
9121.581055,1.2037e-16
9126.461914,1.141e-16
9131.342773,1.2092e-16
9136.224609,1.2443e-16
9141.105469,1.2324e-16
9145.986328,1.4294e-16
9150.868164,1.2519e-16
9155.749023,1.177e-16
9160.629883,1.0204e-16
9165.510742,1.138e-16
9170.391602,1.2645e-16
9175.273438,1.1754e-16
9180.154297,1.0481e-16
9185.035156,1.0662e-16
9189.916016,1.0667e-16
9194.796875,1.1472e-16
9199.677734,1.3028e-16
9204.558594,9.1938e-17
9209.438477,1.0171e-16
9214.319336,1.097e-16
9219.200195,9.9407e-17
9224.081055,1.2045e-16
9228.961914,1.2648e-16
9233.841797,1.0882e-16
9238.722656,1.2272e-16
9243.603516,1.1274e-16
9248.483398,1.1744e-16
9253.364258,1.1545e-16
9258.245117,1.205e-16
9263.125,1.0648e-16
9268.005859,1.1397e-16
9272.885742,1.0601e-16
9277.765625,1.2818e-16
9282.646484,1.1424e-16
9287.526367,1.1295e-16
9292.407227,9.882e-17
9297.287109,1.3337e-16
9302.166992,1.3785e-16
9307.046875,1.1844e-16
9311.926758,1.1084e-16
9316.807617,1.1289e-16
9321.6875,9.3109e-17
9326.567383,9.6084e-17
9331.447266,8.5112e-17
9336.327148,1.0331e-16
9341.207031,1.0518e-16
9346.086914,9.9881e-17
9350.966797,9.6836e-17
9355.84668,8.4801e-17
9360.725586,8.9975e-17
9365.605469,9.5464e-17
9370.485352,8.3286e-17
9375.365234,1.0522e-16
9380.244141,1.0745e-16
9385.124023,1.0978e-16
9390.003906,1.0526e-16
9394.882812,9.4094e-17
9399.762695,1.0551e-16
9404.641602,8.893e-17
9409.521484,1.1251e-16
9414.400391,1.0679e-16
9419.279297,1.0223e-16
9424.15918,1.0822e-16
9429.038086,9.469e-17
9433.916992,8.4638e-17
9438.796875,9.863e-17
9443.675781,9.0621e-17
9448.554688,1.0579e-16
9453.433594,1.0246e-16
9458.3125,9.6966e-17
9463.191406,1.0726e-16
9468.070312,8.4408e-17
9472.949219,1.1802e-16
9477.828125,1.1265e-16
9482.707031,9.97e-17
9487.585938,1.1391e-16
9492.464844,1.0893e-16
9497.34375,1.0324e-16
9502.22168,1.0511e-16
9507.100586,9.0845e-17
9511.979492,1.0395e-16
9516.857422,9.0117e-17
9521.736328,1.0195e-16
9526.614258,1.0279e-16
9531.493164,1.0078e-16
9536.371094,9.4804e-17
9541.25,1.069e-16
9546.12793,9.9123e-17
9551.005859,1.1289e-16
9555.884766,1.0083e-16
9560.762695,9.96e-17
9565.640625,9.5518e-17
9570.518555,7.9259e-17
9575.397461,1.0413e-16
9580.275391,1.1248e-16
9585.15332,9.2623e-17
9590.03125,1.1113e-16
9594.90918,7.7861e-17
9599.787109,6.2825e-17
9604.665039,1.1524e-16
9609.541992,9.9002e-17
9614.419922,1.0827e-16
9619.297852,1.0189e-16
9624.175781,9.3991e-17
9629.052734,1.1453e-16
9633.930664,9.5781e-17
9638.808594,7.8075e-17
9643.685547,9.8191e-17
9648.563477,1.0795e-16
9653.44043,7.8237e-17
9658.317383,1.056e-16
9663.195312,9.3735e-17
9668.072266,1.0577e-16
9672.949219,1.1588e-16
9677.827148,9.2471e-17
9682.704102,1.319e-16
9687.581055,8.7898e-17
9692.458008,9.0616e-17
9697.334961,8.3312e-17
9702.211914,9.5775e-17
9707.088867,1.0488e-16
9711.96582,1.0524e-16
9716.842773,1.4094e-16
9721.719727,8.4563e-17
9726.59668,9.2975e-17
9731.473633,9.0239e-17
9736.349609,9.9098e-17
9741.226562,1.2447e-16
9746.103516,1.2266e-16
9750.979492,1.0896e-16
9755.856445,9.4056e-17
9760.732422,8.8875e-17
9765.609375,8.7009e-17
9770.485352,1.1056e-16
9775.361328,1.2242e-16
9780.238281,8.4333e-17
9785.114258,8.3674e-17
9789.990234,8.4265e-17
9794.866211,7.3428e-17
9799.743164,7.5144e-17
9804.619141,8.8284e-17
9809.495117,6.9216e-17
9814.371094,7.0719e-17
9819.24707,1.0987e-16
9824.123047,8.2916e-17
9828.998047,9.964e-17
9833.874023,9.3539e-17
9838.75,4.8623e-17
9843.625977,7.3936e-17
9848.500977,6.1119e-17
9853.376953,9.5845e-17
9858.251953,8.9121e-17
9863.12793,8.2748e-17
9868.00293,1.211e-16
9872.878906,6.5001e-17
9877.753906,6.6835e-17
9882.629883,7.5823e-17
9887.504883,1.0974e-16
9892.379883,6.6585e-17
9897.254883,9.0917e-17
9902.129883,6.7359e-17
9907.004883,2.7464e-17
9911.879883,1.3261e-16
9916.754883,6.5467e-17
9921.629883,7.3065e-17
9926.504883,9.5653e-17
9931.379883,3.4274e-17
9936.254883,5.7192e-17
9941.129883,7.2575e-17
9946.003906,5.1591e-17
9950.878906,1.1229e-16
9955.753906,9.5559e-17
9960.62793,8.0786e-17
9965.50293,8.5614e-17
9970.376953,7.0038e-17
9975.250977,6.7867e-17
9980.125977,9.3069e-17
9985.0,9.5635e-17
9989.874023,8.7147e-17
9994.748047,8.3135e-17
9999.623047,7.4344e-17
10004.49707,7.551e-17
10009.371094,1.1655e-16
10014.245117,4.4466e-17
10019.119141,2.2307e-17
10023.992188,9.9535e-17
10028.866211,1.9271e-17
10033.740234,7.1556e-17
10038.614258,3.637e-17
10043.487305,4.6205e-17
10048.361328,6.435e-17
10053.235352,5.2054e-17
10058.108398,4.442e-17
10062.982422,5.9128e-17
10067.855469,9.2269e-17
10072.728516,4.4164e-17
10077.602539,5.2473e-17
10082.475586,6.6397e-17
10087.348633,5.9142e-17
10092.22168,5.2566e-17
10097.094727,3.4505e-17
10101.967773,5.3036e-17
10106.84082,9.1361e-17
10111.713867,1.2413e-16
10116.586914,6.1123e-17
10121.459961,3.1857e-17
10126.333008,6.8535e-17
10131.205078,2.9719e-17
10136.078125,-9.4147e-18
10140.951172,3.5844e-17
10145.823242,1.2625e-16
10150.696289,8.1638e-17
10155.568359,-7.2332e-17
10160.441406,9.0342e-18
10165.313477,6.4645e-18
10170.185547,-4.4165e-19
10175.057617,-6.2176e-18
10179.930664,1.8346e-16
10184.802734,-6.2182e-18
10189.674805,1.6798e-18
10194.546875,1.3206e-16
10199.418945,1.122e-17
10204.291016,3.5941e-17
10209.162109,6.5409e-17
10214.03418,7.8226e-17
10218.90625,1.0845e-16
10223.77832,8.453e-17
10228.649414,6.4458e-17
10233.521484,1.6817e-16
10238.392578,1.2164e-16
