wave,flux
1140.5999755859375,5.774125e-12
1141.5999755859375,6.750125e-12
1142.5999755859375,6.6284755e-12
1143.5999755859375,6.3062754e-12
1144.5999755859375,6.4428753e-12
1145.5999755859375,6.517975e-12
1146.5999755859375,5.9331502e-12
1147.5999755859375,5.79095e-12
1148.5999755859375,5.7981753e-12
1149.6500244140625,5.88685e-12
1150.6500244140625,5.4912004e-12
1151.6500244140625,5.811e-12
1152.6500244140625,5.611175e-12
1153.6500244140625,6.0711505e-12
1154.6500244140625,6.405825e-12
1155.6500244140625,5.87415e-12
1156.675048828125,5.61445e-12
1157.7000732421875,5.583325e-12
1158.7000732421875,5.6400505e-12
1159.7000732421875,5.92735e-12
1160.7000732421875,5.717725e-12
1161.7000732421875,5.8217e-12
1162.7000732421875,5.861975e-12
1163.7000732421875,6.0280253e-12
1164.72509765625,5.7867756e-12
1165.75,5.80055e-12
1166.75,5.34965e-12
1167.75,5.5188003e-12
1168.75,5.742225e-12
1169.75,5.9633e-12
1170.75,5.6076003e-12
1171.800048828125,5.919125e-12
1172.800048828125,5.59075e-12
1173.800048828125,5.5914e-12
1174.800048828125,5.406525e-12
1175.800048828125,5.3786003e-12
1176.800048828125,5.418425e-12
1177.800048828125,5.4040748e-12
1178.8250732421875,5.5418e-12
1179.8499755859375,5.480625e-12
1180.8499755859375,5.392775e-12
1181.8499755859375,5.4186503e-12
1182.8499755859375,5.47865e-12
1183.8499755859375,5.403275e-12
1184.875,5.0715e-12
1185.9000244140625,5.1653504e-12
1186.9000244140625,5.323825e-12
1187.9000244140625,5.2726005e-12
1188.9000244140625,5.1670504e-12
1189.9000244140625,5.269275e-12
1190.9000244140625,5.18125e-12
1191.925048828125,5.098025e-12
1192.9500732421875,5.0201002e-12
1193.9500732421875,4.811475e-12
1194.9500732421875,5.1219003e-12
1195.9500732421875,5.173825e-12
1196.9500732421875,5.1339753e-12
1197.97509765625,4.863075e-12
1199.0,4.766e-12
1200.0,4.7874005e-12
1201.0,4.727625e-12
1202.0,4.832825e-12
1203.0,4.6940004e-12
1204.0,4.5836755e-12
1205.050048828125,4.354025e-12
1206.050048828125,4.414725e-12
1207.050048828125,4.1183003e-12
1208.050048828125,3.81775e-12
1209.050048828125,3.61265e-12
1210.0750732421875,3.4803252e-12
1211.0999755859375,3.276975e-12
1212.0999755859375,3.0694002e-12
1213.0999755859375,2.803075e-12
1214.0999755859375,2.3493753e-12
1215.0999755859375,1.7118001e-12
1216.125,1.212125e-12
1217.1500244140625,1.855725e-12
1218.1500244140625,2.3295e-12
1219.1500244140625,2.634775e-12
1220.1500244140625,2.9898501e-12
1221.1500244140625,3.191675e-12
1222.2000732421875,3.557675e-12
1223.2000732421875,3.597175e-12
1224.2000732421875,3.7690003e-12
1225.2000732421875,3.8993e-12
1226.2000732421875,4.0309e-12
1227.2000732421875,4.2815504e-12
1228.25,4.3534755e-12
1229.25,4.2513753e-12
1230.25,4.436675e-12
1231.25,4.3259003e-12
1232.25,4.40555e-12
1233.2750244140625,4.4456253e-12
1234.300048828125,4.4577e-12
1235.300048828125,4.561575e-12
1236.300048828125,4.5391755e-12
1237.300048828125,4.6356504e-12
1238.300048828125,4.591825e-12
1239.3250732421875,4.6256003e-12
1240.3499755859375,4.575575e-12
1241.3499755859375,4.655675e-12
1242.3499755859375,4.6078254e-12
1243.3499755859375,4.647875e-12
1244.375,4.534325e-12
1245.4000244140625,4.6059e-12
1246.4000244140625,4.559925e-12
1247.4000244140625,4.579625e-12
1248.4000244140625,4.445525e-12
1249.4000244140625,4.5258753e-12
1250.4500732421875,4.519625e-12
1251.4500732421875,4.5408503e-12
1252.4500732421875,4.5148004e-12
1253.4500732421875,4.5341504e-12
1254.4500732421875,4.526975e-12
1255.47509765625,4.6068e-12
1256.5,4.5308752e-12
1257.5,4.489325e-12
1258.5,4.414775e-12
1259.5,4.443175e-12
1260.5,4.311175e-12
1261.550048828125,4.3387004e-12
1262.550048828125,4.4199e-12
1263.550048828125,4.4284502e-12
1264.550048828125,4.383375e-12
1265.550048828125,4.341625e-12
1266.5999755859375,4.41255e-12
1267.5999755859375,4.3323505e-12
1268.5999755859375,4.2936752e-12
1269.5999755859375,4.2097753e-12
1270.5999755859375,4.368675e-12
1271.625,4.2322e-12
1272.6500244140625,4.2841503e-12
1273.6500244140625,4.35415e-12
1274.6500244140625,4.282625e-12
1275.6500244140625,4.3355753e-12
1276.675048828125,4.2185e-12
1277.7000732421875,4.1726505e-12
1278.7000732421875,4.1796002e-12
1279.7000732421875,4.248725e-12
1280.7000732421875,4.287225e-12
1281.7000732421875,4.2713003e-12
1282.75,4.2335003e-12
1283.75,4.1970503e-12
1284.75,4.1839253e-12
1285.75,4.2516502e-12
1286.75,4.183325e-12
1287.800048828125,4.08885e-12
1288.800048828125,4.221125e-12
1289.800048828125,4.2095004e-12
1290.800048828125,4.175825e-12
1291.800048828125,4.0334003e-12
1292.800048828125,3.9930502e-12
1293.8499755859375,4.103975e-12
1294.8499755859375,4.0357253e-12
1295.8499755859375,4.108925e-12
1296.8499755859375,4.036175e-12
1297.8499755859375,4.0488502e-12
1298.9000244140625,4.06745e-12
1299.9000244140625,4.017625e-12
1300.9000244140625,4.061475e-12
1301.9000244140625,3.9431e-12
1302.9000244140625,3.8429e-12
1303.925048828125,3.952975e-12
1304.9500732421875,4.0124752e-12
1305.9500732421875,3.9346e-12
1306.9500732421875,3.9401e-12
1307.9500732421875,4.003075e-12
1308.97509765625,3.9272253e-12
1310.0,3.9473503e-12
1311.0,3.878625e-12
1312.0,3.9347752e-12
1313.0,3.9408754e-12
1314.0,3.958e-12
1315.050048828125,3.9026e-12
1316.050048828125,3.8141252e-12
1317.050048828125,3.8600755e-12
1318.050048828125,3.85225e-12
1319.050048828125,3.818175e-12
1320.0999755859375,3.738925e-12
1321.0999755859375,3.860575e-12
1322.0999755859375,3.826825e-12
1323.0999755859375,3.750525e-12
1324.0999755859375,3.854775e-12
1325.0999755859375,3.81005e-12
1326.1500244140625,3.779475e-12
1327.1500244140625,3.7852503e-12
1328.1500244140625,3.769325e-12
1329.1500244140625,3.68725e-12
1330.1500244140625,3.805125e-12
1331.2000732421875,3.692375e-12
1332.2000732421875,3.745025e-12
1333.2000732421875,3.6535753e-12
1334.2000732421875,3.6329e-12
1335.2000732421875,3.5126001e-12
1336.22509765625,3.700525e-12
1337.25,3.7172e-12
1338.25,3.730025e-12
1339.25,3.645825e-12
1340.25,3.589725e-12
1341.25,3.637875e-12
1342.300048828125,3.6294e-12
1343.300048828125,3.769225e-12
1344.300048828125,3.686675e-12
1345.300048828125,3.6286e-12
1346.300048828125,3.6067e-12
1347.300048828125,3.57415e-12
1348.3499755859375,3.622625e-12
1349.3499755859375,3.5600752e-12
1350.3499755859375,3.5509e-12
1351.3499755859375,3.4957501e-12
1352.3499755859375,3.4878751e-12
1353.375,3.417475e-12
1354.4000244140625,3.4532251e-12
1355.4000244140625,3.51785e-12
1356.4000244140625,3.5285251e-12
1357.4000244140625,3.370575e-12
1358.4000244140625,3.507825e-12
1359.425048828125,3.4702e-12
1360.4500732421875,3.52525e-12
1361.4500732421875,3.453025e-12
1362.4500732421875,3.402075e-12
1363.4500732421875,3.460825e-12
1364.4500732421875,3.4241002e-12
1365.5,3.3610502e-12
1366.5,3.483125e-12
1367.5,3.435525e-12
1368.5,3.3695002e-12
1369.5,3.3585502e-12
1370.5,3.267225e-12
1371.550048828125,3.4088002e-12
1372.550048828125,3.26915e-12
1373.550048828125,3.38805e-12
1374.550048828125,3.3263752e-12
1375.550048828125,3.3554e-12
1376.550048828125,3.323775e-12
1377.5999755859375,3.3228e-12
1378.5999755859375,3.29335e-12
1379.5999755859375,3.269375e-12
1380.5999755859375,3.2296251e-12
1381.5999755859375,3.3016e-12
1382.5999755859375,3.3582002e-12
1383.625,3.2464751e-12
1384.6500244140625,3.1915252e-12
1385.6500244140625,3.2369253e-12
1386.6500244140625,3.2013751e-12
1387.6500244140625,3.260475e-12
1388.6500244140625,3.2290251e-12
1389.6500244140625,3.209275e-12
1390.7000732421875,3.2269e-12
1391.7000732421875,3.257975e-12
1392.7000732421875,3.1951e-12
1393.7000732421875,3.1362252e-12
1394.7000732421875,3.215e-12
1395.7000732421875,3.1462e-12
1396.72509765625,3.1835751e-12
1397.75,3.08545e-12
1398.75,3.1114002e-12
1399.75,3.1260502e-12
1400.75,3.143125e-12
1401.75,3.1637752e-12
1402.75,3.095375e-12
1403.7750244140625,3.1329251e-12
1404.800048828125,3.100425e-12
1405.800048828125,3.06695e-12
1406.800048828125,3.077425e-12
1407.800048828125,3.068175e-12
1408.800048828125,3.0622e-12
1409.800048828125,3.07565e-12
1410.800048828125,3.068125e-12
1411.85009765625,3.07315e-12
1412.85009765625,3.0571752e-12
1413.85009765625,3.0747252e-12
1414.85009765625,3.061375e-12
1415.85009765625,2.9889502e-12
1416.85009765625,2.98465e-12
1417.85009765625,2.9591e-12
1418.900146484375,2.9901752e-12
1419.900146484375,3.0045502e-12
1420.900146484375,2.9553502e-12
1421.900146484375,2.9557752e-12
1422.900146484375,2.9753001e-12
1423.900146484375,2.9434252e-12
1424.900146484375,2.986075e-12
1425.900146484375,2.915925e-12
1426.925048828125,2.9552751e-12
1427.9500732421875,2.905575e-12
1428.9500732421875,2.887275e-12
1429.9500732421875,2.9065001e-12
1430.9500732421875,2.9498502e-12
1431.9500732421875,2.9408002e-12
1432.9500732421875,2.888275e-12
1433.9500732421875,2.8708752e-12
1434.9749755859375,2.9267751e-12
1436.0,2.8641252e-12
1437.0,2.951575e-12
1438.0,2.87635e-12
1439.0,2.77345e-12
1440.0,2.7581503e-12
1441.0,2.81805e-12
1442.0,2.911225e-12
1443.0,2.8770502e-12
1444.0,2.82805e-12
1445.050048828125,2.811875e-12
1446.050048828125,2.7851501e-12
1447.050048828125,2.73565e-12
1448.050048828125,2.7518751e-12
1449.050048828125,2.801025e-12
1450.050048828125,2.71595e-12
1451.050048828125,2.766475e-12
1452.050048828125,2.772625e-12
1453.050048828125,2.812075e-12
1454.050048828125,2.78355e-12
1455.0999755859375,2.774225e-12
1456.0999755859375,2.746075e-12
1457.0999755859375,2.761725e-12
1458.0999755859375,2.6981e-12
1459.0999755859375,2.663575e-12
1460.0999755859375,2.745475e-12
1461.0999755859375,2.73785e-12
1462.0999755859375,2.7884752e-12
1463.0999755859375,2.656325e-12
1464.0999755859375,2.7063002e-12
1465.0999755859375,2.651e-12
1466.0999755859375,2.72485e-12
1467.1500244140625,2.6229002e-12
1468.1500244140625,2.6805001e-12
1469.1500244140625,2.668425e-12
1470.1500244140625,2.68355e-12
1471.1500244140625,2.7038749e-12
1472.1500244140625,2.66035e-12
1473.1500244140625,2.7028e-12
1474.1500244140625,2.6523003e-12
1475.1500244140625,2.6238e-12
1476.1500244140625,2.62995e-12
1477.1500244140625,2.6972e-12
1478.1500244140625,2.65045e-12
1479.1500244140625,2.547625e-12
1480.1500244140625,2.5325e-12
1481.175048828125,2.6045e-12
1482.2000732421875,2.6531e-12
1483.2000732421875,2.5575252e-12
1484.2000732421875,2.5082e-12
1485.2000732421875,2.5105252e-12
1486.2000732421875,2.502975e-12
1487.2000732421875,2.508725e-12
1488.2000732421875,2.5322e-12
1489.2000732421875,2.499e-12
1490.2000732421875,2.4523e-12
1491.2000732421875,2.532125e-12
1492.2000732421875,2.4710002e-12
1493.2000732421875,2.4681002e-12
1494.2000732421875,2.4810752e-12
1495.2000732421875,2.46745e-12
1496.2000732421875,2.495175e-12
1497.2000732421875,2.4474752e-12
1498.2000732421875,2.474725e-12
1499.2000732421875,2.4692251e-12
1500.2000732421875,2.4216503e-12
1501.2000732421875,2.4479e-12
1502.2000732421875,2.425625e-12
1503.2000732421875,2.437675e-12
1504.2000732421875,2.4359002e-12
1505.2000732421875,2.4278001e-12
1506.2000732421875,2.4108e-12
1507.25,2.436725e-12
1508.25,2.429125e-12
1509.25,2.447025e-12
1510.25,2.425725e-12
1511.25,2.391675e-12
1512.25,2.3871e-12
1513.25,2.419275e-12
1514.25,2.42465e-12
1515.25,2.402625e-12
1516.25,2.397025e-12
1517.25,2.341075e-12
1518.25,2.3417752e-12
1519.25,2.37195e-12
1520.25,2.350425e-12
1521.25,2.366975e-12
1522.25,2.3482002e-12
1523.25,2.3497502e-12
1524.25,2.2969e-12
1525.25,2.342375e-12
1526.25,2.358425e-12
1527.25,2.32915e-12
1528.25,2.291875e-12
1529.25,2.3359001e-12
1530.25,2.34765e-12
1531.25,2.308025e-12
1532.25,2.275725e-12
1533.22509765625,2.26475e-12
1534.2000732421875,2.2703501e-12
1535.2000732421875,2.3455e-12
1536.2000732421875,2.3316752e-12
1537.2000732421875,2.29655e-12
1538.2000732421875,2.2566e-12
1539.2000732421875,2.2466e-12
1540.2000732421875,2.2825001e-12
1541.2000732421875,2.30395e-12
1542.2000732421875,2.28375e-12
1543.2000732421875,2.2492002e-12
1544.2000732421875,2.2218002e-12
1545.2000732421875,2.208925e-12
1546.2000732421875,2.24005e-12
1547.2000732421875,2.258975e-12
1548.2000732421875,2.2244752e-12
1549.2000732421875,2.19535e-12
1550.2000732421875,2.21725e-12
1551.2000732421875,2.215625e-12
1552.2000732421875,2.13685e-12
1553.2000732421875,2.14695e-12
1554.2000732421875,2.16085e-12
1555.2000732421875,2.2006752e-12
1556.175048828125,2.253425e-12
1557.1500244140625,2.187275e-12
1558.1500244140625,2.173075e-12
1559.1500244140625,2.133025e-12
1560.1500244140625,2.1722001e-12
1561.1500244140625,2.1282251e-12
1562.1500244140625,2.160525e-12
1563.1500244140625,2.235825e-12
1564.1500244140625,2.1775752e-12
1565.1500244140625,2.184125e-12
1566.1500244140625,2.182225e-12
1567.1500244140625,2.105675e-12
1568.1500244140625,2.12055e-12
1569.125,2.137075e-12
1570.0999755859375,2.14295e-12
1571.0999755859375,2.1102252e-12
1572.0999755859375,2.087e-12
1573.0999755859375,2.1218502e-12
1574.0999755859375,2.101025e-12
1575.0999755859375,2.126525e-12
1576.0999755859375,2.12185e-12
1577.0999755859375,2.0752e-12
1578.0999755859375,2.106175e-12
1579.074951171875,2.0902251e-12
1580.050048828125,2.04995e-12
1581.050048828125,2.07225e-12
1582.425048828125,2.06015e-12
1583.875,2.05655e-12
1585.3499755859375,2.096525e-12
1586.8250732421875,1.983825e-12
1588.275146484375,2.073975e-12
1589.7501220703125,2.006e-12
1591.22509765625,2.0339002e-12
1592.675048828125,2.0167002e-12
1594.150146484375,2.018375e-12
1595.6251220703125,2.0049002e-12
1597.0750732421875,2.0197002e-12
1598.5750732421875,2.0078e-12
1600.050048828125,1.98125e-12
1601.5250244140625,1.950425e-12
1602.97509765625,1.982025e-12
1604.4500732421875,1.9868252e-12
1605.925048828125,1.937875e-12
1607.375,1.951275e-12
1608.8499755859375,1.920375e-12
1610.3250732421875,1.95615e-12
1611.775146484375,1.986225e-12
1613.2501220703125,1.9461e-12
1614.72509765625,1.9315e-12
1616.175048828125,1.9246252e-12
1617.650146484375,1.9167e-12
1619.1251220703125,1.861175e-12
1620.5750732421875,1.9230002e-12
1622.050048828125,1.8559251e-12
1623.5250244140625,1.8628e-12
1625.0250244140625,1.88065e-12
1626.47509765625,1.8663e-12
1627.9500732421875,1.8491502e-12
1629.425048828125,1.877475e-12
1630.875,1.795975e-12
1632.3499755859375,1.826625e-12
1633.8250732421875,1.8125e-12
1635.275146484375,1.873775e-12
1636.7501220703125,1.8616502e-12
1638.22509765625,1.792825e-12
1639.7000732421875,1.78075e-12
1641.175048828125,1.7889001e-12
1642.650146484375,1.7653751e-12
1644.1251220703125,1.737675e-12
1645.5750732421875,1.7843501e-12
1647.050048828125,1.7973251e-12
1648.5250244140625,1.771775e-12
1649.97509765625,1.738875e-12
1651.4500732421875,1.7687751e-12
1652.925048828125,1.7566751e-12
1654.425048828125,1.7823501e-12
1655.875,1.7757751e-12
1657.3499755859375,1.743525e-12
1658.8250732421875,1.70865e-12
1660.275146484375,1.692475e-12
1661.7501220703125,1.7076501e-12
1663.22509765625,1.7157751e-12
1664.7000732421875,1.721625e-12
1666.175048828125,1.694875e-12
1667.650146484375,1.685425e-12
1669.1251220703125,1.6165e-12
1670.5750732421875,1.68685e-12
1672.050048828125,1.69325e-12
1673.5250244140625,1.7071751e-12
1675.0001220703125,1.741025e-12
1676.47509765625,1.72225e-12
1677.9500732421875,1.7465251e-12
1679.425048828125,1.753575e-12
1680.875,1.6743251e-12
1682.3499755859375,1.6402001e-12
1683.8250732421875,1.6640501e-12
1685.3250732421875,1.580475e-12
1686.775146484375,1.6320751e-12
1688.2501220703125,1.60015e-12
1689.72509765625,1.61115e-12
1691.175048828125,1.622325e-12
1692.650146484375,1.6828251e-12
1694.150146484375,1.6367501e-12
1695.6251220703125,1.65565e-12
1697.0750732421875,1.6405e-12
1698.550048828125,1.620625e-12
1700.929688,1.6493e-12
1702.301147,1.622e-12
1703.672485,1.6093e-12
1705.043945,1.6216e-12
1706.415405,1.5995e-12
1707.786865,1.613e-12
1709.158325,1.5976e-12
1710.529785,1.5619e-12
1711.901367,1.583e-12
1713.272827,1.5942e-12
1714.644409,1.5868e-12
1716.015869,1.5657e-12
1717.387451,1.5735e-12
1718.759033,1.5759e-12
1720.130615,1.58e-12
1721.502197,1.5634e-12
1722.873901,1.5498e-12
1724.245483,1.5553e-12
1725.617065,1.5539e-12
1726.98877,1.5374e-12
1728.360474,1.5406e-12
1729.732178,1.5285e-12
1731.103882,1.5248e-12
1732.475586,1.5455e-12
1733.84729,1.5305e-12
1735.218994,1.528e-12
1736.590698,1.5269e-12
1737.962524,1.5026e-12
1739.334229,1.5081e-12
1740.706055,1.5057e-12
1742.077881,1.5027e-12
1743.449707,1.4997e-12
1744.821533,1.5082e-12
1746.193359,1.4931e-12
1747.565186,1.476e-12
1748.937134,1.4708e-12
1750.30896,1.496e-12
1751.680908,1.504e-12
1753.052856,1.4781e-12
1754.424683,1.4752e-12
1755.796631,1.4768e-12
1757.168579,1.4844e-12
1758.540527,1.4608e-12
1759.912598,1.4723e-12
1761.284546,1.4535e-12
1762.656616,1.4384e-12
1764.028564,1.4275e-12
1765.400635,1.4564e-12
1766.772705,1.4651e-12
1768.144653,1.4418e-12
1769.516724,1.4283e-12
1770.888794,1.423e-12
1772.260986,1.4154e-12
1773.633057,1.4024e-12
1775.005127,1.4007e-12
1776.377319,1.3991e-12
1777.74939,1.4034e-12
1779.121582,1.3764e-12
1780.493774,1.3758e-12
1781.865967,1.4045e-12
1783.238159,1.4138e-12
1784.610352,1.3943e-12
1785.982544,1.3871e-12
1787.354858,1.3853e-12
1788.727051,1.3718e-12
1790.099365,1.3676e-12
1791.471558,1.3647e-12
1792.843872,1.3675e-12
1794.216187,1.3758e-12
1795.588501,1.3769e-12
1796.960815,1.3448e-12
1798.33313,1.3631e-12
1799.705444,1.3551e-12
1801.077759,1.3575e-12
1802.450195,1.3523e-12
1803.82251,1.3485e-12
1805.194946,1.3386e-12
1806.567383,1.332e-12
1807.939819,1.3179e-12
1809.312256,1.3168e-12
1810.684692,1.3243e-12
1812.057129,1.3266e-12
1813.429565,1.305e-12
1814.802002,1.319e-12
1816.174561,1.3094e-12
1817.546997,1.3078e-12
1818.919556,1.3114e-12
1820.291992,1.3069e-12
1821.664551,1.2993e-12
1823.037109,1.3022e-12
1824.409668,1.2941e-12
1825.782227,1.2931e-12
1827.154785,1.2895e-12
1828.527466,1.2761e-12
1829.900024,1.2596e-12
1831.272583,1.2615e-12
1832.645264,1.2596e-12
1834.017944,1.2545e-12
1835.390503,1.2492e-12
1836.763184,1.2574e-12
1838.135864,1.2495e-12
1839.508545,1.2448e-12
1840.881226,1.2503e-12
1842.253906,1.2417e-12
1843.626709,1.2357e-12
1844.99939,1.2306e-12
1846.372192,1.223e-12
1847.744873,1.2215e-12
1849.117676,1.2311e-12
1850.490479,1.2259e-12
1851.863159,1.2284e-12
1853.235962,1.2166e-12
1854.608765,1.2155e-12
1855.981567,1.2096e-12
1857.354492,1.2078e-12
1858.727295,1.1939e-12
1860.100098,1.2035e-12
1861.473022,1.203e-12
1862.845825,1.2053e-12
1864.21875,1.191e-12
1865.591675,1.1952e-12
1866.964478,1.1929e-12
1868.337402,1.1907e-12
1869.710327,1.183e-12
1871.083252,1.1668e-12
1872.456177,1.1516e-12
1873.829224,1.1621e-12
1875.202148,1.1684e-12
1876.575073,1.1639e-12
1877.94812,1.1662e-12
1879.321045,1.155e-12
1880.694092,1.1398e-12
1882.067139,1.1471e-12
1883.440186,1.1514e-12
1884.81311,1.1494e-12
1886.186157,1.1364e-12
1887.559326,1.1465e-12
1888.932373,1.1461e-12
1890.30542,1.1361e-12
1891.678467,1.1246e-12
1893.051636,1.135e-12
1894.424683,1.1194e-12
1895.797852,1.118e-12
1897.170898,1.1206e-12
1898.544067,1.1114e-12
1899.917236,1.1096e-12
1901.290405,1.1126e-12
1902.663574,1.095e-12
1904.036743,1.0969e-12
1905.409912,1.1001e-12
1906.783081,1.0906e-12
1908.15625,1.0913e-12
1909.529541,1.0973e-12
1910.90271,1.089e-12
1912.276001,1.0962e-12
1913.64917,1.096e-12
1915.022461,1.0797e-12
1916.395752,1.09e-12
1917.768921,1.0787e-12
1919.142212,1.0717e-12
1920.515503,1.0704e-12
1921.888794,1.0673e-12
1923.262207,1.0685e-12
1924.635498,1.0589e-12
1926.008789,1.0631e-12
1927.38208,1.0613e-12
1928.755493,1.0542e-12
1930.128784,1.0645e-12
1931.502197,1.0501e-12
1932.87561,1.0498e-12
1934.248901,1.0493e-12
1935.622314,1.0444e-12
1936.995728,1.0409e-12
1938.369141,1.0435e-12
1939.742554,1.0439e-12
1941.115967,1.0417e-12
1942.48938,1.0231e-12
1943.862915,1.0267e-12
1945.236328,1.0319e-12
1946.609741,1.0294e-12
1947.983276,1.025e-12
1949.356689,1.0196e-12
1950.730225,1.0225e-12
1952.10376,1.0158e-12
1953.477173,1.016e-12
1954.850708,1.0079e-12
1956.224243,1.0079e-12
1957.597778,1.0091e-12
1958.971313,1.0061e-12
1960.344849,1.0094e-12
1961.718384,9.9856e-13
1963.091919,9.9311e-13
1964.465576,9.9084e-13
1965.839111,9.902e-13
1967.212769,9.8435e-13
1968.586304,9.8485e-13
1969.959961,9.9182e-13
1971.333496,9.9288e-13
1972.707153,9.7975e-13
1974.080811,9.7225e-13
1975.454468,9.712e-13
1976.828003,9.6609e-13
1978.20166,9.7365e-13
1979.575317,9.7208e-13
1980.949097,9.5538e-13
1982.322754,9.5357e-13
1983.696411,9.532e-13
1985.070068,9.569e-13
1986.443848,9.4978e-13
1987.817505,9.5537e-13
1989.191162,9.6121e-13
1990.564941,9.502e-13
1991.938721,9.473e-13
1993.312378,9.3155e-13
1994.686157,9.3747e-13
1996.059937,9.3345e-13
1997.433716,9.3881e-13
1998.807495,9.3483e-13
2000.181274,9.3752e-13
2001.555054,9.3838e-13
2002.928833,9.327e-13
2004.302612,9.2533e-13
2005.676392,9.2972e-13
2007.050171,9.2207e-13
2008.424072,9.1594e-13
2009.797852,9.1784e-13
2011.171753,9.1526e-13
2012.545532,9.0431e-13
2013.919434,9.0706e-13
2015.293213,9.0752e-13
2016.667114,9.0501e-13
2018.041016,9.0875e-13
2019.414917,9.0524e-13
2020.788696,8.9683e-13
2022.162598,9.0019e-13
2023.536499,9.0107e-13
2024.9104,8.9192e-13
2026.284424,8.9051e-13
2027.658325,8.9477e-13
2029.032227,8.8142e-13
2030.406128,8.8116e-13
2031.780029,8.8106e-13
2033.154053,8.8387e-13
2034.527954,8.8288e-13
2035.901978,8.8366e-13
2037.275879,8.7485e-13
2038.649902,8.6928e-13
2040.023926,8.6061e-13
2041.397827,8.6244e-13
2042.771851,8.8143e-13
2044.145874,8.6985e-13
2045.519897,8.6691e-13
2046.893921,8.6421e-13
2048.267822,8.591e-13
2049.641846,8.5874e-13
2051.015869,8.5165e-13
2052.389893,8.5011e-13
2053.763916,8.499e-13
2055.138184,8.5093e-13
2056.512207,8.5176e-13
2057.88623,8.478e-13
2059.260254,8.5354e-13
2060.634277,8.4494e-13
2062.008545,8.4175e-13
2063.382568,8.3753e-13
2064.756592,8.4141e-13
2066.130615,8.36e-13
2067.504883,8.3247e-13
2068.878906,8.2602e-13
2070.25293,8.2473e-13
2071.627197,8.2299e-13
2073.001221,8.2144e-13
2074.375488,8.2264e-13
2075.749512,8.1936e-13
2077.123779,8.2028e-13
2078.497803,8.1912e-13
2079.87207,8.1595e-13
2081.246094,8.1318e-13
2082.620361,8.0823e-13
2083.994629,7.9901e-13
2085.368652,8.0669e-13
2086.74292,8.0615e-13
2088.117188,8.0072e-13
2089.491211,7.9799e-13
2090.865479,7.9697e-13
2092.239746,7.9107e-13
2093.614014,7.9013e-13
2094.988037,7.9392e-13
2096.362305,7.9168e-13
2097.736572,7.9289e-13
2099.11084,7.9062e-13
2100.485107,7.8779e-13
2101.859375,7.743e-13
2103.233643,7.8341e-13
2104.60791,7.8228e-13
2105.981934,7.7721e-13
2107.356201,7.7406e-13
2108.730469,7.7364e-13
2110.104736,7.7009e-13
2111.479248,7.7481e-13
2112.853516,7.6976e-13
2114.227783,7.6652e-13
2115.602051,7.6955e-13
2116.976318,7.656e-13
2118.350586,7.5857e-13
2119.724854,7.5785e-13
2121.099121,7.6038e-13
2122.473633,7.6535e-13
2123.8479,7.538e-13
2125.222168,7.5553e-13
2126.596436,7.4965e-13
2127.970947,7.4491e-13
2129.345215,7.4149e-13
2130.719482,7.4684e-13
2132.093994,7.4405e-13
2133.468262,7.43e-13
2134.842529,7.3937e-13
2136.217041,7.4276e-13
2137.591309,7.4158e-13
2138.965576,7.3564e-13
2140.340088,7.3485e-13
2141.714355,7.3019e-13
2143.088867,7.2753e-13
2144.463135,7.2897e-13
2145.837646,7.3217e-13
2147.211914,7.3094e-13
2148.586426,7.3189e-13
2149.960693,7.2724e-13
2151.335205,7.2291e-13
2152.709717,7.2049e-13
2154.083984,7.2422e-13
2155.458496,7.1781e-13
2156.832764,7.1611e-13
2158.207275,7.1595e-13
2159.581787,7.0887e-13
2160.956055,7.078e-13
2162.330566,7.1312e-13
2163.705078,7.0402e-13
2165.07959,7.0105e-13
2166.453857,6.9967e-13
2167.828369,6.9938e-13
2169.202881,7.0305e-13
2170.577393,6.9874e-13
2171.95166,6.9408e-13
2173.326172,6.9486e-13
2174.700684,6.9719e-13
2176.075195,6.9412e-13
2177.449707,6.9278e-13
2178.824219,6.8682e-13
2180.198486,6.8345e-13
2181.572998,6.8524e-13
2182.94751,6.8968e-13
2184.322021,6.8618e-13
2185.696533,6.8118e-13
2187.071045,6.7584e-13
2188.445557,6.8119e-13
2189.820068,6.8592e-13
2191.19458,6.8177e-13
2192.569092,6.8196e-13
2193.943604,6.7755e-13
2195.318115,6.7296e-13
2196.692627,6.718e-13
2198.067139,6.7074e-13
2199.44165,6.6628e-13
2200.816162,6.6033e-13
2202.190674,6.5912e-13
2203.565186,6.6552e-13
2204.939697,6.639e-13
2206.314453,6.643e-13
2207.688965,6.6298e-13
2209.063477,6.58e-13
2210.437988,6.5905e-13
2211.8125,6.5377e-13
2213.187012,6.4974e-13
2214.561523,6.5295e-13
2215.936279,6.5656e-13
2217.310791,6.5653e-13
2218.685303,6.5057e-13
2220.059814,6.4966e-13
2221.43457,6.4217e-13
2222.809082,6.4577e-13
2224.183594,6.4663e-13
2225.558105,6.4415e-13
2226.932861,6.4491e-13
2228.307373,6.4279e-13
2229.681885,6.3698e-13
2231.056396,6.3584e-13
2232.431152,6.3471e-13
2233.805664,6.3165e-13
2235.180176,6.3178e-13
2236.554932,6.3017e-13
2237.929443,6.2598e-13
2239.303955,6.2071e-13
2240.678711,6.2448e-13
2242.053223,6.244e-13
2243.427734,6.2572e-13
2244.80249,6.2089e-13
2246.177002,6.1842e-13
2247.551514,6.166e-13
2248.92627,6.1681e-13
2250.300781,6.2022e-13
2251.675537,6.1047e-13
2253.050049,6.1219e-13
2254.424561,6.136e-13
2255.799316,6.0724e-13
2257.173828,6.0717e-13
2258.548584,6.111e-13
2259.923096,6.0722e-13
2261.297852,6.0587e-13
2262.672363,6.0388e-13
2264.046875,6.0436e-13
2265.421631,6.0543e-13
2266.796143,6.0204e-13
2268.170898,6.0004e-13
2269.54541,5.9765e-13
2270.920166,5.9825e-13
2272.294678,5.9499e-13
2273.669434,5.9623e-13
2275.043945,5.9253e-13
2276.418701,5.8923e-13
2277.793213,5.9022e-13
2279.167969,5.8966e-13
2280.54248,5.8971e-13
2281.917236,5.9228e-13
2283.291748,5.8789e-13
2284.666504,5.8445e-13
2286.041016,5.8647e-13
2287.415771,5.8298e-13
2288.790283,5.8159e-13
2290.165039,5.7863e-13
2291.539795,5.7601e-13
2292.914307,5.7595e-13
2294.289062,5.7404e-13
2295.663574,5.7335e-13
2297.03833,5.7186e-13
2298.412842,5.6952e-13
2299.787598,5.6874e-13
2301.162109,5.7294e-13
2302.536865,5.682e-13
2303.911377,5.6617e-13
2305.286133,5.6721e-13
2306.660889,5.6413e-13
2308.0354,5.6345e-13
2309.410156,5.5981e-13
2310.784668,5.6058e-13
2312.159424,5.6216e-13
2313.533936,5.6064e-13
2314.908691,5.5567e-13
2316.283447,5.5552e-13
2317.657959,5.5494e-13
2319.032715,5.5522e-13
2320.407227,5.538e-13
2321.781982,5.5308e-13
2323.156494,5.5379e-13
2324.53125,5.5119e-13
2325.905762,5.4577e-13
2327.280518,5.4623e-13
2328.655273,5.4185e-13
2330.029785,5.4288e-13
2331.404541,5.4407e-13
2332.779053,5.4129e-13
2334.153809,5.4008e-13
2335.52832,5.4022e-13
2336.903076,5.3771e-13
2338.277588,5.3838e-13
2339.652344,5.4101e-13
2341.0271,5.3964e-13
2342.401611,5.3521e-13
2343.776367,5.3406e-13
2345.150879,5.2709e-13
2346.525635,5.2916e-13
2347.900146,5.3029e-13
2349.274902,5.3048e-13
2350.649414,5.3053e-13
2352.02417,5.274e-13
2353.398682,5.2733e-13
2354.773438,5.2672e-13
2356.147949,5.2486e-13
2357.522705,5.2341e-13
2358.897461,5.2201e-13
2360.271973,5.2047e-13
2361.646729,5.2023e-13
2363.02124,5.1891e-13
2364.395996,5.1856e-13
2365.770508,5.2205e-13
2367.14502,5.1975e-13
2368.519775,5.1777e-13
2369.894287,5.1486e-13
2371.269043,5.1243e-13
2372.643555,5.0894e-13
2374.018311,5.0896e-13
2375.392822,5.0637e-13
2376.767578,5.083e-13
2378.14209,5.0954e-13
2379.516846,5.0466e-13
2380.891357,5.0185e-13
2382.266113,5.0214e-13
2383.640625,4.967e-13
2385.015137,4.9728e-13
2386.389893,4.9843e-13
2387.764404,4.9903e-13
2389.13916,4.946e-13
2390.513672,4.9624e-13
2391.888184,4.9471e-13
2393.262939,4.9411e-13
2394.637451,4.9352e-13
2396.011963,4.9179e-13
2397.386719,4.8956e-13
2398.76123,4.8961e-13
2400.135986,4.913e-13
2401.510498,4.9353e-13
2402.88501,4.9166e-13
2404.259521,4.8772e-13
2405.634277,4.8502e-13
2407.008789,4.8511e-13
2408.383301,4.8434e-13
2409.758057,4.8023e-13
2411.132568,4.8178e-13
2412.50708,4.7947e-13
2413.881592,4.8158e-13
2415.256348,4.7924e-13
2416.630859,4.7946e-13
2418.005371,4.7834e-13
2419.379883,4.7609e-13
2420.754639,4.7551e-13
2422.12915,4.7778e-13
2423.503662,4.747e-13
2424.878174,4.7239e-13
2426.252686,4.7124e-13
2427.627441,4.7216e-13
2429.001953,4.6953e-13
2430.376465,4.6879e-13
2431.750977,4.6757e-13
2433.125488,4.6767e-13
2434.5,4.6612e-13
2435.874512,4.6627e-13
2437.249023,4.6119e-13
2438.623535,4.6026e-13
2439.998047,4.6274e-13
2441.372803,4.6266e-13
2442.747314,4.6202e-13
2444.121826,4.5949e-13
2445.496338,4.6234e-13
2446.87085,4.5928e-13
2448.245361,4.5872e-13
2449.619873,4.5976e-13
2450.994385,4.581e-13
2452.368896,4.5816e-13
2453.743164,4.5251e-13
2455.117676,4.5334e-13
2456.492188,4.5189e-13
2457.866699,4.495e-13
2459.241211,4.4563e-13
2460.615723,4.4678e-13
2461.990234,4.4507e-13
2463.364746,4.45e-13
2464.739258,4.4675e-13
2466.113525,4.4576e-13
2467.488037,4.4339e-13
2468.862549,4.4206e-13
2470.237061,4.4308e-13
2471.611328,4.3969e-13
2472.98584,4.3945e-13
2474.360352,4.3919e-13
2475.734863,4.3786e-13
2477.109131,4.3701e-13
2478.483643,4.3639e-13
2479.858154,4.393e-13
2481.232422,4.3759e-13
2482.606934,4.3475e-13
2483.981445,4.326e-13
2485.355713,4.3317e-13
2486.730225,4.3211e-13
2488.104492,4.3319e-13
2489.479004,4.3173e-13
2490.853516,4.2887e-13
2492.227783,4.2763e-13
2493.602295,4.2556e-13
2494.976562,4.2673e-13
2496.351074,4.2597e-13
2497.725342,4.2674e-13
2499.099609,4.2333e-13
2500.474121,4.2392e-13
2501.848389,4.2406e-13
2503.2229,4.186e-13
2504.597168,4.185e-13
2505.971436,4.1922e-13
2507.345947,4.1989e-13
2508.720215,4.1804e-13
2510.094482,4.17e-13
2511.468994,4.1537e-13
2512.843262,4.1532e-13
2514.217529,4.1571e-13
2515.591797,4.1291e-13
2516.966309,4.1399e-13
2518.340576,4.1246e-13
2519.714844,4.142e-13
2521.089111,4.1014e-13
2522.463379,4.1075e-13
2523.837646,4.094e-13
2525.212158,4.0622e-13
2526.586426,4.0236e-13
2527.960693,4.0417e-13
2529.334961,4.071e-13
2530.709229,4.0607e-13
2532.083496,4.0449e-13
2533.457764,4.031e-13
2534.832031,4.004e-13
2536.206299,4.0114e-13
2537.580322,4.0074e-13
2538.95459,4.013e-13
2540.328857,4.017e-13
2541.703125,4.0036e-13
2543.077393,3.9721e-13
2544.45166,3.9821e-13
2545.825928,3.9639e-13
2547.199951,3.968e-13
2548.574219,3.9291e-13
2549.948486,3.9264e-13
2551.32251,3.9277e-13
2552.696777,3.9143e-13
2554.071045,3.9111e-13
2555.445068,3.9063e-13
2556.819336,3.9084e-13
2558.193604,3.9133e-13
2559.567627,3.8715e-13
2560.941895,3.8863e-13
2562.315918,3.8661e-13
2563.690186,3.8744e-13
2565.064209,3.8397e-13
2566.438477,3.8302e-13
2567.8125,3.8147e-13
2569.186523,3.8334e-13
2570.560791,3.8333e-13
2571.934814,3.8024e-13
2573.308838,3.7927e-13
2574.683105,3.8156e-13
2576.057129,3.813e-13
2577.431152,3.8182e-13
2578.80542,3.7838e-13
2580.179443,3.7729e-13
2581.553467,3.7839e-13
2582.92749,3.7827e-13
2584.301514,3.7785e-13
2585.675537,3.7483e-13
2587.049561,3.7422e-13
2588.423584,3.7693e-13
2589.797607,3.7726e-13
2591.171631,3.7406e-13
2592.545654,3.7286e-13
2593.919678,3.7294e-13
2595.293701,3.7104e-13
2596.667725,3.7178e-13
2598.041748,3.704e-13
2599.415771,3.6861e-13
2600.789795,3.6946e-13
2602.163574,3.6984e-13
2603.537598,3.6737e-13
2604.911621,3.6749e-13
2606.285645,3.6367e-13
2607.659424,3.6238e-13
2609.033447,3.659e-13
2610.407471,3.6361e-13
2611.78125,3.614e-13
2613.155273,3.6467e-13
2614.529053,3.6283e-13
2615.903076,3.6155e-13
2617.276855,3.6122e-13
2618.650879,3.5995e-13
2620.024658,3.6192e-13
2621.398682,3.5674e-13
2622.772461,3.557e-13
2624.14624,3.5263e-13
2625.520264,3.5072e-13
2626.894043,3.5183e-13
2628.267822,3.5222e-13
2629.641602,3.5298e-13
2631.015625,3.5131e-13
2632.389404,3.5091e-13
2633.763184,3.4978e-13
2635.136963,3.5068e-13
2636.510742,3.4792e-13
2637.884521,3.4601e-13
2639.258301,3.4659e-13
2640.63208,3.4729e-13
2642.005859,3.4807e-13
2643.379639,3.4965e-13
2644.753418,3.4596e-13
2646.127197,3.4439e-13
2647.500732,3.4322e-13
2648.874512,3.4361e-13
2650.248291,3.435e-13
2651.62207,3.4231e-13
2652.995605,3.4446e-13
2654.369385,3.4047e-13
2655.743164,3.394e-13
2657.116699,3.4051e-13
2658.490479,3.3991e-13
2659.864014,3.3884e-13
2661.237793,3.3785e-13
2662.611328,3.3689e-13
2663.985107,3.3672e-13
2665.358643,3.3496e-13
2666.732422,3.3547e-13
2668.105957,3.334e-13
2669.479492,3.3404e-13
2670.853271,3.3406e-13
2672.226807,3.3353e-13
2673.600342,3.3233e-13
2674.973877,3.2954e-13
2676.347412,3.2884e-13
2677.720947,3.3e-13
2679.094482,3.3258e-13
2680.468018,3.3129e-13
2681.841553,3.2745e-13
2683.215088,3.2902e-13
2684.588623,3.2717e-13
2685.962158,3.2504e-13
2687.335693,3.2464e-13
2688.709229,3.256e-13
2690.082764,3.2474e-13
2691.456055,3.2421e-13
2692.82959,3.2545e-13
2694.203125,3.2374e-13
2695.576416,3.2455e-13
2696.949951,3.2388e-13
2698.323486,3.2571e-13
2699.696777,3.2198e-13
2701.070312,3.2067e-13
2702.443604,3.1921e-13
2703.817139,3.1765e-13
2705.19043,3.1968e-13
2706.563721,3.1895e-13
2707.937256,3.1733e-13
2709.310547,3.1649e-13
2710.683838,3.1518e-13
2712.057129,3.14e-13
2713.430664,3.1338e-13
2714.803955,3.1515e-13
2716.177246,3.1303e-13
2717.550537,3.1128e-13
2718.923828,3.1259e-13
2720.297119,3.1311e-13
2721.67041,3.1481e-13
2723.043701,3.1206e-13
2724.416748,3.1239e-13
2725.790039,3.0935e-13
2727.16333,3.0846e-13
2728.536621,3.0893e-13
2729.909912,3.0829e-13
2731.282959,3.0697e-13
2732.65625,3.0788e-13
2734.029297,3.0755e-13
2735.402588,3.0492e-13
2736.775635,3.0606e-13
2738.148926,3.0763e-13
2739.521973,3.0531e-13
2740.895264,3.0348e-13
2742.268311,3.0106e-13
2743.641357,3.0374e-13
2745.014648,3.0312e-13
2746.387695,3.0368e-13
2747.760742,3.0373e-13
2749.133789,2.9994e-13
2750.506836,3.0147e-13
2751.879883,2.981e-13
2753.25293,2.9864e-13
2754.625977,2.9953e-13
2755.999023,2.9935e-13
2757.37207,2.9768e-13
2758.745117,2.9754e-13
2760.118164,2.98e-13
2761.491211,2.9593e-13
2762.864014,2.9437e-13
2764.237061,2.917e-13
2765.610107,2.938e-13
2766.98291,2.9607e-13
2768.355957,2.9318e-13
2769.72876,2.9366e-13
2771.101807,2.9254e-13
2772.474609,2.9167e-13
2773.847656,2.9229e-13
2775.220459,2.9406e-13
2776.593262,2.9294e-13
2777.966064,2.9253e-13
2779.339111,2.92e-13
2780.711914,2.8762e-13
2782.084717,2.8892e-13
2783.45752,2.8725e-13
2784.830322,2.8783e-13
2786.203125,2.8777e-13
2787.575928,2.8704e-13
2788.94873,2.8645e-13
2790.321533,2.8699e-13
2791.694092,2.8275e-13
2793.066895,2.8352e-13
2794.439697,2.8152e-13
2795.8125,2.7932e-13
2797.185059,2.7978e-13
2798.557861,2.8166e-13
2799.93042,2.8281e-13
2801.303223,2.7728e-13
2802.675781,2.7304e-13
2804.048584,2.7468e-13
2805.421143,2.7773e-13
2806.793701,2.7775e-13
2808.166504,2.7741e-13
2809.539062,2.7694e-13
2810.911621,2.7545e-13
2812.28418,2.7508e-13
2813.656738,2.7505e-13
2815.029297,2.7621e-13
2816.401855,2.7517e-13
2817.774414,2.7531e-13
2819.146973,2.739e-13
2820.519531,2.743e-13
2821.89209,2.7473e-13
2823.264404,2.743e-13
2824.636963,2.7316e-13
2826.009521,2.7194e-13
2827.381836,2.7404e-13
2828.754395,2.7279e-13
2830.126709,2.6778e-13
2831.499268,2.6988e-13
2832.871582,2.6963e-13
2834.243896,2.6711e-13
2835.616455,2.6719e-13
2836.98877,2.6916e-13
2838.361084,2.6787e-13
2839.733398,2.6513e-13
2841.105713,2.6712e-13
2842.478027,2.6701e-13
2843.850342,2.6623e-13
2845.222656,2.6407e-13
2846.594971,2.6589e-13
2847.967285,2.6573e-13
2849.3396,2.637e-13
2850.711914,2.6467e-13
2852.083984,2.6453e-13
2853.456299,2.6348e-13
2854.828613,2.641e-13
2856.200684,2.6242e-13
2857.572998,2.6195e-13
2858.945068,2.5958e-13
2860.317139,2.5846e-13
2861.689453,2.5929e-13
2863.061523,2.6063e-13
2864.433594,2.6119e-13
2865.805664,2.5878e-13
2867.177979,2.579e-13
2868.550049,2.5759e-13
2869.922119,2.5989e-13
2871.294189,2.5857e-13
2872.66626,2.5638e-13
2874.038086,2.5594e-13
2875.410156,2.5463e-13
2876.782227,2.5472e-13
2878.154297,2.526e-13
2879.526123,2.5362e-13
2880.898193,2.5467e-13
2882.27002,2.5431e-13
2883.64209,2.531e-13
2885.013916,2.5019e-13
2886.385986,2.4885e-13
2887.757812,2.498e-13
2889.129639,2.518e-13
2890.501709,2.5155e-13
2891.873535,2.531e-13
2893.245361,2.507e-13
2894.617188,2.4955e-13
2895.989014,2.5079e-13
2897.36084,2.4948e-13
2898.732666,2.4933e-13
2900.104492,2.4849e-13
2901.476074,2.484e-13
2902.8479,2.4812e-13
2904.219727,2.4623e-13
2905.591309,2.4643e-13
2906.963135,2.4548e-13
2908.334717,2.4414e-13
2909.706543,2.4426e-13
2911.078125,2.4369e-13
2912.449951,2.4512e-13
2913.821533,2.4376e-13
2915.193115,2.426e-13
2916.564697,2.428e-13
2917.936279,2.4452e-13
2919.307861,2.4327e-13
2920.679443,2.4214e-13
2922.051025,2.4145e-13
2923.422607,2.4125e-13
2924.794189,2.4151e-13
2926.165771,2.3944e-13
2927.537109,2.394e-13
2928.908691,2.4021e-13
2930.280273,2.3877e-13
2931.651611,2.3857e-13
2933.023193,2.3796e-13
2934.394531,2.3836e-13
2935.765869,2.3905e-13
2937.137451,2.3607e-13
2938.508789,2.3752e-13
2939.880127,2.3708e-13
2941.251465,2.3642e-13
2942.622803,2.345e-13
2943.994141,2.3533e-13
2945.365479,2.3314e-13
2946.736816,2.3339e-13
2948.108154,2.3358e-13
2949.479492,2.3163e-13
2950.850586,2.3085e-13
2952.221924,2.3343e-13
2953.593262,2.3168e-13
2954.964355,2.3139e-13
2956.335693,2.3064e-13
2957.706787,2.2982e-13
2959.077881,2.3084e-13
2960.449219,2.3103e-13
2961.820312,2.2946e-13
2963.191406,2.3046e-13
2964.5625,2.3155e-13
2965.933594,2.2955e-13
2967.304688,2.2704e-13
2968.675781,2.2661e-13
2970.046875,2.2793e-13
2971.417969,2.2885e-13
2972.788818,2.2778e-13
2974.159912,2.269e-13
2975.531006,2.2668e-13
2976.901855,2.255e-13
2978.272949,2.2523e-13
2979.643799,2.2415e-13
2981.014648,2.2167e-13
2982.385742,2.2274e-13
2983.756592,2.2451e-13
2985.127441,2.2414e-13
2986.498291,2.2453e-13
2987.869141,2.2326e-13
2989.23999,2.2287e-13
2990.61084,2.2084e-13
2991.981689,2.214e-13
2993.352539,2.2006e-13
2994.723145,2.2191e-13
2996.093994,2.2176e-13
2997.464844,2.2165e-13
2998.835449,2.2004e-13
3000.206055,2.1817e-13
3001.576904,2.1895e-13
3002.94751,2.1815e-13
3004.318115,2.1987e-13
3005.688965,2.1916e-13
3007.05957,2.1751e-13
3008.430176,2.16e-13
3009.800781,2.1487e-13
3011.171387,2.1559e-13
3012.541992,2.1689e-13
3013.912354,2.168e-13
3015.282959,2.1649e-13
3016.653564,2.1479e-13
3018.023926,2.1301e-13
3019.394531,2.1407e-13
3020.764893,2.1465e-13
3022.135498,2.1418e-13
3023.505859,2.1486e-13
3024.876221,2.1351e-13
3026.246826,2.1253e-13
3027.617188,2.1173e-13
3028.987549,2.1154e-13
3030.35791,2.1104e-13
3031.728271,2.1295e-13
3033.098633,2.1019e-13
3034.46875,2.0988e-13
3035.839111,2.1016e-13
3037.209473,2.093e-13
3038.57959,2.0913e-13
3039.949951,2.085e-13
3041.320068,2.0988e-13
3042.69043,2.0907e-13
3044.060547,2.0786e-13
3045.430664,2.082e-13
3046.800781,2.0762e-13
3048.170898,2.0895e-13
3049.541016,2.0738e-13
3050.911133,2.078e-13
3052.28125,2.0686e-13
3053.651367,2.0521e-13
3055.021484,2.055e-13
3056.391602,2.0436e-13
3057.761475,2.0388e-13
3059.131592,2.0328e-13
3060.501465,2.0353e-13
3061.871582,2.038e-13
3063.241455,2.0272e-13
3064.611328,2.0244e-13
3065.653564,2.0389e-13
3068.399658,2.0368e-13
3071.145752,1.9699e-13
3073.891846,2.0104e-13
3076.637939,1.9971e-13
3079.384033,1.973e-13
3082.130127,2.0061e-13
3084.876465,2.005e-13
3087.622559,1.9804e-13
3090.368896,1.9474e-13
3093.11499,1.9679e-13
3095.861328,1.9526e-13
3098.607666,1.95e-13
3101.354004,1.9495e-13
3104.100342,1.9615e-13
3106.84668,1.9388e-13
3109.593018,1.8982e-13
3112.339355,1.9158e-13
3115.085693,1.9221e-13
3117.832275,1.903e-13
3120.578613,1.892e-13
3123.325195,1.8876e-13
3126.071533,1.8953e-13
3128.818115,1.891e-13
3131.564697,1.8786e-13
3134.311279,1.8685e-13
3137.057861,1.8549e-13
3139.804443,1.8508e-13
3142.551025,1.8541e-13
3145.297607,1.8625e-13
3148.044189,1.8515e-13
3150.791016,1.8363e-13
3153.537598,1.8476e-13
3156.284424,1.8003e-13
3159.031006,1.8174e-13
3161.777832,1.8207e-13
3164.524658,1.8227e-13
3167.271484,1.8136e-13
3170.018311,1.8149e-13
3172.765137,1.7864e-13
3175.511963,1.7918e-13
3178.258789,1.7686e-13
3181.005615,1.7603e-13
3183.752686,1.765e-13
3186.499512,1.7761e-13
3189.246582,1.7563e-13
3191.993408,1.767e-13
3194.740479,1.7521e-13
3197.487549,1.7367e-13
3200.234619,1.7266e-13
3202.981445,1.7282e-13
3205.728516,1.7339e-13
3208.47583,1.7323e-13
3211.2229,1.714e-13
3213.969971,1.7101e-13
3216.717041,1.6932e-13
3219.464355,1.7047e-13
3222.211426,1.6862e-13
3224.958496,1.6901e-13
3227.705811,1.6727e-13
3230.453125,1.6826e-13
3233.200195,1.6838e-13
3235.94751,1.6729e-13
3238.694824,1.6657e-13
3241.442139,1.6635e-13
3244.189453,1.6519e-13
3246.936768,1.6322e-13
3249.684326,1.6387e-13
3252.431641,1.6248e-13
3255.178955,1.6131e-13
3257.926514,1.6141e-13
3260.673828,1.6282e-13
3263.421387,1.6167e-13
3266.168701,1.6233e-13
3268.91626,1.5994e-13
3271.663818,1.5951e-13
3274.411133,1.6011e-13
3277.158691,1.596e-13
3279.90625,1.5958e-13
3282.653809,1.5842e-13
3285.401367,1.5939e-13
3288.14917,1.5843e-13
3290.896729,1.5518e-13
3293.644287,1.5438e-13
3296.39209,1.5535e-13
3299.139648,1.5494e-13
3301.887451,1.5525e-13
3304.63501,1.553e-13
3307.382812,1.5178e-13
3310.130615,1.5303e-13
3312.878174,1.5281e-13
3315.625977,1.5277e-13
3318.373779,1.5328e-13
3321.121582,1.5097e-13
3323.869385,1.5199e-13
3326.617188,1.5177e-13
3329.365234,1.4888e-13
3332.113037,1.4894e-13
3334.86084,1.4849e-13
3337.608887,1.4815e-13
3340.356689,1.4899e-13
3343.104736,1.4672e-13
3345.852539,1.4626e-13
3348.600586,1.4605e-13
3351.348633,1.463e-13
3354.096436,1.475e-13
3356.844482,1.4595e-13
3359.592529,1.448e-13
3362.340576,1.4413e-13
3365.088623,1.4366e-13
3367.83667,1.43e-13
3370.584717,1.4409e-13
3373.332764,1.4377e-13
3376.081055,1.4219e-13
3378.829102,1.4296e-13
3381.577148,1.4281e-13
3384.325439,1.4114e-13
3387.073486,1.4214e-13
3389.821777,1.4122e-13
3392.570068,1.4102e-13
3395.318115,1.3931e-13
3398.066406,1.3883e-13
3400.814697,1.3839e-13
3403.562988,1.3918e-13
3406.311279,1.3781e-13
3409.05957,1.3707e-13
3411.807861,1.3708e-13
3414.556152,1.3728e-13
3417.304443,1.3653e-13
3420.052734,1.3551e-13
3422.801025,1.3581e-13
3425.549561,1.3369e-13
3428.297852,1.346e-13
3431.046387,1.3457e-13
3433.794678,1.3403e-13
3436.543213,1.3386e-13
3439.291504,1.3353e-13
3442.040039,1.3328e-13
3444.788574,1.318e-13
3447.536865,1.314e-13
3450.2854,1.3137e-13
3453.033936,1.3058e-13
3455.782471,1.3101e-13
3458.531006,1.3118e-13
3461.279541,1.2997e-13
3464.028076,1.2943e-13
3466.776611,1.2979e-13
3469.525146,1.2949e-13
3472.273926,1.2911e-13
3475.022461,1.2851e-13
3477.770996,1.2875e-13
3480.519775,1.2835e-13
3483.268311,1.2799e-13
3486.01709,1.273e-13
3488.765625,1.26e-13
3491.514404,1.2518e-13
3494.263184,1.2527e-13
3497.011719,1.2453e-13
3499.760498,1.249e-13
3502.509277,1.2528e-13
3505.258057,1.2528e-13
3508.006836,1.2301e-13
3510.755371,1.2248e-13
3513.50415,1.1983e-13
3516.25293,1.2142e-13
3519.001953,1.2103e-13
3521.750732,1.2124e-13
3524.499512,1.2155e-13
3527.248291,1.2232e-13
3529.99707,1.2182e-13
3532.746094,1.2113e-13
3535.494873,1.1982e-13
3538.243896,1.1956e-13
3540.992676,1.1863e-13
3543.741455,1.1989e-13
3546.490479,1.19e-13
3549.239502,1.187e-13
3551.988281,1.1868e-13
3554.737305,1.1779e-13
3557.486328,1.184e-13
3560.235107,1.1756e-13
3562.984131,1.1757e-13
3565.733154,1.1675e-13
3568.482178,1.1668e-13
3571.231201,1.1651e-13
3573.980225,1.1596e-13
3576.729248,1.1561e-13
3579.478271,1.1389e-13
3582.227295,1.156e-13
3584.976318,1.1478e-13
3587.725342,1.1341e-13
3590.474609,1.1351e-13
3593.223633,1.1368e-13
3595.972656,1.1408e-13
3598.721924,1.13e-13
3601.470947,1.1346e-13
3604.219971,1.1229e-13
3606.969238,1.1156e-13
3609.718262,1.1241e-13
3612.467529,1.101e-13
3615.216797,1.1118e-13
3617.96582,1.1148e-13
3620.715088,1.0884e-13
3623.464355,1.0964e-13
3626.213379,1.1014e-13
3628.962646,1.0968e-13
3631.711914,1.0827e-13
3634.461182,1.0914e-13
3637.210449,1.0821e-13
3639.959473,1.0779e-13
3642.70874,1.066e-13
3645.458008,1.0637e-13
3648.207275,1.085e-13
3650.956787,1.0719e-13
3653.706055,1.0718e-13
3656.455322,1.0638e-13
3659.20459,1.0622e-13
3661.953857,1.0572e-13
3664.703125,1.0529e-13
3667.452637,1.0594e-13
3670.201904,1.054e-13
3672.951172,1.0525e-13
3675.700684,1.0563e-13
3678.449951,1.0325e-13
3681.199219,1.0456e-13
3683.94873,1.0408e-13
3686.697998,1.0473e-13
3689.44751,1.029e-13
3692.196777,1.0298e-13
3694.946289,1.0229e-13
3697.695801,1.0181e-13
3700.445068,1.0127e-13
3703.19458,1.0144e-13
3705.944092,1.0147e-13
3708.693359,1.0077e-13
3711.442871,1.0077e-13
3714.192383,1.0098e-13
3716.941895,1.0058e-13
3719.691406,1.0007e-13
3722.440674,1.0058e-13
3725.190186,1.0044e-13
3727.939697,9.8795e-14
3730.689209,9.814e-14
3733.438721,9.7832e-14
3736.188232,9.845e-14
3738.937744,9.8538e-14
3741.687256,9.7802e-14
3744.436768,9.7328e-14
3747.186279,9.7773e-14
3749.936035,9.6832e-14
3752.685547,9.7588e-14
3755.435059,9.6243e-14
3758.18457,9.6386e-14
3760.934082,9.5577e-14
3763.683838,9.5227e-14
3766.43335,9.5276e-14
3769.182861,9.5285e-14
3771.932617,9.5439e-14
3774.682129,9.5489e-14
3777.431641,9.4882e-14
3780.181396,9.4973e-14
3782.930908,9.4109e-14
3785.680664,9.3909e-14
3788.430176,9.4139e-14
3791.179688,9.4187e-14
3793.929443,9.3489e-14
3796.679199,9.3209e-14
3799.428711,9.2221e-14
3802.178467,9.1872e-14
3804.927979,9.2742e-14
3807.677734,9.2067e-14
3810.427246,9.1594e-14
3813.177002,9.2104e-14
3815.926758,9.1129e-14
3818.67627,9.0591e-14
3821.426025,9.0343e-14
3824.175781,8.9559e-14
3826.925537,8.955e-14
3829.675049,8.8948e-14
3832.424805,8.911e-14
3835.174561,8.961e-14
3837.924316,8.9228e-14
3840.674072,8.8938e-14
3843.423584,8.9593e-14
3846.17334,8.9515e-14
3848.923096,8.7888e-14
3851.672852,8.8244e-14
3854.422607,8.8429e-14
3857.172363,8.8688e-14
3859.922119,8.8647e-14
3862.671875,8.7812e-14
3865.421631,8.7711e-14
3868.171387,8.691e-14
3870.921143,8.6945e-14
3873.670898,8.6141e-14
3876.420654,8.5888e-14
3879.17041,8.5251e-14
3881.920166,8.5233e-14
3884.669922,8.4668e-14
3887.419678,8.5145e-14
3890.169434,8.35e-14
3892.919189,8.3935e-14
3895.668945,8.5251e-14
3898.418701,8.4853e-14
3901.168457,8.4424e-14
3903.918213,8.3867e-14
3906.668213,8.3784e-14
3909.417969,8.4648e-14
3912.167725,8.3888e-14
3914.91748,8.4092e-14
3917.667236,8.4573e-14
3920.416992,8.4077e-14
3923.166992,8.3549e-14
3925.916748,8.4244e-14
3928.666504,8.3427e-14
3931.41626,8.3531e-14
3934.16626,8.2233e-14
3936.916016,8.2421e-14
3939.665771,8.2552e-14
3942.415527,8.1991e-14
3945.165527,8.0941e-14
3947.915283,8.0198e-14
3950.665039,8.0573e-14
3953.414795,7.9765e-14
3956.164795,7.869e-14
3958.914551,7.8334e-14
3961.664307,7.783e-14
3964.414307,7.6223e-14
3967.164062,7.5896e-14
3969.913818,7.5956e-14
3972.663574,7.5557e-14
3975.413574,7.6343e-14
3978.16333,7.6433e-14
3980.913086,7.6495e-14
3983.663086,7.7192e-14
3986.412842,7.7009e-14
3989.162598,7.7138e-14
3991.912598,7.7798e-14
3994.662354,7.8427e-14
3997.412109,7.7787e-14
4000.162109,7.8176e-14
4002.911865,7.8435e-14
4005.661621,7.7805e-14
4008.411621,7.8407e-14
4011.161377,7.8186e-14
4013.911133,7.8437e-14
4016.661133,7.8499e-14
4019.410889,7.8992e-14
4022.160645,7.803e-14
4024.910645,7.8354e-14
4027.6604,7.8093e-14
4030.410156,7.8634e-14
4033.160156,7.7917e-14
4035.909912,7.7257e-14
4038.659668,7.6869e-14
4041.409668,7.7256e-14
4044.159424,7.658e-14
4046.90918,7.6831e-14
4049.65918,7.5786e-14
4052.408936,7.6133e-14
4055.158691,7.6018e-14
4057.908691,7.4847e-14
4060.658447,7.467e-14
4063.408203,7.4611e-14
4066.157959,7.2866e-14
4068.907959,7.3241e-14
4071.657715,7.2216e-14
4074.407471,7.1649e-14
4077.157471,7.1625e-14
4079.907227,7.0379e-14
4082.656982,6.9865e-14
4085.406738,6.8948e-14
4088.156738,6.8142e-14
4090.906494,6.731e-14
4093.65625,6.7083e-14
4096.40625,6.6209e-14
4099.155762,6.483e-14
4101.905762,6.4092e-14
4104.655273,6.3956e-14
4107.405273,6.4736e-14
4110.155273,6.4948e-14
4112.904785,6.5458e-14
4115.654785,6.5901e-14
4118.404297,6.6723e-14
4121.154297,6.7623e-14
4123.903809,6.7901e-14
4126.653809,6.8631e-14
4129.403809,6.8689e-14
4132.15332,6.8886e-14
4134.90332,6.9676e-14
4137.652832,6.935e-14
4140.402832,6.9348e-14
4143.152344,6.9696e-14
4145.902344,7.012e-14
4148.651855,6.9635e-14
4151.401855,6.9836e-14
4154.151367,6.935e-14
4156.901367,6.978e-14
4159.650879,6.9418e-14
4162.400879,6.9632e-14
4165.150391,6.9616e-14
4167.900391,6.9443e-14
4170.649902,6.9351e-14
4173.399414,6.9058e-14
4176.149414,6.9284e-14
4178.898926,6.8486e-14
4181.648926,6.868e-14
4184.398438,6.8657e-14
4187.148438,6.9085e-14
4189.897949,6.8372e-14
4192.647461,6.8015e-14
4195.397461,6.8127e-14
4198.146973,6.8052e-14
4200.896484,6.7995e-14
4203.646484,6.7727e-14
4206.395996,6.7342e-14
4209.145508,6.7666e-14
4211.895508,6.7202e-14
4214.64502,6.6698e-14
4217.394531,6.6717e-14
4220.144531,6.7022e-14
4222.894043,6.6499e-14
4225.643555,6.6729e-14
4228.393555,6.6062e-14
4231.143066,6.6041e-14
4233.892578,6.6182e-14
4236.64209,6.5183e-14
4239.391602,6.5286e-14
4242.141602,6.5398e-14
4244.891113,6.5438e-14
4247.640625,6.5412e-14
4250.390137,6.5074e-14
4253.139648,6.4362e-14
4255.889648,6.4146e-14
4258.63916,6.3468e-14
4261.388672,6.4279e-14
4264.138184,6.4077e-14
4266.887695,6.3978e-14
4269.637207,6.337e-14
4272.386719,6.3072e-14
4275.13623,6.293e-14
4277.885742,6.2745e-14
4280.635254,6.2202e-14
4283.384766,6.1946e-14
4286.134277,6.1785e-14
4288.883789,6.1519e-14
4291.633301,6.1284e-14
4294.382812,6.1309e-14
4297.132324,6.0675e-14
4299.881836,6.0107e-14
4302.631348,6.0017e-14
4305.380859,5.9437e-14
4308.130371,5.8715e-14
4310.879883,5.8455e-14
4313.629395,5.7335e-14
4316.378906,5.7264e-14
4319.12793,5.6619e-14
4321.877441,5.5908e-14
4324.626953,5.5105e-14
4327.376465,5.3989e-14
4330.125977,5.2526e-14
4332.875,5.2153e-14
4335.624512,5.1048e-14
4338.374023,5.0263e-14
4341.123535,4.9151e-14
4343.872559,4.9251e-14
4346.62207,4.9847e-14
4349.371582,5.0803e-14
4352.120605,5.1303e-14
4354.870117,5.2174e-14
4357.619629,5.2867e-14
4360.368652,5.3201e-14
4363.118164,5.407e-14
4365.867676,5.4738e-14
4368.616699,5.5297e-14
4371.366211,5.5126e-14
4374.115234,5.5359e-14
4376.864746,5.5774e-14
4379.61377,5.5694e-14
4382.363281,5.4825e-14
4385.112305,5.6016e-14
4387.861816,5.5944e-14
4390.61084,5.646e-14
4393.359863,5.6214e-14
4396.109375,5.6439e-14
4398.858398,5.6325e-14
4401.607422,5.6118e-14
4404.356934,5.6281e-14
4407.105957,5.6189e-14
4409.85498,5.5894e-14
4412.604492,5.6154e-14
4415.353516,5.6348e-14
4418.102539,5.633e-14
4420.851562,5.6388e-14
4423.600586,5.5803e-14
4426.350098,5.5838e-14
4429.099121,5.5425e-14
4431.848145,5.582e-14
4434.597168,5.5476e-14
4437.346191,5.5091e-14
4440.095215,5.4702e-14
4442.844238,5.492e-14
4445.593262,5.5075e-14
4448.342285,5.5304e-14
4451.091309,5.461e-14
4453.840332,5.4844e-14
4456.589355,5.4513e-14
4459.338379,5.4495e-14
4462.087402,5.4648e-14
4464.836426,5.4115e-14
4467.585449,5.4033e-14
4470.334473,5.337e-14
4473.083008,5.3921e-14
4475.832031,5.3623e-14
4478.581055,5.3396e-14
4481.330078,5.3069e-14
4484.078613,5.2953e-14
4486.827637,5.3182e-14
4489.57666,5.2849e-14
4492.325195,5.2881e-14
4495.074219,5.3295e-14
4497.823242,5.2295e-14
4500.571777,5.2221e-14
4503.320801,5.199e-14
4506.069336,5.2591e-14
4508.818359,5.2196e-14
4511.566895,5.2488e-14
4514.315918,5.1915e-14
4517.064453,5.2e-14
4519.813477,5.2073e-14
4522.562012,5.2143e-14
4525.311035,5.1672e-14
4528.05957,5.149e-14
4530.808105,5.0999e-14
4533.557129,5.1152e-14
4536.305664,5.1031e-14
4539.054199,5.1458e-14
4541.802734,5.1073e-14
4544.55127,5.0504e-14
4547.300293,5.0589e-14
4550.048828,5.043e-14
4552.797363,5.0597e-14
4555.545898,5.0379e-14
4558.294434,5.0332e-14
4561.042969,5.0094e-14
4563.791504,4.9771e-14
4566.540039,5.0115e-14
4569.288574,4.9189e-14
4572.037109,4.966e-14
4574.785645,4.9084e-14
4577.53418,4.9413e-14
4580.282715,4.903e-14
4583.030762,4.9017e-14
4585.779297,4.8806e-14
4588.527832,4.9138e-14
4591.276367,4.8957e-14
4594.024414,4.8616e-14
4596.772949,4.8493e-14
4599.521484,4.8493e-14
4602.269531,4.8497e-14
4605.018066,4.8188e-14
4607.766602,4.8439e-14
4610.514648,4.7779e-14
4613.263184,4.7621e-14
4616.01123,4.7363e-14
4618.759766,4.7415e-14
4621.507812,4.7967e-14
4624.255859,4.7731e-14
4627.004395,4.7521e-14
4629.752441,4.7379e-14
4632.500488,4.6873e-14
4635.249023,4.7154e-14
4637.99707,4.6737e-14
4640.745117,4.6723e-14
4643.493164,4.7026e-14
4646.241699,4.6892e-14
4648.989746,4.6399e-14
4651.737793,4.646e-14
4654.48584,4.6075e-14
4657.233887,4.6062e-14
4659.981934,4.5908e-14
4662.72998,4.5881e-14
4665.478027,4.611e-14
4668.226074,4.5691e-14
4670.974121,4.5847e-14
4673.72168,4.5502e-14
4676.469727,4.5381e-14
4679.217773,4.5527e-14
4681.96582,4.5032e-14
4684.713867,4.5227e-14
4687.461426,4.5399e-14
4690.209473,4.4969e-14
4692.95752,4.4768e-14
4695.705078,4.4643e-14
4698.453125,4.4483e-14
4701.200684,4.4797e-14
4703.94873,4.4354e-14
4706.696289,4.4456e-14
4709.444336,4.3697e-14
4712.191895,4.3985e-14
4714.939453,4.4006e-14
4717.6875,4.4087e-14
4720.435059,4.3472e-14
4723.182617,4.3407e-14
4725.930176,4.3439e-14
4728.678223,4.3484e-14
4731.425781,4.3413e-14
4734.17334,4.3238e-14
4736.920898,4.339e-14
4739.668457,4.3625e-14
4742.416016,4.3273e-14
4745.163574,4.2862e-14
4747.911133,4.293e-14
4750.658691,4.2927e-14
4753.40625,4.2621e-14
4756.153809,4.2265e-14
4758.900879,4.2278e-14
4761.648438,4.2225e-14
4764.395996,4.2582e-14
4767.143555,4.2169e-14
4769.890625,4.2007e-14
4772.638184,4.1613e-14
4775.385254,4.1442e-14
4778.132812,4.1069e-14
4780.879883,4.1286e-14
4783.627441,4.0965e-14
4786.374512,4.0698e-14
4789.12207,4.0762e-14
4791.869141,4.0746e-14
4794.616699,4.0766e-14
4797.36377,4.0813e-14
4800.11084,4.0035e-14
4802.85791,4.0429e-14
4805.60498,3.9766e-14
4808.352539,3.9853e-14
4811.099609,3.9796e-14
4813.84668,3.9375e-14
4816.59375,3.9129e-14
4819.34082,3.9005e-14
4822.087891,3.8663e-14
4824.834961,3.8426e-14
4827.581543,3.839e-14
4830.328613,3.8275e-14
4833.075684,3.778e-14
4835.822754,3.7387e-14
4838.569824,3.6875e-14
4841.316406,3.6565e-14
4844.063477,3.5927e-14
4846.810059,3.585e-14
4849.557129,3.5592e-14
4852.304199,3.4387e-14
4855.050781,3.3582e-14
4857.797363,3.2987e-14
4860.544434,3.3213e-14
4863.291016,3.2493e-14
4866.037598,3.2319e-14
4868.784668,3.2888e-14
4871.53125,3.3551e-14
4874.277832,3.3466e-14
4877.024414,3.3977e-14
4879.770996,3.4648e-14
4882.517578,3.5031e-14
4885.26416,3.542e-14
4888.010742,3.5268e-14
4890.757324,3.588e-14
4893.503906,3.6112e-14
4896.250488,3.5997e-14
4898.99707,3.6133e-14
4901.743652,3.6547e-14
4904.489746,3.6941e-14
4907.236328,3.6738e-14
4909.98291,3.6703e-14
4912.729004,3.6578e-14
4915.475586,3.6644e-14
4918.22168,3.65e-14
4920.968262,3.6985e-14
4923.714355,3.6629e-14
4926.460938,3.6512e-14
4929.207031,3.6958e-14
4931.953125,3.6676e-14
4934.699707,3.616e-14
4937.445801,3.6636e-14
4940.191895,3.6675e-14
4942.937988,3.6441e-14
4945.684082,3.6112e-14
4948.430176,3.6507e-14
4951.17627,3.6293e-14
4953.922363,3.6319e-14
4956.668457,3.6008e-14
4959.414551,3.5966e-14
4962.160645,3.5847e-14
4964.90625,3.5877e-14
4967.652344,3.569e-14
4970.398438,3.5881e-14
4973.144043,3.6218e-14
4975.890137,3.5667e-14
4978.635742,3.5697e-14
4981.381836,3.5632e-14
4984.127441,3.5552e-14
4986.873535,3.5172e-14
4989.619141,3.5391e-14
4992.364746,3.5752e-14
4995.110352,3.5084e-14
4997.856445,3.4759e-14
5000.602051,3.5358e-14
5003.347656,3.5021e-14
5006.093262,3.5262e-14
5008.838867,3.4911e-14
5011.584473,3.5064e-14
5014.330078,3.4655e-14
5017.075684,3.487e-14
5019.821289,3.5209e-14
5022.566406,3.4699e-14
5025.312012,3.4292e-14
5028.057617,3.4599e-14
5030.802734,3.4812e-14
5033.54834,3.4073e-14
5036.293457,3.4391e-14
5039.039062,3.4509e-14
5041.78418,3.4248e-14
5044.529785,3.4063e-14
5047.274902,3.3674e-14
5050.02002,3.3946e-14
5052.765625,3.3786e-14
5055.510742,3.3873e-14
5058.255859,3.3377e-14
5061.000977,3.3554e-14
5063.746094,3.3648e-14
5066.491211,3.316e-14
5069.236328,3.3317e-14
5071.981445,3.3537e-14
5074.726562,3.3791e-14
5077.471191,3.3271e-14
5080.216309,3.3142e-14
5082.961426,3.3075e-14
5085.706055,3.3139e-14
5088.451172,3.3035e-14
5091.195801,3.2813e-14
5093.940918,3.2694e-14
5096.685547,3.2768e-14
5099.430664,3.2585e-14
5102.175293,3.2666e-14
5104.919922,3.2467e-14
5107.664551,3.261e-14
5110.409668,3.2552e-14
5113.154297,3.2712e-14
5115.898926,3.2318e-14
5118.643555,3.2416e-14
5121.388184,3.2317e-14
5124.132812,3.2112e-14
5126.876953,3.2433e-14
5129.621582,3.195e-14
5132.366211,3.2034e-14
5135.11084,3.1979e-14
5137.85498,3.199e-14
5140.599609,3.1939e-14
5143.34375,3.1572e-14
5146.088379,3.1735e-14
5148.83252,3.1543e-14
5151.57666,3.1442e-14
5154.321289,3.1696e-14
5157.06543,3.1375e-14
5159.80957,3.1725e-14
5162.553711,3.1104e-14
5165.297852,3.0601e-14
5168.041992,3.0891e-14
5170.786133,3.1086e-14
5173.530273,3.1125e-14
5176.274414,3.0935e-14
5179.018555,3.0936e-14
5181.762695,3.0764e-14
5184.506348,3.0807e-14
5187.250488,3.0544e-14
5189.994629,3.0427e-14
5192.738281,3.0644e-14
5195.482422,3.0736e-14
5198.226074,3.0719e-14
5200.969727,3.0373e-14
5203.713867,3.033e-14
5206.45752,3.018e-14
5209.201172,3.0025e-14
5211.944824,2.9975e-14
5214.688477,2.9904e-14
5217.432129,3.0149e-14
5220.175781,3.0495e-14
5222.919434,2.9588e-14
5225.663086,2.9875e-14
5228.406738,2.9786e-14
5231.149902,2.9692e-14
5233.893555,2.9784e-14
5236.637207,2.9666e-14
5239.380371,2.9456e-14
5242.124023,2.8814e-14
5244.867188,2.922e-14
5247.61084,2.9637e-14
5250.354004,2.9438e-14
5253.097168,2.9273e-14
5255.840332,2.9379e-14
5258.583496,2.8709e-14
5261.327148,2.8791e-14
5264.070312,2.9141e-14
5266.812988,2.9163e-14
5269.556152,2.8905e-14
5272.299316,2.8806e-14
5275.04248,2.8831e-14
5277.785645,2.8781e-14
5280.52832,2.8531e-14
5283.271484,2.844e-14
5286.01416,2.8409e-14
5288.757324,2.8515e-14
5291.5,2.8696e-14
5294.243164,2.84e-14
5296.98584,2.7966e-14
5299.728516,2.8321e-14
5302.471191,2.8245e-14
5305.213867,2.8306e-14
5307.956543,2.8048e-14
5314.521973,2.8232e-14
5319.391602,2.8128e-14
5324.261719,2.7978e-14
5329.131348,2.7737e-14
5334.001465,2.7791e-14
5338.871582,2.7695e-14
5343.741211,2.7442e-14
5348.611328,2.7344e-14
5353.481445,2.7118e-14
5358.352051,2.7106e-14
5363.222168,2.6927e-14
5368.092285,2.6674e-14
5372.962891,2.6521e-14
5377.833008,2.6387e-14
5382.703613,2.6568e-14
5387.574219,2.6508e-14
5392.444824,2.636e-14
5397.31543,2.6206e-14
5402.186523,2.6127e-14
5407.057129,2.6092e-14
5411.927734,2.5918e-14
5416.798828,2.5783e-14
5421.669922,2.5702e-14
5426.540527,2.5679e-14
5431.411621,2.5564e-14
5436.282715,2.5537e-14
5441.154297,2.5511e-14
5446.025391,2.538e-14
5450.896484,2.5166e-14
5455.768066,2.5057e-14
5460.63916,2.5058e-14
5465.510742,2.4927e-14
5470.382324,2.5022e-14
5475.253906,2.475e-14
5480.125488,2.4643e-14
5484.99707,2.461e-14
5489.869141,2.4619e-14
5494.740723,2.4389e-14
5499.612793,2.4416e-14
5504.484375,2.4379e-14
5509.356445,2.4264e-14
5514.228516,2.4201e-14
5519.100586,2.4014e-14
5523.972656,2.3885e-14
5528.844727,2.3958e-14
5533.716797,2.3889e-14
5538.589355,2.3806e-14
5543.461426,2.3666e-14
5548.333984,2.359e-14
5553.206543,2.3498e-14
5558.079102,2.3625e-14
5562.95166,2.3435e-14
5567.824219,2.3264e-14
5572.696777,2.3155e-14
5577.569336,2.3182e-14
5582.442383,2.3116e-14
5587.314941,2.3075e-14
5592.187988,2.2876e-14
5597.060547,2.287e-14
5601.933594,2.2707e-14
5606.806641,2.262e-14
5611.679688,2.2508e-14
5616.553223,2.2504e-14
5621.42627,2.2527e-14
5626.299316,2.2345e-14
5631.172852,2.2332e-14
5636.045898,2.2156e-14
5640.919434,2.2136e-14
5645.792969,2.2174e-14
5650.666504,2.2058e-14
5655.540039,2.1896e-14
5660.413574,2.1855e-14
5665.287109,2.19e-14
5670.160645,2.1833e-14
5675.034668,2.1683e-14
5679.908203,2.1596e-14
5684.782227,2.1563e-14
5689.65625,2.1535e-14
5694.529785,2.1412e-14
5699.403809,2.1232e-14
5704.277832,2.1271e-14
5709.152344,2.1257e-14
5714.026367,2.1174e-14
5718.900391,2.1102e-14
5723.774902,2.1006e-14
5728.648926,2.1007e-14
5733.523438,2.0935e-14
5738.397949,2.0831e-14
5743.272461,2.0798e-14
5748.146973,2.0798e-14
5753.021484,2.0646e-14
5757.895996,2.0559e-14
5762.770508,2.0452e-14
5767.64502,2.037e-14
5772.52002,2.0262e-14
5777.394531,2.0289e-14
5782.269531,2.0279e-14
5787.144531,2.0299e-14
5792.019531,2.0151e-14
5796.894531,2.0086e-14
5801.769531,2.006e-14
5806.644531,1.9922e-14
5811.519531,1.9805e-14
5816.39502,1.9806e-14
5821.27002,1.9679e-14
5826.145508,1.9699e-14
5831.020508,1.9583e-14
5835.895996,1.9507e-14
5840.771484,1.9438e-14
5845.646973,1.9333e-14
5850.522461,1.9298e-14
5855.397949,1.9246e-14
5860.273438,1.9193e-14
5865.148926,1.9297e-14
5870.024902,1.9207e-14
5874.900391,1.9049e-14
5879.776367,1.9026e-14
5884.652344,1.8894e-14
5889.527832,1.8878e-14
5894.403809,1.8767e-14
5899.279785,1.8665e-14
5904.155762,1.8722e-14
5909.031738,1.8657e-14
5913.908203,1.8481e-14
5918.78418,1.8474e-14
5923.660645,1.8458e-14
5928.536621,1.8364e-14
5933.413086,1.8324e-14
5938.289062,1.8226e-14
5943.165527,1.8166e-14
5948.041992,1.8145e-14
5952.918457,1.8091e-14
5957.794922,1.801e-14
5962.671387,1.7962e-14
5967.54834,1.7997e-14
5972.424805,1.7901e-14
5977.30127,1.7836e-14
5982.178223,1.7698e-14
5987.055176,1.7674e-14
5991.931641,1.7557e-14
5996.808594,1.7628e-14
6001.685547,1.7664e-14
6006.5625,1.7559e-14
6011.439453,1.7443e-14
6016.316406,1.73e-14
6021.193359,1.7304e-14
6026.070801,1.7281e-14
6030.947754,1.726e-14
6035.825195,1.7072e-14
6040.702148,1.7028e-14
6045.57959,1.7043e-14
6050.457031,1.7097e-14
6055.334473,1.6999e-14
6060.211914,1.6862e-14
6065.089355,1.6826e-14
6069.966797,1.6757e-14
6074.844238,1.6798e-14
6079.72168,1.6695e-14
6084.599121,1.666e-14
6089.477051,1.6571e-14
6094.354492,1.6551e-14
6099.232422,1.6387e-14
6104.110352,1.6381e-14
6108.988281,1.6438e-14
6113.865723,1.6282e-14
6118.743652,1.6311e-14
6123.621582,1.6217e-14
6128.5,1.6147e-14
6133.37793,1.6151e-14
6138.255859,1.6104e-14
6143.133789,1.606e-14
6148.012207,1.6008e-14
6152.890137,1.5932e-14
6157.768555,1.5934e-14
6162.646973,1.5883e-14
6167.524902,1.5817e-14
6172.40332,1.5759e-14
6177.281738,1.5713e-14
6182.160156,1.5592e-14
6187.038574,1.5525e-14
6191.91748,1.5523e-14
6196.795898,1.5572e-14
6201.674316,1.5443e-14
6206.553223,1.5427e-14
6211.431641,1.534e-14
6216.310547,1.5383e-14
6221.188965,1.528e-14
6226.067871,1.5267e-14
6230.946777,1.5232e-14
6235.825684,1.5078e-14
6240.70459,1.4981e-14
6245.583496,1.5055e-14
6250.462402,1.4914e-14
6255.341309,1.4912e-14
6260.220215,1.4964e-14
6265.099609,1.4827e-14
6269.978516,1.4803e-14
6274.85791,1.473e-14
6279.736816,1.4761e-14
6284.616211,1.4768e-14
6289.495117,1.4631e-14
6294.374512,1.4628e-14
6299.253906,1.4519e-14
6304.133301,1.4572e-14
6309.012695,1.4639e-14
6313.89209,1.4519e-14
6318.771484,1.4319e-14
6323.651367,1.4245e-14
6328.530762,1.4102e-14
6333.410156,1.4014e-14
6338.290039,1.4003e-14
6343.169434,1.4018e-14
6348.049316,1.3968e-14
6352.929199,1.4062e-14
6357.808594,1.4051e-14
6362.688477,1.3934e-14
6367.568359,1.395e-14
6372.448242,1.3893e-14
6377.328125,1.3824e-14
6382.208008,1.3888e-14
6387.087891,1.3823e-14
6391.968262,1.371e-14
6396.848145,1.37e-14
6401.728027,1.3678e-14
6406.608398,1.3658e-14
6411.488281,1.3563e-14
6416.368652,1.3534e-14
6421.249023,1.3497e-14
6426.128906,1.346e-14
6431.009277,1.3425e-14
6435.889648,1.335e-14
6440.77002,1.3289e-14
6445.650391,1.3271e-14
6450.530762,1.3294e-14
6455.411133,1.3232e-14
6460.291504,1.3144e-14
6465.172363,1.3056e-14
6470.052734,1.295e-14
6474.933105,1.2983e-14
6479.813965,1.2981e-14
6484.694336,1.2918e-14
6489.575195,1.2834e-14
6494.456055,1.2818e-14
6499.336426,1.2838e-14
6504.217285,1.2712e-14
6509.098145,1.2692e-14
6513.979004,1.2591e-14
6518.859863,1.2448e-14
6523.740723,1.2367e-14
6528.621582,1.23e-14
6533.502441,1.2145e-14
6538.383789,1.2011e-14
6543.264648,1.1846e-14
6548.145508,1.161e-14
6553.026855,1.1461e-14
6557.907715,1.1279e-14
6562.789062,1.0972e-14
6567.67041,1.0948e-14
6572.55127,1.1116e-14
6577.432617,1.1231e-14
6582.313965,1.1386e-14
6587.195312,1.1515e-14
6592.07666,1.1616e-14
6596.958008,1.1736e-14
6601.839355,1.1823e-14
6606.720703,1.1855e-14
6611.602051,1.1904e-14
6616.483398,1.1849e-14
6621.364746,1.1956e-14
6626.246582,1.1815e-14
6631.12793,1.1814e-14
6636.009766,1.18e-14
6640.891113,1.1819e-14
6645.772949,1.1741e-14
6650.654297,1.1717e-14
6655.536133,1.1673e-14
6660.417969,1.1703e-14
6665.299805,1.1734e-14
6670.181641,1.1688e-14
6675.063477,1.1665e-14
6679.945312,1.1597e-14
6684.827148,1.1549e-14
6689.708984,1.1474e-14
6694.59082,1.1507e-14
6699.472656,1.1369e-14
6704.354492,1.1438e-14
6709.236816,1.1402e-14
6714.118652,1.14e-14
6719.000488,1.1323e-14
6723.882812,1.1299e-14
6728.764648,1.1295e-14
6733.646973,1.122e-14
6738.529297,1.1181e-14
6743.411133,1.114e-14
6748.293457,1.1192e-14
6753.175781,1.1178e-14
6758.058105,1.1124e-14
6762.94043,1.1037e-14
6767.822754,1.1036e-14
6772.705078,1.1016e-14
6777.587402,1.1006e-14
6782.469727,1.0934e-14
6787.352051,1.0912e-14
6792.234375,1.0906e-14
6797.117188,1.0836e-14
6801.999512,1.0789e-14
6806.881836,1.0772e-14
6811.764648,1.0763e-14
6816.646973,1.0738e-14
6821.529785,1.0717e-14
6826.412109,1.0696e-14
6831.294922,1.065e-14
6836.177734,1.0626e-14
6841.060059,1.0641e-14
6845.942871,1.0582e-14
6850.825684,1.0574e-14
6855.708496,1.0515e-14
6860.591309,1.0399e-14
6865.474121,1.0398e-14
6870.356934,1.0363e-14
6875.239746,1.0343e-14
6880.122559,1.0412e-14
6885.005371,1.0322e-14
6889.888184,1.0347e-14
6894.771484,1.0265e-14
6899.654297,1.0248e-14
6904.537109,1.0203e-14
6909.42041,1.0178e-14
6914.303223,1.0159e-14
6919.186035,1.0163e-14
6924.069336,1.0121e-14
6928.952637,1.0071e-14
6933.835449,1.0098e-14
6938.71875,9.9992e-15
6943.602051,9.9921e-15
6948.484863,9.9544e-15
6953.368164,9.9253e-15
6958.251465,9.8863e-15
6963.134766,9.941e-15
6968.018066,9.9349e-15
6972.901367,9.8794e-15
6977.784668,9.8262e-15
6982.667969,9.8545e-15
6987.55127,9.8282e-15
6992.43457,9.7446e-15
6997.317871,9.7526e-15
7002.201172,9.7326e-15
7007.084961,9.6417e-15
7011.968262,9.6505e-15
7016.851562,9.61e-15
7021.735352,9.5846e-15
7026.618652,9.5664e-15
7031.501953,9.5087e-15
7036.385742,9.4935e-15
7041.269043,9.4866e-15
7046.152832,9.509e-15
7051.036621,9.4635e-15
7055.919922,9.4553e-15
7060.803711,9.4288e-15
7065.6875,9.3831e-15
7070.570801,9.3211e-15
7075.45459,9.3378e-15
7080.338379,9.2816e-15
7085.222168,9.2214e-15
7090.105957,9.1662e-15
7094.989746,9.1903e-15
7099.873535,9.1642e-15
7104.757324,9.1597e-15
7109.641113,9.1308e-15
7114.524902,9.0989e-15
7119.408691,9.0874e-15
7124.29248,9.0141e-15
7129.17627,9.0814e-15
7134.060547,9.055e-15
7138.944336,9.0367e-15
7143.828125,8.9263e-15
7148.712402,8.8883e-15
7153.596191,8.9164e-15
7158.47998,8.8652e-15
7163.364258,8.8789e-15
7168.248047,8.8795e-15
7173.132324,8.8687e-15
7178.016113,8.8198e-15
7182.900391,8.764e-15
7187.784668,8.7479e-15
7192.668457,8.734e-15
7197.552734,8.7672e-15
7202.437012,8.6942e-15
7207.320801,8.6989e-15
7212.205078,8.6639e-15
7217.089355,8.6098e-15
7221.973633,8.6282e-15
7226.857422,8.5901e-15
7231.741699,8.554e-15
7236.625977,8.5513e-15
7241.510254,8.5578e-15
7246.394531,8.5141e-15
7251.278809,8.4879e-15
7256.163086,8.4643e-15
7261.047363,8.4255e-15
7265.931641,8.4326e-15
7270.815918,8.3716e-15
7275.700684,8.3687e-15
7280.584961,8.349e-15
7285.469238,8.3358e-15
7290.353516,8.2898e-15
7295.238281,8.2756e-15
7300.122559,8.2583e-15
7305.006836,8.212e-15
7309.891113,8.201e-15
7314.775879,8.341e-15
7319.660156,8.2015e-15
7324.544922,8.1185e-15
7329.429199,8.1339e-15
7334.313965,8.1328e-15
7339.198242,8.065e-15
7344.083008,8.12e-15
7348.967285,8.106e-15
7353.852051,8.0089e-15
7358.736328,8.0116e-15
7363.621094,7.9865e-15
7368.505371,7.9817e-15
7373.390137,7.9239e-15
7378.274902,7.9595e-15
7383.159668,7.9371e-15
7388.043945,7.937e-15
7392.928711,7.9112e-15
7397.813477,7.8522e-15
7402.698242,7.7975e-15
7407.58252,7.8079e-15
7412.467285,7.756e-15
7417.352051,7.7724e-15
7422.236816,7.7491e-15
7427.121582,7.7351e-15
7432.006348,7.7223e-15
7436.891113,7.6845e-15
7441.775879,7.6912e-15
7446.660645,7.6685e-15
7451.54541,7.6407e-15
7456.430176,7.6459e-15
7461.314941,7.5942e-15
7466.199707,7.5693e-15
7471.084473,7.5619e-15
7475.969238,7.5495e-15
7480.854004,7.5087e-15
7485.73877,7.5016e-15
7490.623535,7.4739e-15
7495.508789,7.4585e-15
7500.393555,7.4608e-15
7505.27832,7.4564e-15
7510.163086,7.4298e-15
7515.047852,7.4304e-15
7519.933105,7.4161e-15
7524.817871,7.3736e-15
7529.702637,7.3156e-15
7534.587891,7.4149e-15
7539.472656,7.3037e-15
7544.357422,7.2957e-15
7549.242676,7.2617e-15
7554.127441,7.2425e-15
7559.012207,7.2584e-15
7563.897461,7.2163e-15
7568.782227,7.2162e-15
7573.666992,7.1676e-15
7578.552246,7.1944e-15
7583.437012,7.1423e-15
7588.322266,7.1313e-15
7593.207031,7.1022e-15
7598.092285,7.0674e-15
7602.977051,7.0283e-15
7607.862305,7.0529e-15
7612.74707,7.0292e-15
7617.632324,7.0056e-15
7622.51709,7.0086e-15
7627.402344,6.9895e-15
7632.287598,6.954e-15
7637.172363,6.9201e-15
7642.057617,6.9255e-15
7646.942383,7.0069e-15
7651.827637,7.0128e-15
7656.712891,6.9105e-15
7661.597656,6.8481e-15
7666.48291,6.8002e-15
7671.367676,6.8009e-15
7676.25293,6.7761e-15
7681.138184,6.7778e-15
7686.022949,6.8057e-15
7690.908203,6.7085e-15
7695.793457,6.7154e-15
7700.678711,6.7828e-15
7705.563477,6.7024e-15
7710.44873,6.7151e-15
7715.333984,6.6744e-15
7720.21875,6.6439e-15
7725.104004,6.6493e-15
7729.989258,6.6382e-15
7734.874512,6.6074e-15
7739.759277,6.6596e-15
7744.644531,6.59e-15
7749.529785,6.5649e-15
7754.415039,6.5532e-15
7759.299805,6.5546e-15
7764.185059,6.5442e-15
7769.070312,6.5057e-15
7773.955566,6.5043e-15
7778.84082,6.4447e-15
7783.725586,6.3613e-15
7788.61084,6.3722e-15
7793.496094,6.394e-15
7798.381348,6.385e-15
7803.266602,6.3875e-15
7808.151367,6.3477e-15
7813.036621,6.3729e-15
7817.921875,6.3507e-15
7822.807129,6.3452e-15
7827.692383,6.285e-15
7832.577148,6.3286e-15
7837.462402,6.3242e-15
7842.347656,6.2382e-15
7847.23291,6.2394e-15
7852.118164,6.2563e-15
7857.003418,6.2405e-15
7861.888184,6.2907e-15
7866.773438,6.2459e-15
7871.658691,6.222e-15
7876.543945,6.1651e-15
7881.429199,6.1946e-15
7886.313965,6.1112e-15
7891.199219,6.0723e-15
7896.084473,6.086e-15
7900.969727,6.1086e-15
7905.85498,6.1311e-15
7910.740234,6.0757e-15
7915.625,6.0548e-15
7920.510254,6.0591e-15
7925.395508,6.0137e-15
7930.280762,6.0514e-15
7935.166016,6.0216e-15
7940.050781,5.9977e-15
7944.936035,5.9626e-15
7949.821289,5.948e-15
7954.706543,5.9425e-15
7959.591309,5.988e-15
7964.476562,5.9455e-15
7969.361816,5.8735e-15
7974.24707,5.8398e-15
7979.131836,5.8754e-15
7984.01709,5.8763e-15
7988.902344,5.8658e-15
7993.787598,5.8077e-15
7998.672363,5.7829e-15
8003.557617,5.7932e-15
8008.442871,5.8414e-15
8013.328125,5.7899e-15
8018.212891,5.7425e-15
8023.098145,5.7678e-15
8027.983398,5.7869e-15
8032.868164,5.7419e-15
8037.753418,5.7196e-15
8042.638672,5.6892e-15
8047.523438,5.707e-15
8052.408691,5.6949e-15
8057.293945,5.643e-15
8062.178711,5.5977e-15
8067.063965,5.6118e-15
8071.94873,5.6191e-15
8076.833984,5.6007e-15
8081.719238,5.6184e-15
8086.604004,5.6021e-15
8091.489258,5.5316e-15
8096.374023,5.5524e-15
8101.259277,5.5011e-15
8106.144043,5.5403e-15
8111.029297,5.4987e-15
8115.914062,5.457e-15
8120.799316,5.4703e-15
8125.684082,5.4458e-15
8130.569336,5.4807e-15
8135.454102,5.4279e-15
8140.339355,5.4008e-15
8145.224121,5.4148e-15
8150.108887,5.3893e-15
8154.994141,5.3986e-15
8159.878906,5.3694e-15
8164.76416,5.3822e-15
8169.648926,5.3839e-15
8174.533691,5.3817e-15
8179.418945,5.3333e-15
8184.303711,5.3386e-15
8189.188477,5.2851e-15
8194.073242,5.2739e-15
8198.958008,5.2724e-15
8203.84375,5.268e-15
8208.728516,5.2585e-15
8213.613281,5.2437e-15
8218.498047,5.2377e-15
8223.382812,5.2511e-15
8228.267578,5.2054e-15
8233.152344,5.1577e-15
8238.037109,5.2201e-15
8242.921875,5.2216e-15
8247.806641,5.1461e-15
8252.691406,5.1218e-15
8257.576172,5.1429e-15
8262.460938,5.1443e-15
8267.345703,5.082e-15
8272.230469,5.1375e-15
8277.115234,5.114e-15
8282.0,5.1013e-15
8286.884766,5.101e-15
8291.769531,5.0719e-15
8296.654297,5.0994e-15
8301.539062,5.047e-15
8306.423828,4.9864e-15
8311.308594,5.0511e-15
8316.193359,5.0076e-15
8321.078125,4.9831e-15
8325.962891,4.9971e-15
8330.84668,4.9634e-15
8335.731445,4.9627e-15
8340.616211,4.9334e-15
8345.500977,4.9191e-15
8350.385742,4.9733e-15
8355.270508,4.8905e-15
8360.154297,4.882e-15
8365.039062,4.8842e-15
8369.923828,4.8512e-15
8374.808594,4.8683e-15
8379.692383,4.9623e-15
8384.577148,4.8695e-15
8389.461914,5.1211e-15
8394.34668,4.813e-15
8399.230469,4.7975e-15
8404.115234,4.7815e-15
8409.0,4.7436e-15
8413.883789,4.7726e-15
8418.768555,4.7344e-15
8423.65332,4.7265e-15
8428.537109,4.6979e-15
8433.421875,4.7576e-15
8438.305664,4.7965e-15
8443.19043,4.7807e-15
8448.075195,4.6818e-15
8452.958984,4.6368e-15
8457.84375,4.6807e-15
8462.727539,4.7004e-15
8467.612305,4.7238e-15
8472.496094,4.7585e-15
8477.380859,4.6635e-15
8482.264648,4.6591e-15
8487.148438,4.6466e-15
8492.033203,4.6231e-15
8496.916992,4.6396e-15
8501.801758,4.5961e-15
8506.685547,4.5899e-15
8511.569336,4.5824e-15
8516.454102,4.5907e-15
8521.337891,4.5712e-15
8526.222656,4.5971e-15
8531.106445,4.5135e-15
8535.990234,4.5399e-15
8540.874023,4.4854e-15
8545.758789,4.5074e-15
8550.642578,4.5032e-15
8555.526367,4.4541e-15
8560.410156,4.4218e-15
8565.293945,4.4658e-15
8570.178711,4.4505e-15
8575.0625,4.4479e-15
8579.946289,4.4557e-15
8584.830078,4.4502e-15
8589.713867,4.4386e-15
8594.597656,4.4256e-15
8599.481445,4.3858e-15
8604.365234,4.4335e-15
8609.249023,4.3868e-15
8614.132812,4.364e-15
8619.016602,4.3669e-15
8623.900391,4.3823e-15
8628.78418,4.2633e-15
8633.667969,4.3046e-15
8638.551758,4.3112e-15
8643.435547,4.2605e-15
8648.319336,4.2943e-15
8653.203125,4.2902e-15
8658.086914,4.2893e-15
8662.970703,4.4661e-15
8667.853516,4.348e-15
8672.737305,4.237e-15
8677.621094,4.2748e-15
8682.504883,4.235e-15
8687.387695,4.2994e-15
8692.271484,4.2987e-15
8697.155273,4.2769e-15
8702.038086,4.232e-15
8706.921875,4.2342e-15
8711.805664,4.2306e-15
8716.688477,4.1675e-15
8721.572266,4.1585e-15
8726.456055,4.1584e-15
8731.338867,4.1467e-15
8736.222656,4.1198e-15
8741.105469,4.1663e-15
8745.989258,4.0665e-15
8750.87207,4.1234e-15
8755.754883,4.0977e-15
8760.638672,4.0887e-15
8765.521484,4.1511e-15
8770.405273,4.2313e-15
8775.288086,4.078e-15
8780.170898,4.0581e-15
8785.054688,4.0337e-15
8789.9375,4.0284e-15
8794.820312,4.1176e-15
8799.703125,4.0232e-15
8804.586914,4.0364e-15
8809.469727,4.0246e-15
8814.352539,3.9961e-15
8819.235352,4.0108e-15
8824.118164,4.0517e-15
8829.000977,3.9575e-15
8833.884766,3.9342e-15
8838.767578,3.9686e-15
8843.650391,3.9585e-15
8848.533203,3.9481e-15
8853.416016,3.9191e-15
8858.298828,3.9159e-15
8863.181641,3.863e-15
8868.063477,3.8526e-15
8872.946289,3.8546e-15
8877.829102,3.8919e-15
8882.711914,3.8894e-15
8887.594727,3.8813e-15
8892.477539,3.8743e-15
8897.359375,3.8406e-15
8902.242188,3.8742e-15
8907.125,3.9597e-15
8912.007812,3.9149e-15
8916.889648,3.9235e-15
8921.772461,3.8824e-15
8926.655273,3.7886e-15
8931.537109,3.8101e-15
8936.419922,3.7666e-15
8941.301758,3.7978e-15
8946.18457,3.7623e-15
8951.066406,3.7545e-15
8955.949219,3.765e-15
8960.831055,3.7349e-15
8965.713867,3.7361e-15
8970.595703,3.737e-15
8975.477539,3.6907e-15
8980.360352,3.6825e-15
8985.242188,3.6926e-15
8990.124023,3.7798e-15
8995.005859,3.7576e-15
8999.888672,3.706e-15
9004.770508,3.7229e-15
9009.652344,3.7066e-15
9014.53418,3.6548e-15
9019.416016,3.6634e-15
9024.297852,3.6486e-15
9029.179688,3.6464e-15
9034.061523,3.6594e-15
9038.943359,3.6318e-15
9043.825195,3.571e-15
9048.707031,3.5723e-15
9053.588867,3.5993e-15
9058.470703,3.6073e-15
9063.352539,3.65e-15
9068.234375,3.6109e-15
9073.116211,3.5926e-15
9077.99707,3.5947e-15
9082.878906,3.5313e-15
9087.760742,3.5654e-15
9092.642578,3.5298e-15
9097.523438,3.485e-15
9102.405273,3.5183e-15
9107.286133,3.5524e-15
9112.167969,3.5363e-15
9117.048828,3.4732e-15
9121.930664,3.5221e-15
9126.811523,3.4577e-15
9131.693359,3.4628e-15
9136.574219,3.5215e-15
9141.456055,3.4937e-15
9146.336914,3.4691e-15
9151.217773,3.4807e-15
9156.099609,3.454e-15
9160.980469,3.4724e-15
9165.861328,3.4412e-15
9170.742188,3.3906e-15
9175.623047,3.4027e-15
9180.504883,3.3902e-15
9185.385742,3.4952e-15
9190.266602,3.37e-15
9195.147461,3.407e-15
9200.02832,3.4298e-15
9204.90918,3.3952e-15
9209.790039,3.3927e-15
9214.670898,3.3727e-15
9219.551758,3.2641e-15
9224.431641,3.3115e-15
9229.3125,3.3095e-15
9234.193359,3.3228e-15
9239.074219,3.3244e-15
9243.954102,3.3335e-15
9248.834961,3.2864e-15
9253.71582,3.2842e-15
9258.595703,3.266e-15
9263.476562,3.299e-15
9268.356445,3.3116e-15
9273.237305,3.2928e-15
9278.117188,3.2717e-15
9282.998047,3.2911e-15
9287.87793,3.3483e-15
9292.758789,3.2524e-15
9297.638672,3.2753e-15
9302.518555,3.2532e-15
9307.399414,3.2339e-15
9312.279297,3.1913e-15
9317.15918,3.2194e-15
9322.039062,3.1812e-15
9326.918945,3.1758e-15
9331.798828,3.1756e-15
9336.678711,3.204e-15
9341.558594,3.1869e-15
9346.438477,3.1827e-15
9351.318359,3.1612e-15
9356.198242,3.1649e-15
9361.078125,3.1898e-15
9365.958008,3.1627e-15
9370.837891,3.1583e-15
9375.717773,3.1768e-15
9380.59668,3.1789e-15
9385.476562,3.1595e-15
9390.356445,3.1631e-15
9395.235352,3.1902e-15
9400.115234,3.1627e-15
9404.995117,3.1246e-15
9409.874023,3.0587e-15
9414.753906,3.1046e-15
9419.632812,3.0524e-15
9424.511719,3.0364e-15
9429.391602,3.035e-15
9434.270508,3.0732e-15
9439.149414,3.0727e-15
9444.029297,3.0999e-15
9448.908203,3.1235e-15
9453.787109,3.2246e-15
9458.666016,3.0501e-15
9463.544922,3.0009e-15
9468.423828,3.0266e-15
9473.302734,3.0317e-15
9478.181641,3.0183e-15
9483.060547,3.0061e-15
9487.939453,2.935e-15
9492.818359,2.9724e-15
9497.697266,3.0093e-15
9502.576172,2.9781e-15
9507.454102,2.9632e-15
9512.333008,2.9493e-15
9517.211914,3.1375e-15
9522.089844,2.9645e-15
9526.96875,2.9553e-15
9531.847656,2.9519e-15
9536.725586,2.9023e-15
9541.604492,2.893e-15
9546.482422,2.9168e-15
9551.360352,2.9083e-15
9556.239258,2.9145e-15
9561.117188,2.9616e-15
9565.995117,2.8244e-15
9570.874023,2.8911e-15
9575.751953,2.9312e-15
9580.629883,2.8536e-15
9585.507812,2.8407e-15
9590.385742,2.8729e-15
9595.263672,2.916e-15
9600.141602,2.877e-15
9605.019531,2.8819e-15
9609.897461,2.8382e-15
9614.775391,2.8394e-15
9619.65332,2.8118e-15
9624.530273,2.8313e-15
9629.408203,2.8185e-15
9634.286133,2.8016e-15
9639.163086,2.8109e-15
9644.041016,2.8147e-15
9648.918945,2.7844e-15
9653.795898,2.787e-15
9658.673828,2.8372e-15
9663.550781,2.8265e-15
9668.427734,2.8285e-15
9673.305664,2.8844e-15
9678.182617,2.7889e-15
9683.05957,2.8478e-15
9687.9375,2.8167e-15
9692.814453,2.7714e-15
9697.691406,2.805e-15
9702.568359,2.8004e-15
9707.445312,2.832e-15
9712.322266,2.8782e-15
9717.199219,2.7841e-15
9722.076172,2.7216e-15
9726.953125,2.708e-15
9731.830078,2.7448e-15
9736.706055,2.7179e-15
9741.583008,2.703e-15
9746.459961,2.6554e-15
9751.335938,2.6627e-15
9756.212891,2.6703e-15
9761.089844,2.6474e-15
9765.96582,2.6705e-15
9770.841797,2.6555e-15
9775.71875,2.6904e-15
9780.594727,2.6432e-15
9785.47168,2.6809e-15
9790.347656,2.6675e-15
9795.223633,2.6747e-15
9800.099609,2.6376e-15
9804.975586,2.6707e-15
9809.851562,2.633e-15
9814.728516,2.6327e-15
9819.604492,2.6465e-15
9824.479492,2.5943e-15
9829.355469,2.6132e-15
9834.231445,2.6581e-15
9839.107422,2.6301e-15
9843.983398,2.6189e-15
9848.858398,2.6214e-15
9853.734375,2.5714e-15
9858.610352,2.5701e-15
9863.485352,2.5901e-15
9868.361328,2.6054e-15
9873.236328,2.584e-15
9878.112305,2.6109e-15
9882.987305,2.6002e-15
9887.862305,2.6053e-15
9892.738281,2.6069e-15
9897.613281,2.6856e-15
9902.488281,2.563e-15
9907.363281,2.4973e-15
9912.238281,2.5076e-15
9917.113281,2.5151e-15
9921.988281,2.447e-15
9926.863281,2.4354e-15
9931.738281,2.3895e-15
9936.613281,2.456e-15
9941.488281,2.5128e-15
9946.363281,2.4653e-15
9951.237305,2.5062e-15
9956.112305,2.3844e-15
9960.987305,2.5147e-15
9965.861328,2.4838e-15
9970.736328,2.6418e-15
9975.610352,2.4607e-15
9980.484375,2.6495e-15
9985.359375,2.4512e-15
9990.233398,2.4473e-15
9995.107422,2.4302e-15
9999.981445,2.4685e-15
10004.856445,2.4063e-15
10009.730469,2.4215e-15
10014.604492,2.4348e-15
10019.478516,2.3971e-15
10024.352539,2.3889e-15
10029.225586,2.3736e-15
10034.099609,2.3901e-15
10038.973633,2.4262e-15
10043.847656,2.3394e-15
10048.720703,2.3497e-15
10053.594727,2.3194e-15
10058.46875,2.318e-15
10063.341797,2.2907e-15
10068.21582,2.2625e-15
10073.088867,2.3373e-15
10077.961914,2.4483e-15
10082.835938,2.3412e-15
10087.708984,2.3142e-15
10092.582031,2.3526e-15
10097.455078,2.3768e-15
10102.328125,2.326e-15
10107.201172,2.3279e-15
10112.074219,2.3039e-15
10116.947266,2.2933e-15
10121.820312,2.4836e-15
10126.693359,2.2939e-15
10131.566406,2.2408e-15
10136.438477,2.2704e-15
10141.311523,2.2174e-15
10146.18457,2.2121e-15
10151.056641,2.2619e-15
10155.929688,2.1777e-15
10160.801758,2.1598e-15
10165.674805,2.2263e-15
10170.546875,2.0855e-15
10175.418945,2.1317e-15
10180.291016,2.0908e-15
10185.164062,2.1778e-15
10190.036133,2.2636e-15
10194.908203,2.2735e-15
10199.780273,2.4556e-15
10204.652344,2.289e-15
10209.524414,2.1696e-15
10214.395508,2.1758e-15
10219.267578,2.2682e-15
10224.139648,2.2195e-15
10229.011719,2.1905e-15
10233.882812,2.1892e-15
10238.754883,2.2112e-15
