4000.000000 0.000000
4010.000000 0.000600
4020.000000 0.001200
4030.000000 0.001800
4040.000000 0.002400
4050.000000 0.003000
4060.000000 0.003600
4070.000000 0.004200
4080.000000 0.004800
4090.000000 0.005400
4100.000000 0.006000
4110.000000 0.020400
4120.000000 0.034800
4130.000000 0.049200
4140.000000 0.063600
4150.000000 0.078000
4160.000000 0.122600
4170.000000 0.167200
4180.000000 0.211800
4190.000000 0.256400
4200.000000 0.301000
4210.000000 0.342000
4220.000000 0.383000
4230.000000 0.424000
4240.000000 0.465000
4250.000000 0.506000
4260.000000 0.527200
4270.000000 0.548400
4280.000000 0.569600
4290.000000 0.590800
4300.000000 0.612000
4310.000000 0.624800
4320.000000 0.637600
4330.000000 0.650400
4340.000000 0.663200
4350.000000 0.676000
4360.000000 0.684000
4370.000000 0.692000
4380.000000 0.700000
4390.000000 0.708000
4400.000000 0.716000
4410.000000 0.723400
4420.000000 0.730800
4430.000000 0.738200
4440.000000 0.745600
4450.000000 0.753000
4460.000000 0.759200
4470.000000 0.765400
4480.000000 0.771600
4490.000000 0.777800
4500.000000 0.784000
4510.000000 0.789800
4520.000000 0.795600
4530.000000 0.801400
4540.000000 0.807200
4550.000000 0.813000
4560.000000 0.818200
4570.000000 0.823400
4580.000000 0.828600
4590.000000 0.833800
4600.000000 0.839000
4610.000000 0.842400
4620.000000 0.845800
4630.000000 0.849200
4640.000000 0.852600
4650.000000 0.856000
4660.000000 0.860000
4670.000000 0.864000
4680.000000 0.868000
4690.000000 0.872000
4700.000000 0.876000
4710.000000 0.880000
4720.000000 0.884000
4730.000000 0.888000
4740.000000 0.892000
4750.000000 0.896000
4760.000000 0.900400
4770.000000 0.904800
4780.000000 0.909200
4790.000000 0.913600
4800.000000 0.918000
4810.000000 0.922200
4820.000000 0.926400
4830.000000 0.930600
4840.000000 0.934800
4850.000000 0.939000
4860.000000 0.941800
4870.000000 0.944600
4880.000000 0.947400
4890.000000 0.950200
4900.000000 0.953000
4910.000000 0.956600
4920.000000 0.960200
4930.000000 0.963800
4940.000000 0.967400
4950.000000 0.971000
4960.000000 0.973000
4970.000000 0.975000
4980.000000 0.977000
4990.000000 0.979000
5000.000000 0.981000
5010.000000 0.982800
5020.000000 0.984600
5030.000000 0.986400
5040.000000 0.988200
5050.000000 0.990000
5060.000000 0.991000
5070.000000 0.992000
5080.000000 0.993000
5090.000000 0.994000
5100.000000 0.995000
5110.000000 0.996000
5120.000000 0.997000
5130.000000 0.998000
5140.000000 0.999000
5150.000000 1.000000
5160.000000 0.999400
5170.000000 0.998800
5180.000000 0.998200
5190.000000 0.997600
5200.000000 0.997000
5210.000000 0.995200
5220.000000 0.993400
5230.000000 0.991600
5240.000000 0.989800
5250.000000 0.988000
5260.000000 0.986400
5270.000000 0.984800
5280.000000 0.983200
5290.000000 0.981600
5300.000000 0.980000
5310.000000 0.976000
5320.000000 0.972000
5330.000000 0.968000
5340.000000 0.964000
5350.000000 0.960000
5360.000000 0.955400
5370.000000 0.950800
5380.000000 0.946200
5390.000000 0.941600
5400.000000 0.937000
5410.000000 0.931200
5420.000000 0.925400
5430.000000 0.919600
5440.000000 0.913800
5450.000000 0.908000
5460.000000 0.901200
5470.000000 0.894400
5480.000000 0.887600
5490.000000 0.880800
5500.000000 0.874000
5510.000000 0.864800
5520.000000 0.855600
5530.000000 0.846400
5540.000000 0.837200
5550.000000 0.828000
5560.000000 0.817400
5570.000000 0.806800
5580.000000 0.796200
5590.000000 0.785600
5600.000000 0.775000
5610.000000 0.763800
5620.000000 0.752600
5630.000000 0.741400
5640.000000 0.730200
5650.000000 0.719000
5660.000000 0.706800
5670.000000 0.694600
5680.000000 0.682400
5690.000000 0.670200
5700.000000 0.658000
5710.000000 0.645200
5720.000000 0.632400
5730.000000 0.619600
5740.000000 0.606800
5750.000000 0.594000
5760.000000 0.580000
5770.000000 0.566000
5780.000000 0.552000
5790.000000 0.538000
5800.000000 0.524000
5810.000000 0.511200
5820.000000 0.498400
5830.000000 0.485600
5840.000000 0.472800
5850.000000 0.460000
5860.000000 0.446200
5870.000000 0.432400
5880.000000 0.418600
5890.000000 0.404799
5900.000000 0.390999
5910.000000 0.378600
5920.000000 0.366200
5930.000000 0.353800
5940.000000 0.341400
5950.000000 0.329001
5960.000000 0.317400
5970.000000 0.305800
5980.000000 0.294200
5990.000000 0.282600
6000.000000 0.271000
6010.000000 0.260600
6020.000000 0.250200
6030.000000 0.239800
6040.000000 0.229400
6050.000000 0.219000
6060.000000 0.209800
6070.000000 0.200600
6080.000000 0.191400
6090.000000 0.182200
6100.000000 0.173000
6110.000000 0.165400
6120.000000 0.157800
6130.000000 0.150200
6140.000000 0.142600
6150.000000 0.135000
6160.000000 0.128600
6170.000000 0.122200
6180.000000 0.115800
6190.000000 0.109400
6200.000000 0.103000
6210.000000 0.097800
6220.000000 0.092600
6230.000000 0.087400
6240.000000 0.082200
6250.000000 0.077000
6260.000000 0.073000
6270.000000 0.069000
6280.000000 0.065000
6290.000000 0.061000
6300.000000 0.057000
6310.000000 0.054000
6320.000000 0.051000
6330.000000 0.048000
6340.000000 0.045000
6350.000000 0.042000
6360.000000 0.039800
6370.000000 0.037600
6380.000000 0.035400
6390.000000 0.033200
6400.000000 0.031000
6410.000000 0.028800
6420.000000 0.026600
6430.000000 0.024400
6440.000000 0.022200
6450.000000 0.020000
6460.000000 0.018800
6470.000000 0.017600
6480.000000 0.016400
6490.000000 0.015200
6500.000000 0.014000
6510.000000 0.013600
6520.000000 0.013200
6530.000000 0.012800
6540.000000 0.012400
6550.000000 0.012000
6560.000000 0.011000
6570.000000 0.010000
6580.000000 0.009000
6590.000000 0.008000
6600.000000 0.007000
6610.000000 0.006600
6620.000000 0.006200
6630.000000 0.005800
6640.000000 0.005400
6650.000000 0.005000
6660.000000 0.004000
6670.000000 0.003000
6680.000000 0.002000
6690.000000 0.001000
