4800.000000 0.000000
4810.000000 0.000400
4820.000000 0.000800
4830.000000 0.001200
4840.000000 0.001600
4850.000000 0.002000
4860.000000 0.003200
4870.000000 0.004400
4880.000000 0.005600
4890.000000 0.006800
4900.000000 0.008000
4910.000000 0.008800
4920.000000 0.009600
4930.000000 0.010400
4940.000000 0.011200
4950.000000 0.012000
4960.000000 0.013800
4970.000000 0.015600
4980.000000 0.017400
4990.000000 0.019200
5000.000000 0.021000
5010.000000 0.023600
5020.000000 0.026200
5030.000000 0.028800
5040.000000 0.031400
5050.000000 0.034000
5060.000000 0.037400
5070.000000 0.040800
5080.000000 0.044200
5090.000000 0.047600
5100.000000 0.051000
5110.000000 0.054800
5120.000000 0.058600
5130.000000 0.062400
5140.000000 0.066200
5150.000000 0.070000
5160.000000 0.075400
5170.000000 0.080800
5180.000000 0.086200
5190.000000 0.091600
5200.000000 0.097000
5210.000000 0.105800
5220.000000 0.114600
5230.000000 0.123400
5240.000000 0.132200
5250.000000 0.141000
5260.000000 0.156400
5270.000000 0.171800
5280.000000 0.187200
5290.000000 0.202601
5300.000000 0.218001
5310.000000 0.245201
5320.000000 0.272400
5330.000000 0.299600
5340.000000 0.326799
5350.000000 0.353999
5360.000000 0.397598
5370.000000 0.441199
5380.000000 0.484799
5390.000000 0.528400
5400.000000 0.572000
5410.000000 0.612000
5420.000000 0.652000
5430.000000 0.692000
5440.000000 0.732000
5450.000000 0.772000
5460.000000 0.807800
5470.000000 0.843600
5480.000000 0.879400
5490.000000 0.915200
5500.000000 0.951000
5510.000000 0.947200
5520.000000 0.943400
5530.000000 0.939600
5540.000000 0.935800
5550.000000 0.932000
5560.000000 0.936200
5570.000000 0.940400
5580.000000 0.944600
5590.000000 0.948800
5600.000000 0.953000
5610.000000 0.954800
5620.000000 0.956600
5630.000000 0.958400
5640.000000 0.960200
5650.000000 0.962000
5660.000000 0.954800
5670.000000 0.947600
5680.000000 0.940400
5690.000000 0.933200
5700.000000 0.926000
5710.000000 0.929400
5720.000000 0.932800
5730.000000 0.936200
5740.000000 0.939600
5750.000000 0.943000
5760.000000 0.943800
5770.000000 0.944600
5780.000000 0.945400
5790.000000 0.946200
5800.000000 0.947000
5810.000000 0.945000
5820.000000 0.943000
5830.000000 0.941000
5840.000000 0.939000
5850.000000 0.937000
5860.000000 0.938800
5870.000000 0.940600
5880.000000 0.942400
5890.000000 0.944200
5900.000000 0.946000
5910.000000 0.946200
5920.000000 0.946400
5930.000000 0.946600
5940.000000 0.946800
5950.000000 0.947000
5960.000000 0.943000
5970.000000 0.939000
5980.000000 0.935000
5990.000000 0.931000
6000.000000 0.927000
6010.000000 0.925400
6020.000000 0.923800
6030.000000 0.922200
6040.000000 0.920600
6050.000000 0.919000
6060.000000 0.914800
6070.000000 0.910600
6080.000000 0.906400
6090.000000 0.902200
6100.000000 0.898000
6110.000000 0.897400
6120.000000 0.896800
6130.000000 0.896200
6140.000000 0.895600
6150.000000 0.895000
6160.000000 0.901200
6170.000000 0.907400
6180.000000 0.913600
6190.000000 0.919800
6200.000000 0.926000
6210.000000 0.929800
6220.000000 0.933600
6230.000000 0.937400
6240.000000 0.941200
6250.000000 0.945000
6260.000000 0.949200
6270.000000 0.953400
6280.000000 0.957600
6290.000000 0.961800
6300.000000 0.966000
6310.000000 0.967600
6320.000000 0.969200
6330.000000 0.970800
6340.000000 0.972400
6350.000000 0.974000
6360.000000 0.968600
6370.000000 0.963200
6380.000000 0.957800
6390.000000 0.952400
6400.000000 0.947000
6410.000000 0.951600
6420.000000 0.956200
6430.000000 0.960800
6440.000000 0.965400
6450.000000 0.970000
6460.000000 0.976000
6470.000000 0.982000
6480.000000 0.988000
6490.000000 0.994000
6500.000000 1.000000
6510.000000 0.985600
6520.000000 0.971200
6530.000000 0.956800
6540.000000 0.942399
6550.000000 0.928000
6560.000000 0.923800
6570.000000 0.919600
6580.000000 0.915400
6590.000000 0.911200
6600.000000 0.907000
6610.000000 0.922799
6620.000000 0.938600
6630.000000 0.954400
6640.000000 0.970200
6650.000000 0.986000
6660.000000 0.986800
6670.000000 0.987600
6680.000000 0.988400
6690.000000 0.989200
6700.000000 0.990000
6710.000000 0.976600
6720.000000 0.963200
6730.000000 0.949800
6740.000000 0.936400
6750.000000 0.923000
6760.000000 0.910000
6770.000000 0.897000
6780.000000 0.884000
6790.000000 0.871000
6800.000000 0.858000
6810.000000 0.842800
6820.000000 0.827600
6830.000000 0.812400
6840.000000 0.797200
6850.000000 0.782000
6860.000000 0.795400
6870.000000 0.808800
6880.000000 0.822200
6890.000000 0.835600
6900.000000 0.849000
6910.000000 0.805400
6920.000000 0.761800
6930.000000 0.718200
6940.000000 0.674600
6950.000000 0.631000
6960.000000 0.546800
6970.000000 0.462600
6980.000000 0.378400
6990.000000 0.294200
7000.000000 0.210000
7010.000000 0.186600
7020.000000 0.163200
7030.000000 0.139800
7040.000000 0.116400
7050.000000 0.093000
7060.000000 0.088600
7070.000000 0.084200
7080.000000 0.079800
7090.000000 0.075400
7100.000000 0.071000
7110.000000 0.067200
7120.000000 0.063400
7130.000000 0.059600
7140.000000 0.055800
7150.000000 0.052000
7160.000000 0.045000
7170.000000 0.038000
7180.000000 0.031000
7190.000000 0.024000
7200.000000 0.017000
7210.000000 0.014800
7220.000000 0.012600
7230.000000 0.010400
7240.000000 0.008200
7250.000000 0.006000
7260.000000 0.004800
7270.000000 0.003600
7280.000000 0.002400
7290.000000 0.001200
