3000.000000 0.000000
3010.000000 0.000600
3020.000000 0.001200
3030.000000 0.001800
3040.000000 0.002400
3050.000000 0.003000
3060.000000 0.007000
3070.000000 0.011000
3080.000000 0.015000
3090.000000 0.019000
3100.000000 0.023000
3110.000000 0.035600
3120.000000 0.048200
3130.000000 0.060800
3140.000000 0.073400
3150.000000 0.086000
3160.000000 0.109600
3170.000000 0.133200
3180.000000 0.156800
3190.000000 0.180400
3200.000000 0.204000
3210.000000 0.236400
3220.000000 0.268800
3230.000000 0.301200
3240.000000 0.333600
3250.000000 0.366000
3260.000000 0.400200
3270.000000 0.434400
3280.000000 0.468599
3290.000000 0.502799
3300.000000 0.536999
3310.000000 0.568599
3320.000000 0.600200
3330.000000 0.631800
3340.000000 0.663400
3350.000000 0.695000
3360.000000 0.721200
3370.000000 0.747400
3380.000000 0.773600
3390.000000 0.799800
3400.000000 0.826000
3410.000000 0.845400
3420.000000 0.864800
3430.000000 0.884200
3440.000000 0.903600
3450.000000 0.923000
3460.000000 0.935400
3470.000000 0.947800
3480.000000 0.960200
3490.000000 0.972600
3500.000000 0.985000
3510.000000 0.986400
3520.000000 0.987800
3530.000000 0.989200
3540.000000 0.990600
3550.000000 0.992000
3560.000000 0.981000
3570.000000 0.970000
3580.000000 0.959000
3590.000000 0.948000
3600.000000 0.937000
3610.000000 0.910600
3620.000000 0.884200
3630.000000 0.857800
3640.000000 0.831400
3650.000000 0.805000
3660.000000 0.763000
3670.000000 0.721000
3680.000000 0.679000
3690.000000 0.637000
3700.000000 0.595000
3710.000000 0.542400
3720.000000 0.489800
3730.000000 0.437200
3740.000000 0.384600
3750.000000 0.332000
3760.000000 0.288200
3770.000000 0.244400
3780.000000 0.200600
3790.000000 0.156800
3800.000000 0.113000
3810.000000 0.093400
3820.000000 0.073800
3830.000000 0.054200
3840.000000 0.034600
3850.000000 0.015000
3860.000000 0.012000
3870.000000 0.009000
3880.000000 0.006000
3890.000000 0.003000
