wave flux
90.9000015258789 0.0
93.5 0.0
96.0999984741211 0.0
97.69999694824219 0.0
99.5999984741211 0.0
102.0 0.0
103.80000305175781 0.0
105.5999984741211 0.0
107.69999694824219 0.0
110.4000015258789 0.0
114.0 0.0
117.80000305175781 0.0
121.30000305175781 0.0
124.80000305175781 0.0
127.0999984741211 0.0
128.39999389648438 0.0
130.5 0.0
132.39999389648438 0.0
133.89999389648438 0.0
136.60000610351562 0.0
139.8000030517578 1.7079999164694023e-23
143.3000030517578 3.117100092142087e-22
147.1999969482422 2.462761940854051e-21
151.0 1.6105839853161223e-20
155.1999969482422 1.1471940044450505e-19
158.8000030517578 5.684230044719856e-19
162.0 2.2252800460816416e-18
166.0 1.1409029741068055e-17
170.3000030517578 6.067030120098952e-17
173.39999389648438 1.9282999150532388e-16
176.8000030517578 6.540179561592186e-16
180.1999969482422 2.121640147287389e-15
181.6999969482422 3.5170202156907827e-15
186.10000610351562 1.4826200259416105e-14
191.0 6.821840036659137e-14
193.89999389648438 1.6227100985931046e-13
198.39999389648438 5.934120299863589e-13
201.8000030517578 1.5257699904587708e-12
205.0 3.6150300251662817e-12
210.5 1.4960900543147985e-11
216.1999969482422 6.060809772422283e-11
219.8000030517578 1.4148500856073678e-10
223.0 2.935469897127199e-10
226.8000030517578 6.813099850117668e-10
230.0 3.173730326262431e-09
234.0 8.281430207709318e-09
240.0 2.7152500830418417e-08
246.5 9.119780929658655e-08
252.39999389648438 2.6046900954333623e-07
256.79998779296875 5.430040089423874e-07
260.0 9.366599785909057e-07
264.0 1.78227003097868e-06
268.5 3.5842899332619063e-06
273.5 7.5747002701672585e-06
278.5 1.563780064751482e-05
284.0 3.374780055131449e-05
290.0 7.518100183543854e-05
296.0 0.00016188701325501744
301.0 0.00029998001858282434
308.0 0.0006812999632351193
318.0 0.002113579997424769
328.0 0.005998100363288905
338.0 0.016166100751845765
348.0 0.04086660012826163
357.0 0.09101799660581707
366.0 0.19353301142559406
375.0 0.39161801238916516
385.0 0.828040040694513
395.0 1.6778300660002827
405.0 3.2822200078435118
414.0 5.839599790940034
422.0 9.492999911562933
430.0 15.132601016052844
441.0 28.111399726187223
451.0 47.9099994784301
460.0 75.57800340118395
470.0 123.06700401012327
480.0 195.57999553250892
490.0 305.2299931808448
500.0 466.70999413410703
506.0 3930.900036936603
512.0 21463.100370912616
520.0 27870.19955287976
530.0 40509.999253387025
540.0 47872.99976883871
550.0 73376.0028361372
560.0 92573.99998404991
570.0 122738.99983091679
580.0 129559.00216914061
590.0 183342.99449433928
600.0 237225.01191565572
610.0 303199.98974320095
620.0 362340.0013430249
630.0 439480.00929014786
640.0 498480.0164367032
650.0 536480.006217561
658.0 710980.0139699349
665.0 789580.0420089783
675.0 905790.0309182946
685.0 1045940.0926239002
695.0 1276000.088291002
705.0 1452070.0778437818
716.0 1701290.1088951654
726.0 1924210.0553575852
735.0 2146700.0441958103
745.0 2504300.1523698843
755.0 2851300.048235383
765.0 3230299.864840798
775.0 3656600.063472169
785.0 4114800.2443997553
795.0 4527900.003590386
805.0 5015899.847264875
815.0 5497999.943312644
825.0 6174399.885074308
835.0 6532400.371750783
845.0 7272299.822513353
855.0 7967499.715703224
865.0 8785000.168413185
875.0 9704000.110275097
885.0 10742000.122983154
895.0 11668199.726514166
905.0 12145500.446785413
915.0 22083000.46770016
925.0 106619000.02813742
935.0 333600011.21416664
945.0 1244680041.5226092
955.0 2608000050.870889
965.0 3546099993.121238
975.0 565099984.4492285
985.0 4244500182.6310153
995.0 4308500347.689594
1005.0 5329799834.647074
1015.0 4754100007.084307
1025.0 947749993.9478471
1035.0 2856900098.955885
1045.0 6623000582.219406
1055.0 6493800453.110628
1065.0 5105499709.061382
1075.0 6330800094.011939
1085.0 5478900321.348459
1095.0 6432200415.10106
1105.0 5565100094.281537
1115.0 5252100334.916895
1125.0 4913199926.869338
1135.0 6326800303.600467
1145.0 5497399930.452999
1155.0 5882099857.466549
1165.0 6165099978.868774
1175.0 4506999979.056959
1185.0 6210200084.578337
1195.0 4110799845.7217083
1205.0 2250300043.013782
1215.0 861090048.2737299
1225.0 3400000039.490656
1235.0 5814299950.287734
1245.0 6193800161.963772
1255.0 6042199907.953881
1265.0 5445699751.919325
1275.0 5935899925.470795
1285.0 6141700363.126805
1295.0 3923100168.423568
1305.0 3614999950.7664256
1315.0 5744299867.025362
1325.0 5410699899.622478
1335.0 4697999835.261579
1345.0 5546100004.743959
1355.0 5339599767.388942
1365.0 4726500265.744085
1375.0 4815699802.994477
1385.0 4883900388.235993
1395.0 4245500053.4439964
1405.0 4472200100.131514
1415.0 4370200069.2686405
1425.0 4493499993.288835
1435.0 4500499968.059942
1442.0 4691400256.504179
1447.0 4621600188.771001
1455.0 4507699996.881916
1465.0 4193600179.197957
1475.0 4177200149.785347
1485.0 4103000281.100741
1495.0 4092900038.3717265
1505.0 3793900034.9828067
1512.0 3399400184.761581
1517.0 3583100195.287208
1525.0 3654099938.0305705
1535.0 3255800024.8956356
1545.0 3351699861.6172204
1555.0 3173900060.2653856
1565.0 3244500072.347331
1575.0 3420299997.425517
1585.0 3454300104.475867
1595.0 3484400184.8698764
1605.0 3421600041.1753006
1615.0 3422900216.242647
1625.0 3262399843.505518
1635.0 3427100217.4855895
1645.0 3404800064.859424
1655.0 3183000029.4348307
1665.0 3435400125.628954
1672.0 3281100021.953052
1677.0 3360500247.5791655
1685.0 3415099942.462638
1695.0 3221700031.4517536
1705.0 3064800103.5650673
1715.0 2880399783.1129274
1725.0 2848499916.489025
1735.0 2997200229.2633133
1745.0 2880599909.79794
1755.0 2986800030.1238165
1765.0 2773200109.72246
1775.0 2773499992.991976
1785.0 2807699994.306926
1795.0 2922200029.407149
1805.0 2919800119.9736753
1815.0 2630100076.847232
1825.0 2735999924.16793
1835.0 2604500029.6575494
1845.0 2404199969.454759
1855.0 2311199924.5829535
1865.0 2366800005.656691
1875.0 2584100007.556772
1885.0 2321200178.885365
1895.0 2172699986.2228436
1905.0 2359499966.007998
1915.0 2205600045.45797
1925.0 2142300040.1636825
1935.0 2238500149.633674
1945.0 2268400135.171538
1955.0 2087299929.664305
1967.0 2270599979.41343
1976.0 2349900105.4527225
1984.0 2181300016.547263
1995.0 2120800168.8165498
2005.0 2191100065.3696494
2015.0 2110199963.9410136
2025.0 2235099883.218115
2035.0 2051899989.6817312
2045.0 2089900065.17581
2055.0 2007300010.5033605
2065.0 2034600023.2438588
2074.0 2128799955.5349061
2078.0 1957700123.7860458
2085.0 2046200155.6197178
2095.0 1924800173.5139644
2105.0 1967200072.0736907
2115.0 1965899961.4788587
2125.0 1995100052.4097297
2135.0 1920699989.2041252
2145.0 1865700039.9674308
2155.0 1933299926.4135165
2165.0 1895400056.7920117
2175.0 1872900060.0364552
2185.0 1813799923.467371
2195.0 1852600144.9490075
2205.0 1810499972.0163517
2215.0 1762999940.3550553
2225.0 1698099973.445693
2235.0 1747199997.1658368
2245.0 1719500120.8605711
2255.0 1651700019.8421113
2265.0 1686600091.9226665
2275.0 1687300038.770531
2285.0 1693600029.5076458
2295.0 1619299973.8764944
2305.0 1608399967.5795038
2315.0 1554399923.703254
2325.0 1535200064.3537738
2335.0 1471500031.7010639
2345.0 1451199912.6785638
2355.0 1473200102.0613756
2365.0 1426100067.922527
2375.0 1430600026.4963589
2385.0 1382600032.4465086
2395.0 1426800072.9035778
2405.0 1367899938.1643918
2415.0 1376900019.396135
2425.0 1389200036.793279
2435.0 1330600044.494831
2445.0 1360500031.5875714
2455.0 1347000025.8218346
2465.0 1324000072.2949376
2475.0 1294300040.4812129
2485.0 1321800048.468154
2495.0 1273700051.051104
2505.0 1305200063.4282296
2513.0 1237799988.394029
2518.0 1278800061.4369318
2525.0 1229700071.0096796
2535.0 1219500084.0999138
2545.0 1187999993.8349426
2555.0 1220100053.4831562
2565.0 1201300118.0864074
2575.0 1224600020.739798
2585.0 1218899981.7767787
2595.0 1211100044.0007596
2605.0 1188799951.7409027
2615.0 1178399987.0429971
2625.0 1169600036.7874324
2635.0 1165200126.3280149
2645.0 1182100036.8828812
2655.0 1172100003.7994874
2665.0 1133779926.9373279
2675.0 1144899944.4749422
2685.0 1133959976.280277
2695.0 1107030014.398354
2705.0 1104539922.9443438
2715.0 1084600005.547779
2725.0 1069679987.7920859
2735.0 1082219920.429083
2745.0 1030330053.53075
2755.0 1026270021.6192478
2765.0 1028140013.1181915
2775.0 1040750033.5433335
2785.0 1029190053.3178341
2795.0 985360064.6022732
2805.0 1005239975.5149121
2815.0 1008660066.621795
2825.0 991620002.2231243
2835.0 953750008.5896807
2845.0 952190053.1261647
2855.0 952850030.7487838
2865.0 961850017.3616056
2875.0 945069996.727179
2885.0 940289954.2985793
2895.0 932550020.0285772
2910.0 925459990.7302612
2930.0 902800027.8520055
2950.0 881269997.4440316
2970.0 872899952.4332817
2990.0 854129987.7575244
3010.0 842979982.3086464
3030.0 833849981.2369139
3050.0 816930039.6907092
3070.0 802080008.8268354
3090.0 787159987.3924282
3110.0 772820023.5390487
3130.0 761080021.2310044
3150.0 747759984.4353698
3170.0 732949983.5599905
3190.0 712729979.8787897
3210.0 707650054.7410973
3230.0 696510019.5670733
3250.0 685170045.9066356
3270.0 674360007.8717635
3290.0 662679987.2994092
3310.0 653089979.7564523
3330.0 641590006.2074473
3350.0 629390019.7859546
3370.0 619799986.6323
3390.0 609910023.7579705
3410.0 600350004.8710198
3430.0 588530004.2867295
3450.0 577520042.9235584
3470.0 569150001.2108036
3490.0 559960014.6611642
3510.0 552519990.9294162
3530.0 544650018.7058545
3550.0 536170021.36405766
3570.0 529480002.4183026
3590.0 517760002.23117983
3610.0 510209991.74376476
3630.0 502509997.3942919
3640.0 501249978.8229768
3650.0 494789972.7762009
3670.0 489100002.10381234
3690.0 477290011.1847106
3710.0 463750000.61428815
3730.0 449920002.8764503
3750.0 494560010.93409455
3770.0 503040005.362597
3790.0 542810035.0006278
3810.0 574430016.2179359
3830.0 491700005.93920046
3850.0 595400025.3235983
3870.0 606870018.5529816
3890.0 462650006.9776662
3910.0 603249980.2212485
3930.0 588790007.4767089
3950.0 583989962.7587582
3970.0 431740018.21211773
3990.0 558620031.134621
4010.0 561569994.522139
4030.0 526750021.4605309
4050.0 549679981.8277004
4070.0 532900004.5508158
4090.0 484199985.29935235
4110.0 414230019.68869936
4130.0 499350006.36473244
4150.0 498589990.8891805
4170.0 495849997.8444255
4190.0 491610000.42566156
4210.0 485260013.14886457
4230.0 476420015.6028896
4250.0 467850022.05359757
4270.0 454189987.1820666
4290.0 452160003.4028377
4310.0 441389994.3171612
4330.0 390369996.3261217
4350.0 351980001.61644495
4370.0 418710015.7735265
4390.0 406400009.5209085
4410.0 411880015.42072856
4430.0 404030008.26966816
4450.0 401319988.89353836
4470.0 377220004.8553589
4490.0 385510020.9485012
4510.0 383999998.1324241
4530.0 376739999.57462656
4550.0 371560002.6340379
4570.0 366600009.062094
4590.0 361220006.9126089
4610.0 355220020.5758925
4630.0 349070002.35392237
4650.0 343739995.663755
4670.0 340109997.43782943
4690.0 336000004.2269568
4710.0 324150012.5631348
4730.0 323479999.5068862
4750.0 318670004.2963196
4770.0 317540008.25590605
4790.0 312220002.3082494
4810.0 305530004.2146466
4830.0 299689992.99985915
4850.0 271560008.96631396
4870.0 238890009.43248132
4890.0 286620006.1454723
4910.0 285170007.72856224
4930.0 274719996.7190169
4950.0 278740001.0068984
4970.0 275430007.940144
4990.0 271150002.2317293
5010.0 261170008.494235
5030.0 262860005.3039946
5050.0 255700005.8369614
5070.0 256569993.64804742
5090.0 252890014.9568998
5110.0 248879998.46577373
5130.0 244849999.2410408
5150.0 241450014.4451343
5170.0 239550012.38859925
5190.0 236470008.40997067
5210.0 231089996.8700295
5230.0 230150002.08876282
5250.0 227340013.68500227
5270.0 224000001.06708002
5290.0 221720011.87173226
5310.0 218580011.50222427
5330.0 215500007.54036656
5350.0 212189995.3274561
5370.0 210450001.2173636
5390.0 207709996.59098142
5410.0 204870004.72642478
5430.0 201590001.98631188
5450.0 199380005.45891422
5470.0 196739999.96217886
5490.0 194800004.07998294
5510.0 192160005.88106182
5530.0 189779999.71854004
5550.0 187610001.66682848
5570.0 185170000.50176397
5590.0 182960005.1262914
5610.0 180419998.3090607
5630.0 178679996.0507587
5650.0 174969999.963875
5670.0 173060006.82300353
5690.0 171449999.8293682
5710.0 169850002.922395
5730.0 167880004.12649792
5750.0 165770002.3242991
5770.0 163900004.78269228
5790.0 161929999.91237998
5810.0 159920002.66974
5830.0 157979999.94526932
5850.0 156140005.9549715
5870.0 149780006.20364404
5890.0 151490007.40768602
5910.0 150590005.24570853
5930.0 148850000.58695382
5950.0 146579996.02295357
5970.0 145410001.88589847
5990.0 143470009.2504924
6010.0 142129993.63046294
6030.0 140390007.6044336
6050.0 138819998.38568962
6070.0 137250003.77604878
6090.0 135580008.32765916
6110.0 134139999.79106899
6130.0 132600007.1126056
6150.0 130530003.24072781
6170.0 129560005.27338204
6190.0 128120002.29143225
6210.0 126649997.74029917
6230.0 125180000.60395333
6250.0 123510004.37334368
6270.0 122370003.06664501
6290.0 121000002.64187393
6310.0 119529997.21378587
6330.0 118360000.96689805
6350.0 116390006.96102497
6370.0 115319998.49387439
6390.0 114380004.73288482
6410.0 113109996.77638157
6430.0 112040005.33473624
6450.0 110769998.54562947
6470.0 109430000.79301615
6490.0 108260003.03559434
6510.0 106859996.10273662
6530.0 105207998.03543952
6550.0 99420002.0310461
6570.0 86912999.44085006
6590.0 100616002.96676822
6610.0 101216000.454507
6630.0 100452002.85107884
6650.0 99482004.69928966
6670.0 97514001.90568875
6690.0 96541003.04951648
6710.0 96367002.03826511
6730.0 95346004.83067584
6750.0 94393997.46852677
6770.0 93414001.4368604
6790.0 92117000.4428062
6810.0 91411000.25562437
6830.0 90439002.71929437
6850.0 89573001.44678338
6870.0 88659995.7264154
6890.0 87750997.72906807
6910.0 86844999.73875536
6930.0 85849001.03170198
6950.0 85093000.17082794
6970.0 84237000.71866885
6990.0 83358001.77100627
7010.0 82509002.09488419
7030.0 81676004.99692768
7050.0 80758000.02799165
7070.0 78861000.63686441
7090.0 79276005.67673965
7110.0 78371999.13752334
7130.0 77623003.1327357
7150.0 76882004.1742403
7170.0 76133002.22150834
7190.0 75410997.3026024
7210.0 74669003.06391408
7230.0 73211004.6953577
7250.0 73158003.22786003
7270.0 72496000.19530337
7290.0 71307000.75485623
7310.0 71081999.16273542
7330.0 70397004.05726421
7350.0 69728003.19525898
7370.0 69052999.84046003
7390.0 68381000.45638569
7410.0 67729000.09570661
7430.0 67014000.74134181
7450.0 66412003.31652768
7470.0 65720002.222536355
7490.0 65131997.93145137
7510.0 64510004.602775685
7530.0 63925000.77802659
7550.0 63336998.59072815
7570.0 62745003.29926083
7590.0 62140001.90486274
7610.0 61575000.769870624
7630.0 61000002.64680113
7650.0 60425002.900502026
7670.0 59867000.42675721
7690.0 59309000.52693922
7710.0 58757003.25557989
7730.0 58201998.757544465
7750.0 57674000.14244545
7770.0 56709001.81129589
7790.0 56621000.94846193
7810.0 56086001.06806361
7830.0 55595001.83736496
7850.0 54984001.06452898
7870.0 54505998.80048151
7890.0 53914002.036502406
7910.0 53613001.96608407
7930.0 53155000.617717154
7950.0 52537000.30301702
7970.0 52145000.263222374
7990.0 51531000.941310465
8010.0 51224999.85989853
8030.0 50747003.13996331
8050.0 50302999.5585952
8070.0 49875001.623737566
8090.0 49366000.18056399
8110.0 48949002.8180422
8130.0 48545003.70951515
8150.0 48087003.16401019
8170.0 47723000.14006221
8190.0 47247997.952812836
8210.0 46683002.39861447
8230.0 46305998.568558864
8250.0 46055001.44299063
8270.0 45494999.29167642
8290.0 45219000.96835362
8310.0 44848000.10115732
8330.0 44469997.95026709
8350.0 43934001.44334543
8370.0 43633999.7305145
8390.0 43337003.032132246
8410.0 42933001.32407419
8430.0 42495002.001937635
8450.0 41782001.38739171
8470.0 41604000.993480794
8490.0 41370998.750999905
8510.0 40656001.01762938
8530.0 40842002.12208517
8550.0 39284001.25249703
8570.0 40704998.476381876
8590.0 38731001.79777098
8610.0 38417002.08985171
8630.0 40208999.158092156
8650.0 38859001.572759494
8670.0 35595999.65133917
8690.0 39210000.81533052
8710.0 39675999.88456785
8730.0 38325000.123408616
8750.0 33717000.46558217
8770.0 36941002.88192309
8790.0 38628998.85764745
8810.0 38561000.97770768
8830.0 37904001.16237932
8850.0 35126000.045219116
8870.0 32034999.572404265
8890.0 36442000.26664975
8910.0 36984001.93130143
8930.0 36766000.91785342
8950.0 36626001.46848439
8970.0 36198998.82163389
8990.0 35002999.953925855
9010.0 30548998.92129379
9030.0 32214999.976083364
9050.0 34646001.01135317
9070.0 34470000.23766859
9090.0 34434000.52750555
9110.0 34354000.66814953
9130.0 34128001.84594891
9150.0 33835999.01391103
9170.0 33408000.143606983
9190.0 32965000.474679634
9210.0 31318000.911317647
9230.0 27125000.625546243
9250.0 30639000.341272738
9270.0 31609001.32634438
9290.0 31885000.994412936
9310.0 31613000.103725374
9330.0 31509999.672332194
9350.0 31286001.583040614
9370.0 31059001.19550704
9390.0 30802000.363552026
9410.0 30405000.390984
9430.0 30327000.45743507
9450.0 30089999.56524072
9470.0 29635000.59290936
9490.0 29478999.67156637
9510.0 28824001.29464853
9530.0 27291999.867823064
9550.0 24052999.612434186
9570.0 27450000.870640848
9590.0 28192999.21787052
9610.0 28092000.113499824
9630.0 27767999.692477096
9650.0 27848000.784506798
9670.0 27610999.824569874
9690.0 27400001.530056015
9710.0 27155999.46211994
9730.0 27016000.725056287
9750.0 26798998.90007414
9770.0 26605001.453591958
9790.0 26401000.094137993
9810.0 26204000.527013496
9830.0 25997001.088164244
9850.0 25810000.138513878
9870.0 25606000.927220695
9890.0 25399000.19662278
9910.0 25150999.338711713
9930.0 25037999.07396445
9950.0 24848000.023246184
9970.0 24614001.49418456
9990.0 24380000.640438266
10025.0 22927999.291433316
10075.0 22074000.78873472
10125.0 23127000.730819087
10175.0 22860000.740064647
10225.0 22452001.295148205
10275.0 22051000.29108879
10325.0 21583001.110489566
10375.0 21269000.46814981
10425.0 20895000.86387365
10475.0 20520999.851118885
10525.0 20157000.605765052
10575.0 19805999.637835227
10625.0 19465000.651274752
10675.0 19061000.035162114
10725.0 18786999.548393164
10775.0 18466000.30506295
10825.0 17951000.297620658
10875.0 17748000.57578995
10925.0 15959000.176293565
10975.0 16729999.818996243
11025.0 16822000.788886193
11075.0 16652000.65732534
11125.0 16387999.506349813
11175.0 16113999.102601504
11225.0 15840000.230019594
11275.0 15543000.288958784
11325.0 15305999.912994156
11375.0 15074999.765329542
11425.0 14828000.386698084
11475.0 14594000.471384017
11525.0 14356999.578798566
11575.0 14122999.788380206
11625.0 13886000.503366904
11675.0 13671999.624466503
11725.0 13455000.032715198
11775.0 13221000.257587181
11825.0 13034000.435846433
11875.0 12827000.599991428
11925.0 12632999.567181023
11975.0 12335000.481596509
12025.0 12241999.43177386
12075.0 12054999.955033498
12125.0 11868000.407616267
12175.0 11681000.521296853
12225.0 11504000.37271257
12275.0 11330000.543106776
12325.0 11152999.93568037
12375.0 10986000.380523589
12425.0 10826000.066828286
12475.0 10652000.619976424
12525.0 10484999.896624682
12575.0 10338900.351977963
12625.0 10190700.125087721
12675.0 10043400.39684078
12725.0 9877300.300342117
12775.0 9561300.23369976
12825.0 8762699.539501026
12875.0 9375800.018773379
12925.0 9319499.66041635
12975.0 9146599.780296635
13025.0 9061500.418586737
13075.0 8931900.20750463
13125.0 8804300.462258682
13175.0 8674699.997541666
13225.0 8555400.466255493
13275.0 8434500.535685182
13325.0 8315900.294921818
13375.0 8198999.7835168
13425.0 8078700.061533138
13475.0 7970500.249496858
13525.0 7859600.365137342
13575.0 7751700.057443507
13625.0 7643800.250112775
13675.0 7537899.985964309
13725.0 7434699.896625521
13775.0 7334800.062050227
13825.0 7234899.647133306
13875.0 7136699.8654161
13925.0 7038800.061634398
13975.0 6944600.168751362
14025.0 6852099.774326684
14075.0 6759900.049505908
14125.0 6669700.288838243
14175.0 6581500.130235379
14225.0 6494999.997868274
14275.0 6408799.846799806
14325.0 6324300.23231976
14375.0 6241800.170329047
14425.0 6156299.884831871
14475.0 6078800.321757772
14525.0 5999299.862229696
14570.0 5930800.232010527
14620.0 5853999.969314982
14675.0 5772500.374498388
14725.0 5699000.401544633
14775.0 5625500.189410643
14825.0 5555699.852804508
14875.0 5485899.956323422
14925.0 5417399.981136139
14975.0 5348900.0367986215
15025.0 5282099.99065284
15075.0 5208200.093256489
15125.0 5150499.962918529
15175.0 5085700.007063807
15225.0 5022899.9856367605
15275.0 4957100.00996029
15325.0 4894000.072417011
15375.0 4838199.95968875
15425.0 4765100.32059142
15475.0 4719600.04233885
15525.0 4659500.120055335
15575.0 4573099.910981292
15625.0 4568600.193622196
15675.0 4473500.207839706
15725.0 4391400.169233173
15775.0 4414900.0046296
15825.0 4356099.963705871
15875.0 4172099.9240972325
15925.0 4226600.214937706
15975.0 4223100.037290011
16050.0 4118000.188854262
16150.0 3948800.1329019973
16250.0 3973199.9078573287
16350.0 3831400.0657325643
16450.0 3664900.1753135915
16550.0 3713700.119959147
16650.0 3631200.0463592475
16750.0 3488700.0192161826
16850.0 3333500.1177316555
16950.0 3388400.167196779
17050.0 3302799.9397657006
17150.0 3243100.0997660845
17250.0 3164299.988796999
17350.0 2945100.0897183116
17450.0 3011700.1880738772
17550.0 2968200.0205759425
17650.0 2905099.926167807
17750.0 2842300.042258105
17850.0 2781199.9481937606
17950.0 2723400.1402805904
18050.0 2659000.000446335
18150.0 2485800.017767051
18250.0 2523100.0117641157
18350.0 2501000.0090134977
18450.0 2450200.121648926
18550.0 2397100.1406034064
18650.0 2333299.973416484
18750.0 2192200.1119532925
18850.0 2249500.013071574
18950.0 2210100.099996054
19050.0 2160599.9838997773
19150.0 2122899.9674955793
19250.0 2081500.0638207719
19350.0 2031800.0204925253
19450.0 1894299.9966264057
19550.0 1950600.0554761756
19650.0 1923199.9909962837
19750.0 1885800.009497348
19850.0 1849400.0694689176
19950.0 1813999.9948559727
20050.0 1778899.9864516703
20150.0 1745200.0289301884
20250.0 1712100.0525203657
20350.0 1680400.0100416401
20450.0 1648000.0038941829
20550.0 1615600.0309017051
20650.0 1587900.0209091927
20750.0 1558499.9627113494
20850.0 1529800.0269447376
20950.0 1501699.9674571329
21050.0 1474699.9607745179
21150.0 1443899.997536306
21250.0 1421600.031295876
21350.0 1396200.0336372764
21450.0 1370800.0571990216
21550.0 1342100.0009785322
21650.0 1254000.0411880277
21750.0 1290700.0147912786
21850.0 1276300.0250257947
21950.0 1253899.9738225476
22050.0 1232200.0319422728
22150.0 1211200.0232042717
22250.0 1189800.0484643576
22350.0 1169800.008266965
22450.0 1149400.0564349373
22550.0 1129700.0042198456
22650.0 1111000.0648061181
22750.0 1092300.0121781966
22850.0 1073600.015099745
22950.0 1055899.9936654463
23050.0 1038229.940278747
23150.0 1020679.9642937783
23250.0 1003950.0436845801
23350.0 987980.042729227
23450.0 971470.04656927
23550.0 955640.0257408723
23650.0 940110.047033787
23750.0 924950.0301997649
23850.0 909950.0297576577
23950.0 895290.0245211542
24050.0 880870.006233646
24150.0 866709.9771464001
24250.0 853150.0116701617
24350.0 839490.001866287
24450.0 826000.024982927
24550.0 813340.0304061646
24650.0 800119.9954570114
24750.0 786919.996166912
24850.0 776339.9885090791
24950.0 761589.9838725968
25050.0 752699.9783396649
25150.0 741210.0027613626
25250.0 725190.0289286574
25350.0 718299.9901409469
25450.0 708780.0276871567
25550.0 696530.0302815501
25650.0 679080.0129445207
25750.0 676289.9918115098
25850.0 667500.0209232159
25950.0 657350.0356089934
26050.0 643840.0059769951
26150.0 623579.9853766422
26250.0 597039.9903028256
26350.0 615820.015045386
26450.0 610700.0027668808
26550.0 601709.9922180693
26650.0 590870.0005927702
26750.0 567219.992218393
26850.0 573670.0061569567
26950.0 568990.028004969
27050.0 561070.0174611021
27150.0 553089.9904206931
27250.0 545209.9964185208
27350.0 537430.0063236991
27450.0 528050.0143066081
27550.0 504699.98293315334
27650.0 507159.99556750176
27750.0 507209.9999348864
27850.0 500829.9856110468
27950.0 493850.01659063296
28050.0 487039.9981252705
28150.0 480330.00455367146
28250.0 473750.0110090838
28350.0 467169.9899995266
28450.0 460859.9920882098
28550.0 454049.9830458841
28650.0 443210.0038394706
28750.0 423920.01301973115
28850.0 434419.99433506106
28950.0 430510.0092669035
29050.0 424829.98972205597
29150.0 419120.0163816411
29250.0 413609.99961151334
29350.0 408100.018569886
29450.0 402689.9965014008
29550.0 397449.9916685914
29650.0 392240.00567797304
29750.0 387129.98924173514
29850.0 382090.01668686623
29950.0 377110.0175669491
30050.0 372270.0227445549
30150.0 367360.00719268963
30250.0 361590.0140770375
30350.0 345169.9906332081
30450.0 345670.0016870877
30550.0 348300.00047290645
30650.0 344520.00520794163
30750.0 340180.0009114894
30850.0 335840.0054903981
30950.0 331699.98975428066
31050.0 327489.98893026373
31150.0 323450.00153470633
31250.0 319410.01393546903
31350.0 315470.0051562525
31450.0 311530.00061123306
31550.0 307690.0074991899
31650.0 303880.0054110407
31750.0 300210.0004557443
31850.0 296470.00839522836
31950.0 292930.0173683853
32100.0 287590.00612842676
32300.0 280640.0107940281
32500.0 273929.999398192
32700.0 267349.99441984325
32900.0 253369.99635285215
33100.0 253000.00066800154
33300.0 248719.99903759966
33500.0 243080.00213113526
33700.0 237499.9997505787
33900.0 232060.00663192524
34100.0 226780.00338664209
34300.0 221640.0022171737
34500.0 216700.00490254167
34700.0 211819.99772672149
34900.0 207080.00080209278
35100.0 202540.00906147904
35300.0 198099.99658144268
35500.0 193760.00398258626
35700.0 189520.00788229972
35900.0 185410.01005690524
36100.0 181369.9956395586
36300.0 177530.00245043737
36500.0 173689.99948833568
36700.0 170119.99812730786
36900.0 166279.99795420023
37100.0 162770.00071795596
37300.0 157329.99979348553
37500.0 152860.0028346895
37700.0 153020.00410474467
37900.0 149980.00530156348
38100.0 146509.99761454857
38300.0 143640.00039185712
38500.0 141270.00586871197
38700.0 138459.99972800308
38900.0 135360.00359483354
39100.0 131790.0058604732
39300.0 130180.00361875867
39500.0 127710.00392017762
39700.0 125240.00182765702
39900.0 122769.99823252288
40100.0 119500.00426584919
40300.0 116760.0041338147
40500.0 112620.00247827153
40700.0 113420.00615703636
40900.0 111380.0031496139
41100.0 109280.00236482613
41300.0 107140.00917937103
41500.0 105040.00467847983
41700.0 101179.00114760855
41900.0 101014.99897497054
42100.0 99424.0025780632
42300.0 97563.00131854137
42500.0 95743.00154253775
42700.0 94006.99928482661
42900.0 92213.00105636944
43100.0 90618.00442889216
43300.0 88982.00156928081
43500.0 87316.0034642775
43700.0 83975.99967824032
43900.0 83660.99908027379
44100.0 82785.00197271923
44300.0 81319.00374343655
44500.0 79887.00006415088
44700.0 78601.00284707111
44900.0 77231.9995526798
45100.0 75889.99767719039
45300.0 74567.99940457672
45500.0 73288.99943807685
45700.0 72030.00091947541
45900.0 70798.00509119962
46100.0 69503.99994973147
46300.0 68181.0053300806
46500.0 64910.00103273014
46700.0 64056.00077762057
46900.0 64594.99938711467
47100.0 63828.00013510988
47300.0 62878.00203731438
47500.0 61829.99980548516
47700.0 60825.00462251063
47900.0 59823.00274869671
48100.0 58848.001867571984
48300.0 57889.99991723157
48500.0 56955.00027830905
48700.0 56036.9998616933
48900.0 55132.001511315786
49100.0 54253.99954431685
49300.0 53389.00053996088
49500.0 52541.00148473585
49700.0 51712.99943808032
49900.0 50895.00024685646
50100.0 50097.00010765887
50300.0 49308.99883084947
50500.0 48547.99917274143
50700.0 47789.9986169143
50900.0 46966.00035990466
51100.0 46080.99952111043
51300.0 44122.00030697819
51500.0 44738.998114990725
51700.0 44138.00042970013
51900.0 43569.99937286448
52100.0 42912.00042662647
52300.0 42260.999410700446
52500.0 41600.000785435965
52700.0 40936.00184390697
52900.0 40398.00165526277
53100.0 39800.00077450156
53300.0 39216.00179991516
53500.0 38635.000562412875
53700.0 37980.99958445602
53900.0 37430.0004068912
54100.0 36969.000569012256
54300.0 36428.00007368869
54500.0 35903.99943350056
54700.0 35390.000394512106
54900.0 34878.99976043352
55100.0 34315.00096549999
55300.0 33724.000973106995
55500.0 33400.0007515272
55700.0 32939.000492003026
55900.0 32475.0012588603
56100.0 32013.999539369062
56300.0 31567.0002862042
56500.0 31126.000028150047
56700.0 30692.00034017027
56900.0 30228.000974955565
57100.0 29603.99893912275
57300.0 29387.00053880164
57500.0 29036.00039610051
57700.0 28642.000121686662
57900.0 28248.001010394673
58100.0 27864.000483597676
58300.0 27487.00035936095
58500.0 27142.99995241803
58700.0 26745.9997750969
58900.0 26252.00095441734
59100.0 25107.001546333297
59300.0 25574.000924969096
59500.0 25047.001274914004
59700.0 24866.000847500192
59900.0 24676.001320651696
60100.0 24385.00039585229
60300.0 24067.99886043733
60500.0 23753.99969832816
60700.0 23447.000085999585
60900.0 23142.999669624118
61100.0 22846.00090735314
61300.0 22549.000499488004
61500.0 22255.000715263803
61700.0 21978.001590990345
61900.0 21693.99936343176
62100.0 21417.000408507276
62300.0 21142.99973771023
62500.0 20872.999902036092
62700.0 20529.000353637854
62900.0 19914.999633392956
63100.0 19985.00060123507
63300.0 19837.999845139726
63500.0 19604.0013605746
63700.0 19356.99992341226
63900.0 19120.000976358377
64200.0 18765.99949216167
64600.0 18312.001222700586
65000.0 17867.9997722864
65400.0 17433.999571113185
65800.0 17020.001123699527
66200.0 16615.999410285014
66600.0 16222.000704369008
67000.0 15838.000432941575
67400.0 15431.00003262514
67800.0 14850.000319363888
68200.0 14753.000048909751
68600.0 14426.000038748307
69000.0 14091.999855917597
69400.0 13775.000358774352
69800.0 13461.000313818115
70200.0 13156.999530513038
70600.0 12859.999958746963
71000.0 12576.000511129268
71400.0 12299.000611943497
71800.0 12031.999911315093
72200.0 11764.999749361752
72600.0 11508.00017057307
73000.0 11261.000874535512
73400.0 11024.000172525133
73800.0 10787.000809475601
74200.0 10533.00004639603
74600.0 10078.400846486746
75000.0 9761.99949421471
75400.0 9853.699653277348
75800.0 9696.700383172667
76200.0 9495.700499893685
76600.0 9300.099756670783
77000.0 9109.099825621784
77400.0 8921.20006475946
77800.0 8705.200027721443
78200.0 8563.30018762024
78600.0 8393.00005761295
79000.0 8225.400522978482
79400.0 8061.099961758166
79800.0 7902.199698993598
80200.0 7746.300429105128
80600.0 7593.700018041692
81000.0 7445.800119974326
81400.0 7262.600583216386
81800.0 7141.70023665474
82200.0 7022.499970194439
82600.0 6887.600093334109
83000.0 6756.400280808032
83400.0 6628.2002416850855
83800.0 6503.00013737505
84200.0 6380.799974227301
84600.0 6261.299881797974
85000.0 6145.100177541037
85400.0 6030.600263859691
85800.0 5920.099815128811
86200.0 5806.600108444093
86600.0 5643.399833917073
87000.0 5585.5999556094675
87400.0 5421.400186815223
87800.0 5323.899790752293
88200.0 5302.800191664321
88600.0 5208.300210776412
89000.0 5115.499836924721
89400.0 5024.70001976066
89800.0 4936.200147198956
90200.0 4849.400009060454
90600.0 4764.600192802429
91000.0 4681.499987565932
91400.0 4600.700028098369
91800.0 4520.899989094259
92200.0 4443.099994873605
92600.0 4367.000019322805
93000.0 4292.900090782471
93400.0 4216.1001073085645
93800.0 4086.30016059229
94200.0 4057.1999686966556
94600.0 4010.1000747331336
95000.0 3943.000122710376
95400.0 3877.8999490609617
95800.0 3813.8001949136224
96200.0 3750.700110150665
96600.0 3689.299989393099
97000.0 3628.5001561219005
97400.0 3569.400170022812
97800.0 3511.700121170022
98200.0 3454.5999801021862
98600.0 3396.5001801009316
99000.0 3344.3999152206893
99400.0 3290.999994809192
99800.0 3238.899934005756
100200.0 3187.5001528426233
200000.0 199.66000314951248
400000.0 12.268000002138782
600000.0 2.3973000626590033
800000.0 0.7526900291189458
1000000.0 0.306610006973879
1200000.0 0.14723000558923546
1400000.0 0.0791829944791032
1600000.0 0.04627499952981231
