wave flux
90.9000015258789 0.0
93.5 0.0
96.0999984741211 0.0
97.69999694824219 0.0
99.5999984741211 0.0
102.0 0.0
103.80000305175781 0.0
105.5999984741211 0.0
107.69999694824219 0.0
110.4000015258789 0.0
114.0 0.0
117.80000305175781 0.0
121.30000305175781 0.0
124.80000305175781 0.0
127.0999984741211 0.0
128.39999389648438 0.0
130.5 0.0
132.39999389648438 0.0
133.89999389648438 0.0
136.60000610351562 0.0
139.8000030517578 0.0
143.3000030517578 0.0
147.1999969482422 0.0
151.0 0.0
155.1999969482422 0.0
158.8000030517578 0.0
162.0 0.0
166.0 0.0
170.3000030517578 0.0
173.39999389648438 0.0
176.8000030517578 0.0
180.1999969482422 0.0
181.6999969482422 0.0
186.10000610351562 0.0
191.0 0.0
193.89999389648438 0.0
198.39999389648438 0.0
201.8000030517578 0.0
205.0 0.0
210.5 0.0
216.1999969482422 0.0
219.8000030517578 0.0
223.0 0.0
226.8000030517578 0.0
230.0 0.0
234.0 0.0
240.0 0.0
246.5 0.0
252.39999389648438 0.0
256.79998779296875 0.0
260.0 0.0
264.0 0.0
268.5 0.0
273.5 0.0
278.5 0.0
284.0 0.0
290.0 0.0
296.0 0.0
301.0 0.0
308.0 0.0
318.0 0.0
328.0 0.0
338.0 3.695199971852838e-24
348.0 9.523360054703283e-23
357.0 7.018879616089108e-22
366.0 4.5666400677217934e-21
375.0 2.719920011504782e-20
385.0 1.7939200259538778e-19
395.0 1.0765200093040345e-18
405.0 5.923120209063414e-18
414.0 2.5603200934886824e-17
422.0 8.923359740028227e-17
430.0 2.9675999194183847e-16
441.0 1.4420399973437498e-15
451.0 5.668719822132809e-15
460.0 1.844359945562841e-14
470.0 6.484480178570808e-14
480.0 2.1600400501749625e-13
490.0 6.839840377824358e-13
500.0 2.0652001228951216e-12
506.0 3.9580002064739565e-12
512.0 7.54672019315394e-12
520.0 1.6914400384005678e-11
530.0 4.482720086060152e-11
540.0 1.1440399810877868e-10
550.0 2.8200000738845634e-10
560.0 6.723280298493782e-10
570.0 1.553120084153117e-09
580.0 3.4803999775889145e-09
590.0 7.584879929475712e-09
600.0 1.607960060881653e-08
610.0 3.3241602141448923e-08
620.0 6.703360116639561e-08
630.0 1.3202400204177447e-07
640.0 2.544120139054267e-07
650.0 4.797759867791523e-07
658.0 7.854479988786128e-07
665.0 1.1964400239627011e-06
675.0 2.148960074729426e-06
685.0 3.790000075541431e-06
695.0 6.570399680606694e-06
705.0 1.1204399719904914e-05
716.0 1.9773999466114216e-05
726.0 3.264320017603392e-05
735.0 5.0604799903730606e-05
745.0 8.127680314008711e-05
755.0 0.0001287880078691486
765.0 0.00020154801507221354
775.0 0.00031145200388189647
785.0 0.00047560803168992226
795.0 0.0007179679626113505
805.0 0.00107232003937585
815.0 0.0015835599895306874
825.0 0.0023167199730000708
835.0 0.0033549198605964505
845.0 0.004812399780434563
855.0 0.006841439994549176
865.0 0.009640720059990296
875.0 0.013471599458744236
885.0 0.01866600052574372
895.0 0.025659599335080538
905.0 0.0350148010157855
915.0 1.86192003357236
925.0 7.29928000859423
935.0 9.1998393657773
945.0 12.011600508791263
955.0 17.189598813631
965.0 21.896001946937165
975.0 24.671599810835453
985.0 32.0375996906535
995.0 36.844802160422404
1005.0 48.805602288756
1015.0 58.70159775312355
1025.0 63.61839966757867
1035.0 85.37440109952823
1045.0 105.08400654097932
1055.0 125.79999929264388
1065.0 144.22400330559162
1075.0 176.62400038160223
1085.0 208.89200313906315
1095.0 236.05200462666113
1105.0 633.351995845276
1115.0 1767.3199805273784
1125.0 2480.2000528548565
1135.0 3213.680200510861
1145.0 3726.8800993462164
1155.0 3943.920022952799
1165.0 4871.759946538188
1175.0 5163.920272115991
1185.0 5492.240153411808
1195.0 1862.360013727636
1205.0 1519.559974041385
1215.0 296.5959988604946
1225.0 1655.799963862718
1235.0 4702.879972855207
1245.0 10365.040072482292
1255.0 27368.001021930064
1265.0 35073.60081767146
1275.0 183824.00222313494
1285.0 528888.0136598048
1295.0 622784.0075579833
1305.0 180843.9938350229
1315.0 1081456.0422882065
1325.0 1751439.9780861102
1335.0 1364079.9537284626
1345.0 2771039.995812681
1355.0 2883680.0854019164
1365.0 2549839.989551443
1375.0 2926159.946014654
1385.0 2962239.8879948175
1395.0 3320960.0177732804
1405.0 3909440.1748985997
1415.0 3630880.1834705328
1425.0 4708880.225027612
1435.0 4172640.178214157
1442.0 4921440.21656512
1447.0 5828800.192664062
1455.0 6695199.800309558
1465.0 6408400.416352081
1475.0 6307440.250599686
1485.0 7453360.601724035
1495.0 8404319.641923064
1505.0 8806480.536663748
1512.0 7329679.890945322
1517.0 8494799.751111036
1525.0 7916480.250295792
1535.0 11576000.361422071
1545.0 20795600.843637012
1555.0 17384401.091204625
1565.0 14545199.899531078
1575.0 19202800.617640205
1585.0 22448401.909285508
1595.0 26767201.26173423
1605.0 23090799.537809093
1615.0 21454399.36248786
1625.0 18307599.82541157
1635.0 20169201.065176804
1645.0 22898801.332825087
1655.0 16289200.118616441
1665.0 21975201.10203349
1672.0 8076959.940195816
1677.0 22078000.496536937
1685.0 26872000.09212474
1695.0 25377999.78226386
1705.0 22303600.015880432
1715.0 23607999.44464357
1725.0 23701599.93477282
1735.0 27333198.506842293
1745.0 25727201.062141728
1755.0 31144799.460799888
1765.0 24149600.602535497
1775.0 29057600.89562248
1785.0 26758400.918450385
1795.0 34130399.23070721
1805.0 30824000.817085613
1815.0 31810801.1483418
1825.0 28960800.89994399
1835.0 26895598.85366901
1845.0 24540799.85554918
1855.0 26941999.899507567
1865.0 27789201.297157325
1875.0 28463601.289797477
1885.0 28324400.447480105
1895.0 29522000.722736675
1905.0 26896000.435583778
1915.0 28872001.304164287
1925.0 30015200.523836344
1935.0 26803601.233495373
1945.0 30813599.346697934
1955.0 30694801.237388257
1967.0 32818800.20312079
1976.0 32412400.721856546
1984.0 30991199.82405225
1995.0 29874001.099336945
2005.0 28912801.234596923
2015.0 26932800.313660555
2025.0 26614400.485573355
2035.0 28494000.02832455
2045.0 30981200.14525909
2055.0 28082800.680182323
2065.0 27180800.068210244
2074.0 31615999.4782586
2078.0 32599599.566815946
2085.0 31376001.12026584
2095.0 29861999.631144036
2105.0 28003200.59769393
2115.0 28028800.737690326
2125.0 29075999.42583063
2135.0 22423599.465618894
2145.0 26697600.313511226
2155.0 27727201.398804888
2165.0 25592000.08474337
2175.0 25253200.69890332
2185.0 25633199.8262023
2195.0 27948000.612205055
2205.0 26559201.157368533
2215.0 23107601.72380925
2225.0 22204000.939479843
2235.0 26487999.93598481
2245.0 23434000.816599317
2255.0 21788399.316125292
2265.0 22381999.03538479
2275.0 24456401.163983844
2285.0 25618000.290731005
2295.0 23702400.558726046
2305.0 23492002.191180766
2315.0 22115199.84520154
2325.0 21476401.734537426
2335.0 17987200.843197238
2345.0 15348400.74491301
2355.0 21189200.15638726
2365.0 15509601.10449651
2375.0 18769599.607735462
2385.0 13484799.785397554
2395.0 16575999.404439928
2405.0 15507999.886836182
2415.0 17268800.09174808
2425.0 21465200.546095498
2435.0 20572401.899074048
2445.0 22183599.76569183
2455.0 21459200.960980687
2465.0 20996401.538023144
2475.0 20029200.46215712
2485.0 21299199.428278934
2495.0 20349999.671187002
2505.0 24263601.81225091
2513.0 19931600.191761974
2518.0 21220400.038119446
2525.0 18571600.353628833
2535.0 18192000.687512502
2545.0 18243599.81568292
2555.0 20396801.13859103
2565.0 19404800.4262936
2575.0 21764000.52657413
2585.0 21070800.742730983
2595.0 19741200.811412945
2605.0 18259601.752482537
2615.0 17580400.029949527
2625.0 20765601.031372488
2635.0 21761601.056741115
2645.0 27238398.6765587
2655.0 26890402.072185032
2665.0 23127199.94098486
2675.0 24838800.251868922
2685.0 24070400.94757004
2695.0 23255600.372752186
2705.0 24153599.107972316
2715.0 22133200.642810866
2725.0 22608399.334137786
2735.0 24871599.70580458
2745.0 17877999.35207624
2755.0 19286400.32765331
2765.0 20560800.659052894
2775.0 23840000.586672727
2785.0 22253200.70045244
2795.0 11770000.128931846
2805.0 14549200.244668145
2815.0 24226001.148535576
2825.0 26145200.672711596
2835.0 24640800.72155934
2845.0 23632800.87935889
2855.0 22248000.062660437
2865.0 25050800.341808576
2875.0 23942000.399334542
2885.0 24575999.618416194
2895.0 23043200.44073228
2910.0 26999599.355485655
2930.0 25689200.916700084
2950.0 25578799.745977882
2970.0 26681600.62002119
2990.0 27083200.900072083
3010.0 27777600.9687694
3030.0 27373601.839725878
3050.0 27038000.17181843
3070.0 26942000.978769537
3090.0 27776001.403980684
3110.0 26718799.179744963
3130.0 26555999.214711487
3150.0 27517200.14278906
3170.0 27404799.80620989
3190.0 25949601.221647702
3210.0 26922399.330336433
3230.0 26179599.327510513
3250.0 26837200.42827665
3270.0 26924002.173594594
3290.0 27335999.87841885
3310.0 27704400.64348121
3330.0 26989199.41082583
3350.0 26585200.963821292
3370.0 26516801.115680806
3390.0 26592801.156407673
3410.0 27296398.987809945
3430.0 27423599.199959923
3450.0 27222400.23084412
3470.0 26769198.241089985
3490.0 26538399.745476123
3510.0 27217601.863908246
3530.0 27468000.49657717
3550.0 27664801.050303172
3570.0 26873999.189316377
3590.0 26812799.112530764
3610.0 26861199.129104298
3630.0 26967199.930978965
3640.0 26597200.31716233
3650.0 27441199.14991636
3670.0 26965600.26991858
3690.0 27602398.242609397
3710.0 34697201.68305488
3730.0 45294798.14051429
3750.0 70644401.17201856
3770.0 72503203.22146928
3790.0 87347997.09234561
3810.0 96781601.95175008
3830.0 76450799.71621037
3850.0 100452007.83763307
3870.0 105420001.71584874
3890.0 71845200.4596622
3910.0 102008006.28950197
3930.0 92102406.66676487
3950.0 101912006.30706483
3970.0 65628003.25627464
3990.0 100287997.45741042
4010.0 100136800.82587682
4030.0 98436802.18222271
4050.0 97703995.18030052
4070.0 95447997.02319811
4090.0 88312006.60201077
4110.0 68691999.62600908
4130.0 91770404.76176044
4150.0 92699205.67646329
4170.0 90060403.07051389
4190.0 89421599.80245017
4210.0 88565605.64676201
4230.0 87015198.58845544
4250.0 85782404.00661208
4270.0 83880404.43798259
4290.0 83948000.5672738
4310.0 80233601.83435982
4330.0 71224402.78714019
4350.0 61171602.026639946
4370.0 79986002.29768595
4390.0 78094000.2772829
4410.0 76702799.75072679
4430.0 77068803.30093056
4450.0 76596402.5063305
4470.0 75572398.0994759
4490.0 74241999.7079561
4510.0 74404799.6635108
4530.0 72580403.14265676
4550.0 70553601.50251214
4570.0 71907600.54370385
4590.0 69657603.54402983
4610.0 71054801.36684188
4630.0 68528398.09588458
4650.0 69220400.45384555
4670.0 68124400.1636721
4690.0 66901204.90893931
4710.0 64738399.73158917
4730.0 65958399.08423315
4750.0 65542001.98059059
4770.0 64614403.81161851
4790.0 63871201.22406562
4810.0 62789201.2217176
4830.0 61587203.28395094
4850.0 53970800.56735151
4870.0 43505998.04791032
4890.0 59187201.891039014
4910.0 59247997.753584504
4930.0 57984396.93783455
4950.0 58041600.21853982
4970.0 57845199.22034883
4990.0 56578397.050270185
5010.0 54816800.309605725
5030.0 55040402.74491843
5050.0 54267203.745783284
5070.0 54234401.6215809
5090.0 53652802.09188381
5110.0 52988801.40121294
5130.0 52161600.84121307
5150.0 51299203.21859089
5170.0 50099198.72041466
5190.0 49638002.616336055
5210.0 49654800.58492964
5230.0 48500798.405017816
5250.0 48857202.18198522
5270.0 47180800.513311006
5290.0 47855200.412211575
5310.0 46661601.37435855
5330.0 46156803.769790314
5350.0 46599200.993825205
5370.0 45828798.28444538
5390.0 45347599.55447425
5410.0 44616801.16534938
5430.0 44184400.96402743
5450.0 44151201.18833938
5470.0 43638800.34023668
5490.0 43286400.35353091
5510.0 42714802.405975245
5530.0 42164401.04859657
5550.0 42041601.31694924
5570.0 41520800.9940904
5590.0 41149601.76121885
5610.0 40818001.060374655
5630.0 40405598.90120985
5650.0 39824402.06049095
5670.0 39454001.782398894
5690.0 39181599.483861096
5710.0 38810001.55457802
5730.0 38467601.01266376
5750.0 38026798.94757643
5770.0 37665603.49398206
5790.0 37224002.62351232
5810.0 36892398.660330504
5830.0 36501200.71646417
5850.0 36190000.141006246
5870.0 35788001.19532149
5890.0 35088802.71714906
5910.0 35086400.64231633
5930.0 34755598.40513768
5950.0 34313199.96789136
5970.0 34062401.12333446
5990.0 33601201.0222486
6010.0 33341600.797050226
6030.0 33080001.07657002
6050.0 32718399.626664452
6070.0 32447199.87599602
6090.0 32106000.83817703
6110.0 31785201.16892355
6130.0 31435200.775520027
6150.0 30694000.99341059
6170.0 30833200.22126017
6190.0 30611199.402532104
6210.0 30340001.398238655
6230.0 29989601.160625722
6250.0 29319199.81599638
6270.0 29506798.042996585
6290.0 29215999.53984463
6310.0 28805598.750308737
6330.0 28634800.012049545
6350.0 28112399.9740529
6370.0 27911599.62894101
6390.0 27821599.65280332
6410.0 27481200.888376363
6430.0 27300000.353761103
6450.0 26779999.087809946
6470.0 26858000.322263718
6490.0 26398800.247365016
6510.0 26167199.57505485
6530.0 25826400.46470119
6550.0 23599600.534859534
6570.0 18728800.34966835
6590.0 24815999.212006018
6610.0 25023199.3777606
6630.0 24901999.585173022
6650.0 24730799.8025656
6670.0 24490401.374799818
6690.0 24289200.40615912
6710.0 24088798.6668189
6730.0 23827999.880105074
6750.0 23647201.70694348
6770.0 23466399.363725238
6790.0 23245602.05076893
6810.0 23054800.643681835
6830.0 22814400.016580988
6850.0 22633600.13537363
6870.0 22442800.38151545
6890.0 22252400.446802113
6910.0 22051600.89845461
6930.0 21850799.198327623
6950.0 21680001.42936329
6970.0 21479600.04953306
6990.0 21309201.034506556
7010.0 21038799.138298098
7030.0 20938001.34408123
7050.0 20747200.90301805
7070.0 20586401.05536735
7090.0 20415999.956949912
7110.0 20047201.48170228
7130.0 20025200.948602054
7150.0 19874400.38050436
7170.0 19714001.04268801
7190.0 19533599.59997758
7210.0 19382799.659255423
7230.0 19182400.27343518
7250.0 19032000.883606713
7270.0 18911200.64803063
7290.0 18721200.100634288
7310.0 18540400.05013977
7330.0 18420000.753868118
7350.0 18289199.774670225
7370.0 18158400.34940437
7390.0 17988400.609246142
7410.0 17808399.322596855
7430.0 17617600.47436481
7450.0 17497200.405969393
7470.0 17286800.058479615
7490.0 17206400.049619574
7510.0 17075599.856615536
7530.0 16985199.322181683
7550.0 16864400.08677113
7570.0 16714400.372108737
7590.0 16593599.678759385
7610.0 16463200.177355416
7630.0 16332800.930978542
7650.0 16172400.387220591
7670.0 16042400.067867287
7690.0 15931599.75808672
7710.0 15761599.89058445
7730.0 15690800.62003895
7750.0 15560399.453412632
7770.0 15109600.25642303
7790.0 15319600.006813103
7810.0 15199600.770566251
7830.0 15059200.23012473
7850.0 14918800.759902837
7870.0 14768400.27230427
7890.0 14627600.629964603
7910.0 14578000.140324872
7930.0 14487200.37559441
7950.0 14307200.343810061
7970.0 14286400.88088413
7990.0 14006000.294961423
8010.0 14056001.188611811
8030.0 13945599.237454148
8050.0 13845200.770409781
8070.0 13734800.74774072
8090.0 13634400.743782178
8110.0 13533999.848540258
8130.0 13434000.567139555
8150.0 13333600.351615107
8170.0 13233200.482149996
8190.0 13033600.214272423
8210.0 12974001.186806485
8230.0 12873600.950808065
8250.0 12813600.397663172
8270.0 12822800.953807626
8290.0 12712399.610449227
8310.0 12612000.223299846
8330.0 12401999.97111889
8350.0 12380799.843942937
8370.0 12140399.781271629
8390.0 12050800.224539129
8410.0 11920000.935218412
8430.0 12091600.458072184
8450.0 11881201.220905004
8470.0 11400000.202741312
8490.0 12523600.443068126
8510.0 11120800.96176865
8530.0 12754400.155537864
8550.0 10612799.908521013
8570.0 13023600.4705271
8590.0 11972801.008983023
8610.0 11572400.467739452
8630.0 13343600.234892823
8650.0 12995599.56639171
8670.0 10211600.098356206
8690.0 13113200.320546169
8710.0 13469600.752990687
8730.0 13121199.819836361
8750.0 10128800.259159878
8770.0 12602000.669373756
8790.0 13148399.533306787
8810.0 13037999.881180149
8830.0 12788800.897707535
8850.0 11931600.583438287
8870.0 9850480.275967667
8890.0 12468800.548437485
8910.0 12516800.749750603
8930.0 12436400.272735579
8950.0 12446400.727384921
8970.0 12326000.18021449
8990.0 12057199.95548245
9010.0 9729680.42317639
9030.0 10828399.71441967
9050.0 11875599.651148079
9070.0 11635599.764149215
9090.0 11515200.342303872
9110.0 11644400.693027463
9130.0 11623600.58413785
9150.0 11583599.634739544
9170.0 11453600.675920492
9190.0 11273200.348148102
9210.0 10855599.713137459
9230.0 8426960.061153397
9250.0 10485599.680424873
9270.0 10692799.713039216
9290.0 10962400.512715193
9310.0 10922000.34877011
9330.0 10831600.330760619
9350.0 10771600.021664808
9370.0 10701199.418867288
9390.0 10551200.443506137
9410.0 10322000.331292229
9430.0 10431200.530429956
9450.0 10380799.91934249
9470.0 10300800.142969538
9490.0 10220800.34080648
9510.0 10090800.219099358
9530.0 9617599.951244673
9550.0 7649040.448653882
9570.0 9614879.637903573
9590.0 9828079.336446064
9610.0 9739999.786946114
9630.0 9584400.306599332
9650.0 9666320.348203354
9670.0 9521360.580136009
9690.0 9511319.913536943
9710.0 9487640.5499118
9730.0 9414560.3674953
9750.0 9334640.588019408
9770.0 9290199.894380908
9790.0 9223039.85976506
9810.0 9150920.137391046
9830.0 9074760.085506339
9850.0 8989999.96752219
9870.0 8941759.824162243
9890.0 8838640.065469377
9910.0 8828480.515019262
9930.0 8753400.3029781
9950.0 8708120.1743635
9970.0 8664840.525449349
9990.0 8588040.402343443
10025.0 8074600.261594359
10075.0 7650840.193446149
10125.0 8137080.503479728
10175.0 8069560.05531904
10225.0 7952239.911496597
10275.0 7821879.835623974
10325.0 7678759.915227014
10375.0 7559400.430801892
10425.0 7440119.590852641
10475.0 7272320.130652202
10525.0 7166759.86710883
10575.0 7069440.391002175
10625.0 6959240.51690247
10675.0 6753320.017346541
10725.0 6702800.003004088
10775.0 6618599.851736974
10825.0 6516399.92248404
10875.0 6398280.39335372
10925.0 5624200.200896155
10975.0 6057360.317050435
11025.0 6134400.183051617
11075.0 6048040.231820157
11125.0 5948920.333855112
11175.0 5860679.9757743385
11225.0 5773440.014544508
11275.0 5608520.3850230165
11325.0 5531400.236605972
11375.0 5501080.00803787
11425.0 5410000.163007195
11475.0 5349559.988746375
11525.0 5271400.045068213
11575.0 5190240.030169284
11625.0 5080400.166791077
11675.0 4983359.821478824
11725.0 4964760.235795077
11775.0 4828960.045986474
11825.0 4790640.264756946
11875.0 4708720.364212946
11925.0 4684160.182786664
11975.0 4589239.902562682
12025.0 4541959.796756826
12075.0 4469920.158612975
12125.0 4407759.759904626
12175.0 4353520.232704161
12225.0 4288440.361685341
12275.0 4221399.783898412
12325.0 4166200.11602384
12375.0 4110080.2701218156
12425.0 4057920.2896500207
12475.0 3988799.87533284
12525.0 3942720.1441904106
12575.0 3868759.900008476
12625.0 3824599.75551328
12675.0 3783400.049599414
12725.0 3731320.0861571548
12775.0 3645399.979166948
12825.0 3230400.168629768
12875.0 3559119.9965883237
12925.0 3531920.1443837443
12975.0 3485800.157417088
13025.0 3440679.9995512464
13075.0 3394600.1107223756
13125.0 3348560.190405688
13175.0 3293479.997803334
13225.0 3261360.09100544
13275.0 3218280.0013297787
13325.0 3176199.9853243837
13375.0 3134120.0341114607
13425.0 3092040.163236444
13475.0 3050999.8632554943
13525.0 3006919.9905177816
13575.0 2969840.221155661
13625.0 2933760.2077509975
13675.0 2893680.1398726045
13725.0 2845760.0452727145
13775.0 2821600.201439819
13825.0 2786519.9744709986
13875.0 2754400.0823117485
13925.0 2715359.9349673484
13975.0 2683280.120648331
14025.0 2650239.943629805
14075.0 2618160.017149634
14125.0 2584120.1582050165
14175.0 2553000.033849144
14225.0 2520960.0210127193
14275.0 2489920.1213965467
14325.0 2458880.0974671827
14375.0 2429799.9387360145
14425.0 2373960.013014105
14475.0 2369719.9914632244
14525.0 2328760.1015948053
14570.0 2314640.115004564
14620.0 2285680.0410905182
14675.0 2261560.1045135367
14725.0 2233519.955341599
14775.0 2200519.973629911
14825.0 2179479.9498729883
14875.0 2147480.030384869
14925.0 2131320.1211157786
14975.0 2102280.0841272017
15025.0 2069280.0791183144
15075.0 2045199.9972736817
15125.0 2021119.9349972762
15175.0 1998080.0215185955
15225.0 1993119.988063994
15275.0 1936999.9466414426
15325.0 1916999.9568861877
15375.0 1931000.025679534
15425.0 1849960.0161708992
15475.0 1896000.0644649807
15525.0 1884959.9811584298
15575.0 1768800.0058844578
15625.0 1871799.9201900305
15675.0 1805840.0037404823
15725.0 1717800.0200885893
15775.0 1817800.08545348
15825.0 1802720.0512802054
15875.0 1617720.1305675905
15925.0 1749719.9565193274
15975.0 1760560.0777588082
16050.0 1715640.0103887753
16150.0 1607519.982990002
16250.0 1667360.1387201368
16350.0 1605400.0628984855
16450.0 1505320.1500775276
16550.0 1559159.9797899204
16650.0 1525120.049785192
16750.0 1469160.0056568137
16850.0 1378120.080518688
16950.0 1427999.9974707363
17050.0 1396920.0054854457
17150.0 1368880.0362329236
17250.0 1334879.9759635048
17350.0 1223920.0785629
17450.0 1272839.9582290347
17550.0 1253760.0967145092
17650.0 1227719.9953273137
17750.0 1204640.0498035292
17850.0 1179600.0063515187
17950.0 1157560.0445520678
18050.0 1129560.0746587464
18150.0 1044600.0137358751
18250.0 1075560.05335321
18350.0 1066439.9490469946
18450.0 1045400.0038240267
18550.0 1023400.0207128258
18650.0 1002360.0534173334
18750.0 921420.0815622901
18850.0 961035.9845806749
18950.0 944704.0555154278
19050.0 929239.962814971
19150.0 911319.9976666678
19250.0 893696.0405038915
19350.0 874788.0601178412
19450.0 807020.0302186068
19550.0 842139.9982290163
19650.0 828300.027058255
19750.0 812187.9679791178
19850.0 797760.0420491284
19950.0 783035.9884837572
20050.0 768716.0411374267
20150.0 754596.0262897952
20250.0 740779.9817023063
20350.0 727260.0426663413
20450.0 714340.0085633803
20550.0 701424.0388048014
20650.0 688512.0029492766
20750.0 676488.0065095738
20850.0 664571.9969111666
20950.0 652756.0369105405
21050.0 641143.9995936172
21150.0 629035.9733207918
21250.0 618116.0018460741
21350.0 607500.0277908356
21450.0 597776.0054887866
21550.0 586572.0212906948
21650.0 543292.0257783608
21750.0 565155.990601588
21850.0 558023.9659743276
21950.0 548711.9965012498
22050.0 539204.0299145929
22150.0 529596.0284484924
22250.0 521576.0203641378
22350.0 512863.99446028663
22450.0 504448.02675837296
22550.0 495744.0168987049
22650.0 487927.9921494775
22750.0 479920.0154385636
22850.0 472411.9947586302
22950.0 464704.0145478226
23050.0 457492.00697038835
23150.0 450180.01174816146
23250.0 443168.0180590256
23350.0 436060.02651965537
23450.0 429151.9840639763
23550.0 422344.01151104976
23650.0 415631.9984469731
23750.0 409124.0167788029
23850.0 402611.99413490325
23950.0 396203.99461096193
24050.0 389496.0183841334
24150.0 382888.01624689717
24250.0 379087.9929693884
24350.0 371171.99380982673
24450.0 364667.9894843563
24550.0 362159.9981353529
24650.0 354452.0097013539
24750.0 349248.01157193916
24850.0 347943.99674885144
24950.0 332831.9997866844
25050.0 338228.00770691334
25150.0 333424.01159101
25250.0 316315.9990885464
25350.0 323512.00328963954
25450.0 319800.01039533585
25550.0 314199.9934072066
25650.0 295996.00097490975
25750.0 305787.99817250186
25850.0 301980.00070451584
25950.0 297972.0106286288
26050.0 291471.9987732579
26150.0 274068.0167066867
26250.0 267468.00705759437
26350.0 280155.9990715065
26450.0 278048.00625591277
26550.0 274335.99861488806
26650.0 269044.00933954446
26750.0 250435.99633618194
26850.0 261823.99765229042
26950.0 259316.00739136897
27050.0 255612.00330182767
27150.0 252204.0001101331
27250.0 248700.01215861607
27350.0 245200.01252516595
27450.0 241495.98869096857
27550.0 225800.00125589367
27650.0 231396.01037274138
27750.0 231984.00761569812
27850.0 228879.99732738172
27950.0 225871.99673866658
28050.0 222771.98680742396
28150.0 219768.00440242395
28250.0 216860.00200484722
28350.0 213960.01634862556
28450.0 211056.00278228565
28550.0 208252.00957673116
28650.0 203655.99967104782
28750.0 191056.0028278108
28850.0 199648.01499778416
28950.0 197339.99795229986
29050.0 194935.99171861814
29150.0 192236.00839041342
29250.0 189928.01478286707
29350.0 187523.99949981103
29450.0 185119.9999937847
29550.0 182720.00608280153
29650.0 180415.9952384121
29750.0 178112.00590503478
29850.0 175812.00329328148
29950.0 173608.01185920945
30050.0 171404.00248258948
30150.0 169203.99548796186
30250.0 166900.0111044706
30350.0 157704.0090662111
30450.0 159400.00480610342
30550.0 160796.01016587135
30650.0 158892.00481598004
30750.0 156988.0156390245
30850.0 154884.00127874696
30950.0 153084.0080225373
31050.0 151183.9941456234
31150.0 149280.00633294063
31250.0 147480.01490216405
31350.0 145771.9993515946
31450.0 143971.99155551734
31550.0 142271.9956588366
31650.0 140567.9917989177
31750.0 138863.9906154185
31850.0 137264.0068512583
31950.0 135563.99774537873
32100.0 133160.00132735318
32300.0 130056.00522048169
32500.0 127052.00295733765
32700.0 124048.00311382899
32900.0 117048.00702140668
33100.0 117443.99380162012
33300.0 115340.00045305923
33500.0 112832.00533653122
33700.0 110136.00605985825
33900.0 107732.00359693286
34100.0 105424.0013071013
34300.0 103124.00644090203
34500.0 100915.99850798729
34700.0 98677.59707069928
34900.0 96524.00260477467
35100.0 94451.19817111018
35300.0 92419.2017724246
35500.0 90376.40039375715
35700.0 88364.40666677814
35900.0 86822.40275690558
36100.0 84569.60332781282
36300.0 83277.60520992844
36500.0 80945.19554724282
36700.0 79923.599885959
36900.0 77362.00076407411
37100.0 76640.40510826984
37300.0 74110.39982355872
37500.0 71107.1977147058
37700.0 72134.79942867994
37900.0 70762.79949830828
38100.0 68461.19904318993
38300.0 67419.1981632668
38500.0 66677.6041159887
38700.0 65336.403700879055
38900.0 63984.79838081177
39100.0 61253.99862369684
39300.0 61631.60181597036
39500.0 60550.39970665853
39700.0 59418.80357356577
39900.0 58218.003049626015
40100.0 56426.803988793436
40300.0 54845.200049268315
40500.0 53344.79672412485
40700.0 53921.996921906204
40900.0 52950.80302173835
41100.0 51979.60439487734
41300.0 51018.3994075416
41500.0 50018.00121677315
41700.0 47527.200433372316
41900.0 48175.5985350379
42100.0 47344.4011356611
42300.0 46503.19818890452
42500.0 45662.39940702152
42700.0 44841.20197123603
42900.0 44040.40058939969
43100.0 43249.60117797966
43300.0 42478.80110233694
43500.0 41727.602748746656
43700.0 39777.599819154726
43900.0 40046.401935723145
44100.0 39565.199428818094
44300.0 38884.40087277767
44500.0 38213.19918311791
44700.0 37622.80082338914
44900.0 36902.002318686966
45100.0 36281.20244225057
45300.0 35660.40002821429
45500.0 35060.00278414611
45700.0 34459.60023633073
45900.0 33878.7999576599
46100.0 33318.0009446756
46300.0 32727.601315573305
46500.0 31167.60141719378
46700.0 30596.80126951277
46900.0 31085.60067604524
47100.0 30654.80111843367
47300.0 30164.002363281714
47500.0 29664.001328567872
47700.0 29193.199653054704
47900.0 28722.400715081338
48100.0 28262.001463058
48300.0 27811.59961729193
48500.0 27360.800724777822
48700.0 26940.399663863835
48900.0 26500.000354885047
49100.0 26099.199709309287
49300.0 25659.201932472635
49500.0 25298.800284282832
49700.0 24838.40016148287
49900.0 24517.999128154723
50100.0 24137.201145420982
50300.0 23686.8019150579
50500.0 23416.399831367464
50700.0 23056.000245692852
50900.0 22575.599112595817
51100.0 22305.60156712089
51300.0 21295.599730899994
51500.0 21664.40027619269
51700.0 21203.99907364303
51900.0 21053.60045175284
52100.0 20753.200040548247
52300.0 20443.20020503207
52500.0 20092.800259431617
52700.0 19652.00087013783
52900.0 19562.40059718975
53100.0 19311.60079588639
53300.0 19031.20028163206
53500.0 18741.200294231814
53700.0 18280.80057471888
53900.0 18040.401042363275
54100.0 17950.400582482867
54300.0 17699.599768399716
54500.0 17449.20051358906
54700.0 17199.199910748404
54900.0 16958.799897819223
55100.0 16648.801403924826
55300.0 16148.400199905103
55500.0 16238.399975398597
55700.0 16017.999730272782
55900.0 15797.600067059746
56100.0 15577.59962093855
56300.0 15367.200149729819
56500.0 15156.799915467338
56700.0 14946.800571962576
56900.0 14726.399191744667
57100.0 14156.399724500883
57300.0 14315.999848155705
57500.0 14155.600470146393
57700.0 13965.600736513898
57900.0 13775.200688961597
58100.0 13594.800676213197
58300.0 13395.201090492918
58500.0 13224.8011253856
58700.0 13044.799873305223
58900.0 12834.800649115929
59100.0 12274.799994188339
59300.0 12514.000301580021
59500.0 12044.001063782973
59700.0 12123.59920934516
59900.0 12053.601182744073
60100.0 11903.200370970175
60300.0 11753.19986926275
60500.0 11602.80039469591
60700.0 11452.799932785454
60900.0 11302.800460440263
61100.0 11162.400773905649
61300.0 11022.4002837695
61500.0 10882.000228752757
61700.0 10742.000656385282
61900.0 10611.600765456964
62100.0 10472.000248262935
62300.0 10341.599554560411
62500.0 10211.600797187637
62700.0 10071.199903713878
62900.0 9636.279621989625
63100.0 9806.000629305934
63300.0 9715.800750316208
63500.0 9597.680806068189
63700.0 9483.479879175522
63900.0 9365.400038031727
64200.0 9197.199895264246
64600.0 8975.119993665654
65000.0 8758.72008698217
65400.0 8562.560338433625
65800.0 8353.320233507246
66200.0 8158.040072606109
66600.0 7970.840021141456
67000.0 7786.680069487584
67400.0 7585.440029311262
67800.0 7290.320318762486
68200.0 7243.040291893545
68600.0 7102.839861485927
69000.0 6943.6801703856945
69400.0 6760.520372854765
69800.0 6634.360346308837
70200.0 6489.200403409146
70600.0 6344.000006713353
71000.0 6174.879880817768
71400.0 6070.719978491315
71800.0 5939.560080947057
72200.0 5809.440284805836
72600.0 5649.3201637888715
73000.0 5560.159702422286
73400.0 5447.000066466264
73800.0 5326.879903535188
74200.0 5204.759757477401
74600.0 4998.679929141474
75000.0 4819.559619640393
75400.0 4880.440388662563
75800.0 4789.280233440451
76200.0 4692.400076345958
76600.0 4605.080116507829
77000.0 4511.039880967354
77400.0 4411.99999992781
77800.0 4275.800214902383
78200.0 4240.680162471845
78600.0 4162.560284699615
79000.0 4080.4800215239625
79400.0 3999.440028462156
79800.0 3921.3200991416484
80200.0 3845.2400339138862
80600.0 3770.1598841713867
81000.0 3697.0799939950675
81400.0 3576.0000839424974
81800.0 3542.9201929289043
82200.0 3489.839883675763
82600.0 3423.7599967862448
83000.0 3359.680091101319
83400.0 3296.6000233037416
83800.0 3233.5599228906167
84200.0 3174.4802405235228
84600.0 3116.40021689158
85000.0 3057.4000668811395
85400.0 3002.320059440462
85800.0 2945.2400429974255
86200.0 2892.2001877658677
86600.0 2787.1601086062005
87000.0 2783.1199682890956
87400.0 2707.999936588914
87800.0 2661.960054929738
88200.0 2643.919976554967
88600.0 2592.8800072319154
89000.0 2551.8000391710743
89400.0 2506.7600920417917
89800.0 2463.680057235037
90200.0 2419.6401603213435
90600.0 2373.6001423377206
91000.0 2337.5598602219065
91400.0 2297.5201718958847
91800.0 2258.4801230645025
92200.0 2218.4399209765256
92600.0 2172.4000520729555
93000.0 2144.3599944916186
93400.0 2107.360176583518
93800.0 2033.2800511957248
94200.0 2031.240064528827
94600.0 2006.1600575349016
95000.0 1967.1600385288577
95400.0 1932.1600769142233
95800.0 1908.1199925646456
96200.0 1877.0801634867762
96600.0 1847.000063718846
97000.0 1817.0001185983176
97400.0 1787.9200249293306
97800.0 1758.9199653242367
98200.0 1726.920106036462
98600.0 1691.8800606367058
99000.0 1675.840003252275
99400.0 1649.7999912960706
99800.0 1623.760023359504
100200.0 1597.7599782503612
200000.0 102.51200324464794
400000.0 6.377760125622901
600000.0 1.2483200220347486
800000.0 0.3918080118250634
1000000.0 0.15936400503351014
1200000.0 0.0763588044762708
1400000.0 0.040992001001306996
1600000.0 0.023914400177366932
