wave flux
90.9000015258789 0.0
93.5 0.0
96.0999984741211 0.0
97.69999694824219 0.0
99.5999984741211 0.0
102.0 0.0
103.80000305175781 0.0
105.5999984741211 0.0
107.69999694824219 0.0
110.4000015258789 0.0
114.0 0.0
117.80000305175781 0.0
121.30000305175781 0.0
124.80000305175781 0.0
127.0999984741211 0.0
128.39999389648438 0.0
130.5 0.0
132.39999389648438 0.0
133.89999389648438 0.0
136.60000610351562 0.0
139.8000030517578 0.0
143.3000030517578 0.0
147.1999969482422 0.0
151.0 0.0
155.1999969482422 0.0
158.8000030517578 0.0
162.0 0.0
166.0 0.0
170.3000030517578 0.0
173.39999389648438 0.0
176.8000030517578 0.0
180.1999969482422 0.0
181.6999969482422 0.0
186.10000610351562 0.0
191.0 0.0
193.89999389648438 0.0
198.39999389648438 0.0
201.8000030517578 0.0
205.0 0.0
210.5 0.0
216.1999969482422 0.0
219.8000030517578 0.0
223.0 0.0
226.8000030517578 0.0
230.0 0.0
234.0 0.0
240.0 0.0
246.5 0.0
252.39999389648438 0.0
256.79998779296875 0.0
260.0 0.0
264.0 0.0
268.5 0.0
273.5 0.0
278.5 0.0
284.0 0.0
290.0 0.0
296.0 0.0
301.0 0.0
308.0 0.0
318.0 0.0
328.0 0.0
338.0 0.0
348.0 0.0
357.0 0.0
366.0 0.0
375.0 0.0
385.0 0.0
395.0 0.0
405.0 0.0
414.0 0.0
422.0 0.0
430.0 0.0
441.0 0.0
451.0 1.447200051656495e-25
460.0 6.165599515242296e-25
470.0 2.880800125477355e-24
480.0 1.4279199098767793e-23
490.0 5.921175963673555e-23
500.0 2.3110041003302254e-22
506.0 6.771800097542805e-22
512.0 1.6424159789861264e-21
520.0 4.4464402390879094e-21
530.0 1.486980027131826e-20
540.0 4.6739598923411326e-20
550.0 1.4230920166108e-19
560.0 4.133912325968873e-19
570.0 1.1538560078688128e-18
580.0 3.0706281326394365e-18
590.0 8.061600354459185e-18
600.0 2.023836080629596e-17
610.0 4.92487999919937e-17
620.0 1.1615600352867016e-16
630.0 2.6635600840885353e-16
640.0 5.945120161567873e-16
650.0 1.2923960024379697e-15
658.0 2.362707961279e-15
665.0 3.9514399728436576e-15
675.0 8.089760030471162e-15
685.0 1.6207640627090304e-14
695.0 3.17460011150212e-14
705.0 6.078479760024808e-14
716.0 1.2215440973200824e-13
726.0 2.2539999913407685e-13
735.0 3.8513999018867026e-13
745.0 6.872680065334304e-13
755.0 1.2064039839319488e-12
765.0 2.0860801647993642e-12
775.0 3.549200189233153e-12
785.0 5.956960120150287e-12
795.0 9.776360063533489e-12
805.0 1.6027120034264726e-11
815.0 2.5878000441850632e-11
825.0 4.1164400094703963e-11
835.0 6.471079909519195e-11
845.0 1.0052400024953149e-10
855.0 1.5444600754036744e-10
865.0 2.34639999104328e-10
875.0 3.522920008870137e-10
885.0 5.251759997528045e-10
895.0 7.742160237294255e-10
905.0 1.1301760166509152e-09
915.0 1.0667480353683886e-06
925.0 3.894840237932463e-06
935.0 5.535879909591699e-06
945.0 8.107999972349845e-06
955.0 1.2253280096509848e-05
965.0 1.775720072097668e-05
975.0 2.4583599839817172e-05
985.0 3.443999871003721e-05
995.0 4.78044006852108e-05
1005.0 6.900000446011873e-05
1015.0 9.417560477846956e-05
1025.0 0.00012444440451228058
1035.0 0.00017732401193369435
1045.0 0.00024102001041478353
1055.0 0.00031902801041744903
1065.0 0.000426228018490102
1075.0 0.0005705239961625093
1085.0 0.0007579640237071295
1095.0 0.0009786520054508817
1105.0 0.0027361199974728326
1115.0 0.006982680261387809
1125.0 0.009989760059898968
1135.0 0.014637280091818144
1145.0 0.018943200766634
1155.0 0.022102800149398628
1165.0 0.029598402150005622
1175.0 0.03722959915413403
1185.0 0.041807600958443325
1195.0 0.03554880076647143
1205.0 0.03756640070332343
1215.0 0.014414399930591834
1225.0 0.04912480136497675
1235.0 0.09198520229836796
1245.0 0.12554200056026238
1255.0 0.151482398996419
1265.0 0.16552800865263398
1275.0 0.2001519950097011
1285.0 0.23327600108585156
1295.0 0.2825160051201024
1305.0 0.3040440164129858
1315.0 0.3750000078598466
1325.0 0.4062040144882836
1335.0 0.46806402442358735
1345.0 0.5366760190854751
1355.0 0.6347520097493257
1365.0 0.6956800453370963
1375.0 0.786172000262966
1385.0 0.8819080206116766
1395.0 1.0032400100002172
1405.0 1.2079560065900672
1415.0 1.3725919843833398
1425.0 1.5703599722003172
1435.0 1.8330400608968502
1442.0 2.1979600678106466
1447.0 2.1128400109242613
1455.0 2.4368800451475754
1465.0 2.8978001100764437
1475.0 3.0155599017867183
1485.0 3.5253600340358586
1495.0 4.424200231100035
1505.0 5.264240225894513
1512.0 4.666960113754787
1517.0 5.856480157430615
1525.0 7.757280571694622
1535.0 24.368800089349346
1545.0 27.09480025604718
1555.0 43.30040298553058
1565.0 41.68759945945957
1575.0 73.4272009834959
1585.0 89.46120496882898
1595.0 103.8707986467124
1605.0 114.60519913651183
1615.0 127.38000054029777
1625.0 145.38000284085587
1635.0 168.03199681726358
1645.0 236.93999947930308
1655.0 157.2600097315056
1665.0 275.8719987129599
1672.0 198.94000941983376
1677.0 323.36799801349787
1685.0 556.463992435482
1695.0 871.524017906954
1705.0 1086.7440403256812
1715.0 1072.8600365526534
1725.0 1344.0800714722477
1735.0 1632.7200623926967
1745.0 2229.479992523215
1755.0 3088.4801446299975
1765.0 2650.7600961874205
1775.0 3085.6400667064504
1785.0 4110.080144512101
1795.0 4982.440116157156
1805.0 5084.6799132825145
1815.0 4668.4399544821335
1825.0 5697.800182535284
1835.0 6273.600042103792
1845.0 4538.87989264837
1855.0 6784.800171395032
1865.0 8480.080189297887
1875.0 9044.440252279634
1885.0 9822.719963545398
1895.0 12434.400271723101
1905.0 11837.200268791154
1915.0 13249.60044358347
1925.0 12918.000360802722
1935.0 8919.87996465645
1945.0 17060.000054599153
1955.0 17761.20094402985
1967.0 23034.400628780226
1976.0 21298.80056148161
1984.0 22246.401137531448
1995.0 24199.200647426853
2005.0 24564.399216822134
2015.0 27548.00102503041
2025.0 22578.40099860594
2035.0 31270.400636547703
2045.0 36202.00160061414
2055.0 36485.998807362754
2065.0 36572.00073786395
2074.0 37880.800686188326
2078.0 49913.99880899307
2085.0 50553.60035669923
2095.0 79294.40512037644
2105.0 160040.00090711727
2115.0 219308.01237957328
2125.0 179903.9927285294
2135.0 185967.99727440518
2145.0 271883.99589208583
2155.0 259828.01304983313
2165.0 218732.00362108147
2175.0 218175.991266229
2185.0 334204.00789108966
2195.0 317316.01486168144
2205.0 300599.9927274649
2215.0 202208.002772355
2225.0 282624.0102571054
2235.0 421707.9784192386
2245.0 394015.9960676743
2255.0 270591.9961838977
2265.0 222988.0060078823
2275.0 261708.00987406014
2285.0 408420.0117836658
2295.0 286956.0034799342
2305.0 402343.99240865844
2315.0 327992.0135509951
2325.0 302711.9929543986
2335.0 229668.00767591086
2345.0 135480.0072619102
2355.0 320788.0192799046
2365.0 164204.00561265976
2375.0 224168.00163370572
2385.0 121792.0063199063
2395.0 163223.99544741554
2405.0 167968.0044798316
2415.0 197676.00927588853
2425.0 395392.0016976299
2435.0 396996.0226296059
2445.0 511672.00175926584
2455.0 553056.0374618167
2465.0 442983.99761787266
2475.0 378420.02182348183
2485.0 164387.99662706582
2495.0 259772.01330617725
2505.0 410495.9817780398
2513.0 183780.0033649931
2518.0 128856.0021417195
2525.0 129940.00018389206
2535.0 178808.00746570053
2545.0 229972.01194855606
2555.0 552731.9954390968
2565.0 467303.98794061027
2575.0 706008.0571566747
2585.0 627035.9857778888
2595.0 550516.0062791136
2605.0 428680.0215582133
2615.0 387848.01553515455
2625.0 570804.0166231311
2635.0 1232279.98574033
2645.0 1680240.0341154956
2655.0 2444000.0388978827
2665.0 1383400.0376039546
2675.0 1637800.0022268577
2685.0 1996960.0544939095
2695.0 1340360.112685587
2705.0 1749760.029037807
2715.0 1148879.977648065
2725.0 804424.0458367362
2735.0 1087120.0406755202
2745.0 552760.0205968858
2755.0 833699.9880678375
2765.0 1175359.9869363909
2775.0 1201840.0314896198
2785.0 603043.9792617585
2795.0 247383.99513194323
2805.0 312512.0021899911
2815.0 1023071.9683421701
2825.0 1679920.0895512046
2835.0 1473319.980759209
2845.0 795988.010416911
2855.0 373476.0178875184
2865.0 1221920.0656426921
2875.0 2058440.0838043783
2885.0 1830439.9607865715
2895.0 2402879.9616053742
2910.0 3260840.034177915
2930.0 2866720.1327719055
2950.0 2731279.914662871
2970.0 2882919.987470782
2990.0 2860120.1408815673
3010.0 2850880.0548998094
3030.0 3138520.0754961767
3050.0 3263719.900531129
3070.0 3438600.0696547395
3090.0 3199559.9229357387
3110.0 3664080.0986857675
3130.0 3441479.9516678927
3150.0 3292560.074738978
3170.0 3600519.876375232
3190.0 3183479.9853807576
3210.0 3534880.1695489045
3230.0 2897920.1223514327
3250.0 4055680.006113704
3270.0 4812400.015382747
3290.0 4640120.0127062965
3310.0 4388680.198218352
3330.0 4452120.181756578
3350.0 4311000.107423692
3370.0 3265840.0345589104
3390.0 3808279.8356650756
3410.0 3885160.261883792
3430.0 4100239.956757412
3450.0 4267520.115825846
3470.0 4429359.939762991
3490.0 4854840.125604831
3510.0 5081880.103089116
3530.0 4662480.201958354
3550.0 5450199.836111884
3570.0 3945040.061314796
3590.0 3986720.088730727
3610.0 4609199.877636503
3630.0 4675880.173775962
3640.0 4740679.997928199
3650.0 5434280.226718623
3670.0 5594799.921457306
3690.0 5321440.198857244
3710.0 5576639.894212072
3730.0 4076760.1087273234
3750.0 4590560.104532944
3770.0 5524640.2998380475
3790.0 5727360.076996179
3810.0 5575640.074966786
3830.0 3379560.114603493
3850.0 4557799.893904041
3870.0 4462120.016962541
3890.0 5168159.937860666
3910.0 6093119.663149546
3930.0 3217480.007055194
3950.0 5452079.8618185
3970.0 3760440.083045103
3990.0 7377559.714704627
4010.0 7889000.041860365
4030.0 7809439.92485033
4050.0 7505000.064371623
4070.0 7277120.114870413
4090.0 8291560.300608938
4110.0 7972280.016681863
4130.0 8085279.983002577
4150.0 8067400.346925222
4170.0 8150879.833842216
4190.0 7711360.542126076
4210.0 7861159.615665903
4230.0 7501440.05060334
4250.0 7631080.165727366
4270.0 7112240.238433364
4290.0 6473920.353234897
4310.0 5401640.179381258
4330.0 7829120.1172413975
4350.0 7443880.044790905
4370.0 8249119.731137167
4390.0 7498480.307975892
4410.0 8089960.063921074
4430.0 8636879.833643286
4450.0 8545280.646472145
4470.0 9001480.009490546
4490.0 9100000.685912577
4510.0 9950880.261764955
4530.0 9024160.331237823
4550.0 9316919.838981738
4570.0 9867680.534806771
4590.0 9331639.711952213
4610.0 9543919.68912631
4630.0 9408080.096013673
4650.0 9488760.476933194
4670.0 9724840.321139455
4690.0 9529119.786280135
4710.0 9174920.181494556
4730.0 9593720.049603613
4750.0 9738439.999684194
4770.0 9747759.785590217
4790.0 9694320.526387824
4810.0 9590079.525620978
4830.0 9716639.893338235
4850.0 9120080.333067557
4870.0 8131200.331776032
4890.0 9219559.800534775
4910.0 9216799.86000824
4930.0 9028080.224766122
4950.0 9375880.578343201
4970.0 9459200.402602926
4990.0 8834880.597398182
5010.0 8470999.628633013
5030.0 8951080.00097847
5050.0 8938439.978536917
5070.0 9276240.112284694
5090.0 8919360.255614592
5110.0 9054639.786587916
5130.0 8838800.338254185
5150.0 8523639.934932048
5170.0 7653880.122213791
5190.0 7762920.281653936
5210.0 8548840.337765811
5230.0 8690000.028418045
5250.0 8954480.273328766
5270.0 7936640.133302693
5290.0 8867720.887217935
5310.0 9149800.712564826
5330.0 8276519.977298484
5350.0 8868200.581887033
5370.0 8842000.07573873
5390.0 8734760.199405463
5410.0 8437199.73848266
5430.0 8660400.327598719
5450.0 8866840.022614457
5470.0 8699839.906894878
5490.0 8639959.975441884
5510.0 8639039.454288796
5530.0 8692040.532473339
5550.0 8792960.086071974
5570.0 8536079.720873218
5590.0 8355599.669135573
5610.0 8596320.154199373
5630.0 8626200.397410898
5650.0 8599200.19445228
5670.0 8398719.608494807
5690.0 8507719.978111016
5710.0 8338400.170229787
5730.0 8799559.845497152
5750.0 8527960.061144598
5770.0 8596240.543381095
5790.0 8363079.669547355
5810.0 8528320.083405614
5830.0 8619360.671526669
5850.0 8426000.339826
5870.0 8427360.320843697
5890.0 7799520.17878531
5910.0 8330080.0121393055
5930.0 8302720.261523169
5950.0 8305160.739482893
5970.0 8309639.515761209
5990.0 8222760.75692434
6010.0 8087639.6376052415
6030.0 8095720.714129166
6050.0 8226880.612075389
6070.0 8167720.230165056
6090.0 7988080.206432298
6110.0 7914080.275732504
6130.0 7636480.536560382
6150.0 7733400.229371638
6170.0 7477880.174011746
6190.0 7838280.535315617
6210.0 7845640.122150998
6230.0 7641520.382907125
6250.0 7425319.942240814
6270.0 7700640.3719309755
6290.0 7717679.99786935
6310.0 7493680.380998807
6330.0 7512280.057941842
6350.0 7519159.643544437
6370.0 7480520.072959247
6390.0 7516040.097449669
6410.0 7337360.06212407
6430.0 7401120.734856064
6450.0 7301680.166768615
6470.0 7272760.594865386
6490.0 7170240.623044998
6510.0 7309679.998728227
6530.0 7295079.666891997
6550.0 7061760.08645239
6570.0 6351000.211652912
6590.0 7117160.553370277
6610.0 7202240.416180834
6630.0 7143080.082704409
6650.0 7117600.412179176
6670.0 7026800.028274199
6690.0 7107240.3465675665
6710.0 6966160.284102865
6730.0 7025720.266390628
6750.0 6941680.175851862
6770.0 6927520.39401278
6790.0 6890880.175120335
6810.0 6838160.223084698
6830.0 6863200.122042368
6850.0 6718800.052570558
6870.0 6765320.413157057
6890.0 6758440.503237376
6910.0 6705880.416729015
6930.0 6673479.704187009
6950.0 6638080.332201396
6970.0 6626280.119389244
6990.0 6593120.464532971
7010.0 6412360.18350845
7030.0 6492360.125224541
7050.0 6501799.983081402
7070.0 6438480.446640432
7090.0 6402839.913526864
7110.0 6400920.127477596
7130.0 6306560.280889326
7150.0 6258239.972862338
7170.0 6239879.94648186
7190.0 6083800.290845512
7210.0 6175160.336421331
7230.0 6168960.375195572
7250.0 6180640.031689886
7270.0 6151480.225054806
7290.0 5991679.951346593
7310.0 6068280.324905719
7330.0 6032719.800524833
7350.0 6040640.033339246
7370.0 6031680.1679335
7390.0 5887800.13923626
7410.0 5805680.069477046
7430.0 5857360.147497812
7450.0 5856120.268960142
7470.0 5882800.020313325
7490.0 5819160.440992284
7510.0 5812760.076632135
7530.0 5803199.974866476
7550.0 5801880.295395499
7570.0 5738239.984309673
7590.0 5717919.767827916
7610.0 5676280.006124866
7630.0 5688879.878064442
7650.0 5656080.035284114
7670.0 5512600.470101223
7690.0 5597799.782703933
7710.0 5530720.273650762
7730.0 5526479.8780439645
7750.0 5453759.967715474
7770.0 5506759.872918781
7790.0 5498960.15692937
7810.0 5459400.021979635
7830.0 5395840.339068882
7850.0 5383280.158230394
7870.0 5408119.974969871
7890.0 5370039.7665648665
7910.0 5297040.032868571
7930.0 5193919.792291333
7950.0 5192319.895309258
7970.0 5261600.1337588
7990.0 5250199.908584276
8010.0 5177719.965261249
8030.0 5160080.107147685
8050.0 5110920.021324913
8070.0 5136680.195027262
8090.0 5042600.410571483
8110.0 5074520.147244293
8130.0 5081879.932252249
8150.0 5044480.189184608
8170.0 5022920.434381254
8190.0 4873039.999629165
8210.0 4882640.174511581
8230.0 4866239.940448218
8250.0 4893520.069310713
8270.0 4920680.17517567
8290.0 4886279.972667338
8310.0 4792120.027238241
8330.0 4756320.071437084
8350.0 4772479.977191504
8370.0 4784320.277148473
8390.0 4692400.075614637
8410.0 4749360.339055356
8430.0 4657200.155899122
8450.0 4670599.979069309
8470.0 4633759.989108399
8490.0 4574800.260106771
8510.0 4370880.0420245165
8530.0 4494240.234640912
8550.0 3882600.0639242847
8570.0 4580320.168867272
8590.0 4495200.054228354
8610.0 4478560.000816208
8630.0 4511440.085855898
8650.0 4441239.740247717
8670.0 3860079.958666544
8690.0 4340840.243151761
8710.0 4403319.9681126205
8730.0 4380359.977481811
8750.0 4279199.990603688
8770.0 4369400.152861257
8790.0 4336040.009793497
8810.0 4234360.098668423
8830.0 4290160.211162325
8850.0 4268079.9638860235
8870.0 4134480.1570573603
8890.0 4265879.96011817
8910.0 4267800.03381424
8930.0 4187720.053514912
8950.0 4186120.3137013856
8970.0 4181640.3389410353
8990.0 4178760.08623409
9010.0 3952479.992910819
9030.0 4088119.9891061336
9050.0 4151960.011946888
9070.0 4074760.2794947927
9090.0 3967119.87499447
9110.0 4004320.267106659
9130.0 4060480.1221163687
9150.0 4018200.2365880287
9170.0 3990119.8286959515
9190.0 3992720.17590121
9210.0 3884120.3150557172
9230.0 3758840.0051728627
9250.0 3827680.011852059
9270.0 3879720.066836608
9290.0 3881680.060840283
9310.0 3890040.3578529875
9330.0 3862640.143939852
9350.0 3841640.076447342
9370.0 3820559.9356925297
9390.0 3808239.790358787
9410.0 3656320.049221891
9430.0 3749279.9693784947
9450.0 3701439.9784263456
9470.0 3747199.766664353
9490.0 3743880.056578971
9510.0 3714080.2156604207
9530.0 3672799.903182281
9550.0 3516000.0708410926
9570.0 3636560.06699743
9590.0 3663040.0395986517
9610.0 3621560.061974598
9630.0 3588240.076897901
9650.0 3570799.9786136867
9670.0 3549999.982849421
9690.0 3573600.196820582
9710.0 3558240.157968138
9730.0 3546920.1358687915
9750.0 3504360.1431244835
9770.0 3505360.0039440114
9790.0 3479360.2038299367
9810.0 3493719.9645874016
9830.0 3471480.066203227
9850.0 3465999.8930986216
9870.0 3433760.0841554548
9890.0 3419200.0108798975
9910.0 3395120.0605608225
9930.0 3417120.033446544
9950.0 3400960.097383281
9970.0 3389640.1194490963
9990.0 3370400.0271847416
10025.0 3321480.037710695
10075.0 3248800.035879361
10125.0 3269800.1148545146
10175.0 3210560.0898658275
10225.0 3197239.9536226653
10275.0 3180759.944655692
10325.0 3122199.9913513116
10375.0 3092880.080515461
10425.0 3079320.10321631
10475.0 3022440.0458976985
10525.0 3013280.010610795
10575.0 2969880.008623952
10625.0 2935480.019064485
10675.0 2862360.0191715327
10725.0 2865440.0911318134
10775.0 2827280.027844886
10825.0 2765880.110853079
10875.0 2751479.9782189736
10925.0 2684040.147684518
10975.0 2662999.9169866205
11025.0 2675800.0118545485
11075.0 2670479.9756797333
11125.0 2634920.1222287333
11175.0 2609360.0373145766
11225.0 2598039.9071428147
11275.0 2537319.9218330276
11325.0 2532760.2208979833
11375.0 2505999.9970518365
11425.0 2470200.0608707448
11475.0 2484200.103789978
11525.0 2462800.021193939
11575.0 2424560.066245829
11625.0 2381920.0292851524
11675.0 2369280.0268750708
11725.0 2378440.02364404
11775.0 2319639.8763068616
11825.0 2294800.023160672
11875.0 2272320.0172782526
11925.0 2296319.950872555
11975.0 2205160.0224179067
12025.0 2221840.1696681045
12075.0 2191600.1996718175
12125.0 2189200.0340594747
12175.0 2192040.1627429277
12225.0 2170720.011118136
12275.0 2140480.0975459875
12325.0 2128240.0110057318
12375.0 2109000.1276185564
12425.0 2084920.1442514022
12475.0 2076599.9580967403
12525.0 2051279.9172473405
12575.0 2033880.000284754
12625.0 2015800.0586229372
12675.0 1991799.9965600683
12725.0 1985399.967580881
12775.0 1963679.8970078267
12825.0 1837880.0742905543
12875.0 1923439.9752702196
12925.0 1905680.0490803244
12975.0 1903360.1062660732
13025.0 1876279.9732634432
13075.0 1872040.1126367047
13125.0 1835879.9133926546
13175.0 1818719.9378068103
13225.0 1823480.0919085483
13275.0 1790480.0984339123
13325.0 1786160.039588654
13375.0 1769000.0230901884
13425.0 1764759.9710527349
13475.0 1747599.9866612745
13525.0 1734360.0792754572
13575.0 1704280.1419142538
13625.0 1697200.0006521104
13675.0 1682959.9304021269
13725.0 1669479.9997103787
13775.0 1657480.0067096737
13825.0 1647319.9454843628
13875.0 1636400.0386282443
13925.0 1622999.9550861712
13975.0 1608920.0398118661
14025.0 1586840.0429734248
14075.0 1582760.0390799076
14125.0 1553760.0753236606
14175.0 1556599.9883551663
14225.0 1523519.9880125353
14275.0 1497440.0451646387
14325.0 1514120.0732030284
14375.0 1511960.0373312412
14425.0 1455640.0270980883
14475.0 1483640.0509351264
14525.0 1447479.9813884534
14570.0 1450560.093948142
14620.0 1441240.0797014686
14675.0 1431239.9569854832
14725.0 1403079.9556598389
14775.0 1396840.0573835403
14825.0 1390840.0285847206
14875.0 1350760.0446631624
14925.0 1384600.0618047751
14975.0 1362360.015624658
15025.0 1316599.9475106152
15075.0 1316359.941075604
15125.0 1334120.0400290883
15175.0 1329960.049823181
15225.0 1304879.9998632437
15275.0 1307639.9855498231
15325.0 1293559.9540731567
15375.0 1284400.0063611185
15425.0 1276160.0451756364
15475.0 1267080.0293674339
15525.0 1248159.9219552446
15575.0 1237000.022081508
15625.0 1240919.9997288715
15675.0 1210840.0056677894
15725.0 1209680.0378406057
15775.0 1163920.014060959
15825.0 1180680.0492659947
15875.0 1138360.0483165632
15925.0 1159360.010701875
15975.0 1157360.0839571569
16050.0 1142119.96805663
16150.0 1114720.0623505877
16250.0 1112879.9977920637
16350.0 1080560.066009985
16450.0 1051080.0049808421
16550.0 1053479.9344307422
16650.0 1033399.9936758693
16750.0 996184.0231832388
16850.0 962428.0264992801
16950.0 977355.975890225
17050.0 947048.014185062
17150.0 929184.0381157724
17250.0 903651.9810578399
17350.0 853887.990740283
17450.0 864948.0369670242
17550.0 858228.0496621183
17650.0 840448.0032652596
17750.0 823556.0299363177
17850.0 811020.0051245168
17950.0 795988.0235740049
18050.0 776043.9986005531
18150.0 734284.0487077227
18250.0 738040.0010038926
18350.0 731207.9873793414
18450.0 711523.9786062959
18550.0 703380.040452862
18650.0 683508.0014123924
18750.0 636888.0016295349
18850.0 659907.9933874801
18950.0 636696.020453188
19050.0 640532.0276192651
19150.0 626292.0369348536
19250.0 615412.0017968719
19350.0 598223.9840106796
19450.0 562715.9697878564
19550.0 580079.9999478613
19650.0 569736.0417315635
19750.0 557020.0205114739
19850.0 550364.0213583114
19950.0 540315.9925983348
20050.0 533536.0443705069
20150.0 526287.9958970381
20250.0 512388.0183630537
20350.0 500140.0070228406
20450.0 498375.9991099227
20550.0 487952.01050910196
20650.0 476435.98597997753
20750.0 470279.999296209
20850.0 462047.9949452246
20950.0 451140.0105251852
21050.0 447460.01460883435
21150.0 438628.0060298297
21250.0 430896.0043459041
21350.0 424464.0151065663
21450.0 418131.98732685857
21550.0 410052.01208543376
21650.0 384875.9874723438
21750.0 392395.98845916765
21850.0 387827.9879794337
21950.0 384503.99987616274
22050.0 374196.0112017694
22150.0 371523.9982477882
22250.0 364840.01597285643
22350.0 358815.9981859738
22450.0 353084.00240321364
22550.0 346236.0003709453
22650.0 340544.0182198087
22750.0 336687.99965027
22850.0 328896.00337183155
22950.0 322584.0131047636
23050.0 319988.0177679707
23150.0 314256.0098224593
23250.0 306308.0105639594
23350.0 302680.0108922985
23450.0 300208.02468708105
23550.0 290984.0012864448
23650.0 290016.01544792333
23750.0 283784.01249435183
23850.0 276611.99780778587
23950.0 276275.9911121053
24050.0 272211.9953223234
24150.0 264624.01020389085
24250.0 263027.98892872134
24350.0 258979.99293598466
24450.0 254627.9900606043
24550.0 248512.0112577585
24650.0 248324.01437520597
24750.0 242948.00810830446
24850.0 237163.98711832258
24950.0 236684.0055924751
25050.0 233659.99291863738
25150.0 229300.00222614774
25250.0 227228.00451127323
25350.0 223620.0127542356
25450.0 219128.00103533117
25550.0 216296.0105127675
25650.0 213056.0148429311
25750.0 211740.00707147125
25850.0 205672.00058269157
25950.0 204931.9969359531
26050.0 202491.9978919439
26150.0 198652.00470003678
26250.0 188716.01038681332
26350.0 192652.00929317373
26450.0 190060.01532045062
26550.0 187760.007707009
26650.0 184043.9986545503
26750.0 182871.99204076143
26850.0 181396.00644436842
26950.0 178804.0135577834
27050.0 176488.0004212458
27150.0 173879.99963231714
27250.0 171572.0049754501
27350.0 169264.01044136402
27450.0 167332.00886853124
27550.0 163484.00648831425
27650.0 161800.0129794275
27750.0 160215.99661275523
27850.0 158208.00325417417
27950.0 156400.01171529217
28050.0 154284.0150899962
28150.0 152283.99796188896
28250.0 150268.00266180126
28350.0 148560.00767617926
28450.0 145960.00646958724
28550.0 144343.99580831325
28650.0 142112.0006616409
28750.0 138864.00632554074
28850.0 138612.00625741688
28950.0 137111.99982387084
29050.0 135312.01046285257
29150.0 133596.00390690193
29250.0 131304.00790290872
29350.0 130187.99948547539
29450.0 128279.9990356769
29550.0 126879.99850757996
29650.0 125364.00312421391
29750.0 123756.00020333238
29850.0 122247.9985336224
29950.0 120447.99385959259
30050.0 118940.00276600529
30150.0 117640.00180090591
30250.0 116024.00352133604
30350.0 113075.99537021748
30450.0 112492.00892380637
30550.0 111815.99447080742
30650.0 110216.00474322861
30750.0 109208.00149676698
30850.0 107600.00703740929
30950.0 106300.00013112946
31050.0 105284.00578400677
31150.0 103084.00494258045
31250.0 102675.99769115596
31350.0 101376.00612534721
31450.0 100277.19936666967
31550.0 98667.99657852438
31650.0 97760.00301409047
31750.0 96560.00272364267
31850.0 95473.60339241914
31950.0 94487.19478823844
32100.0 92641.60702811628
32300.0 90525.19361810359
32500.0 88406.40023003978
32700.0 86337.59944132382
32900.0 83377.60062917293
33100.0 82156.79878543722
33300.0 80318.40606123871
33500.0 78749.60377222158
33700.0 76890.79764312862
33900.0 75028.39813131117
34100.0 73291.1989784447
34300.0 71983.19887623322
34500.0 70469.20224297933
34700.0 68892.80604753717
34900.0 67436.40439060905
35100.0 65990.7997759454
35300.0 64447.60134538152
35500.0 63180.40367023882
35700.0 61746.397505550114
35900.0 60421.598363826
36100.0 59316.00001525837
36300.0 58051.19959138311
36500.0 56608.0001574585
36700.0 55414.00023327703
36900.0 54049.99790959411
37100.0 52937.60071971385
37300.0 51901.598106388
37500.0 50325.200332005574
37700.0 49992.40350217311
37900.0 48979.99951266748
38100.0 48044.40035109044
38300.0 47191.20123021359
38500.0 46308.00277241963
38700.0 45294.79734561153
38900.0 44371.59820829723
39100.0 43636.798653392776
39300.0 42775.20213518185
39500.0 41812.80004848056
39700.0 41119.60196432494
39900.0 40097.99968920715
40100.0 39432.40028426246
40300.0 38808.40169657154
40500.0 37625.59957194309
40700.0 37285.200277286116
40900.0 36632.00166400877
41100.0 35990.39941634887
41300.0 35367.999369288
41500.0 34634.7992491772
41700.0 34010.80192062402
41900.0 33400.800558945106
42100.0 32620.80125599902
42300.0 32286.000962643106
42500.0 31624.401610990844
42700.0 31121.99922712794
42900.0 30144.00186773597
43100.0 29357.200140421064
43300.0 29016.000473714663
43500.0 28047.202490693657
43700.0 27451.60075325686
43900.0 27176.799832709992
44100.0 26170.400744419454
44300.0 25951.601415639198
44500.0 25586.801204044878
44700.0 24727.99985876664
44900.0 24606.801012852706
45100.0 24174.401252429703
45300.0 23454.001099725378
45500.0 23265.20083863932
45700.0 22969.600525686285
45900.0 22297.60119734709
46100.0 22129.599527616607
46300.0 21748.000461401367
46500.0 21279.200680401937
46700.0 21060.00042128605
46900.0 20800.80084746099
47100.0 20450.800118907904
47300.0 20245.999675899282
47500.0 19885.201425866337
47700.0 19544.400217422717
47900.0 19271.99948063782
48100.0 18892.00092371827
48300.0 18745.60032440342
48500.0 18405.600560425686
48700.0 18095.599365601785
48900.0 17843.200687012242
49100.0 17571.600360924553
49300.0 17309.999168353508
49500.0 17028.400375730536
49700.0 16776.800141492153
49900.0 16565.200704552768
50100.0 16255.200237669693
50300.0 16081.99983535136
50500.0 15772.000428597408
50700.0 15569.600485489398
50900.0 15368.800230238094
51100.0 15097.201090718601
51300.0 14862.40032450303
51500.0 14675.600345161243
51700.0 14532.399882577192
51900.0 14262.399607381234
52100.0 14041.599926626806
52300.0 13830.80088020259
52500.0 13678.400030652889
52700.0 13506.799747581637
52900.0 13247.600034793875
53100.0 13095.999830984787
53300.0 12895.199589549717
53500.0 12733.600659742478
53700.0 12542.800469619691
53900.0 12391.200846396112
54100.0 12211.200421697115
54300.0 11991.200585096281
54500.0 11879.600087885194
54700.0 11698.799584337516
54900.0 11528.800739043802
55100.0 11397.200503140195
55300.0 11274.800111189454
55500.0 11066.399939883311
55700.0 10974.000748733324
55900.0 10764.00030581262
56100.0 10643.999933248524
56300.0 10493.199473840019
56500.0 10391.599911644826
56700.0 10250.800298347625
56900.0 10080.800833545225
57100.0 9979.200458730582
57300.0 9848.279803153597
57500.0 9715.640713607858
57700.0 9583.920274857142
57900.0 9469.799607816445
58100.0 9335.79936652666
58300.0 9221.000221641241
58500.0 9110.200172382252
58700.0 8977.960585473478
58900.0 8850.24049149436
59100.0 8732.43980547364
59300.0 8645.11988971797
59500.0 8511.40024685013
59700.0 8431.840247925642
59900.0 8324.520052943477
60100.0 8214.879878388056
60300.0 8116.559926967858
60500.0 8011.320139637247
60700.0 7906.760197701984
60900.0 7803.359986931178
61100.0 7692.88016787901
61300.0 7617.320182717275
61500.0 7527.919877628641
61700.0 7435.3598634293485
61900.0 7345.880161819155
62100.0 7255.560031120397
62300.0 7145.159819588397
62500.0 7065.000095490683
62700.0 6981.520000930112
62900.0 6899.960109001019
63100.0 6804.880051566773
63300.0 6742.320506412661
63500.0 6655.160181664676
63700.0 6576.600311643783
63900.0 6492.519725542975
64200.0 6381.880214551014
64600.0 6223.400074491736
65000.0 6075.680039658569
65400.0 5939.200035714785
65800.0 5802.560281792875
66200.0 5664.159962408818
66600.0 5535.600192215334
67000.0 5406.119859580155
67400.0 5278.720248995661
67800.0 5160.999880440011
68200.0 5045.759983591964
68600.0 4932.280052336965
69000.0 4820.959955563992
69400.0 4711.560065484064
69800.0 4610.159880396776
70200.0 4502.840009296513
70600.0 4408.439837592764
71000.0 4313.040319473857
71400.0 4218.7201712122705
71800.0 4127.40030180201
72200.0 4038.0801896273015
72600.0 3950.84023379568
73000.0 3869.4401364377736
73400.0 3784.1999985327943
73800.0 3707.880205035561
74200.0 3627.6400086175922
74600.0 3539.8399875637733
75000.0 3471.599937545958
75400.0 3406.9202631810526
75800.0 3338.599853278991
76200.0 3270.3600735262676
76600.0 3204.120037113069
77000.0 3136.960081100229
77400.0 3075.720253134023
77800.0 3014.480173708054
78200.0 2954.319959596091
78600.0 2896.0801230646584
79000.0 2838.8401708069846
79400.0 2783.5999419427435
79800.0 2728.5199210983124
80200.0 2674.3598682455836
80600.0 2622.1200050549864
81000.0 2573.8799766645116
81400.0 2521.800029816692
81800.0 2474.6401263628754
82200.0 2429.4000625946696
82600.0 2383.240060471862
83000.0 2338.160054820302
83400.0 2293.0000056297667
83800.0 2250.8400624390415
84200.0 2210.600134798087
84600.0 2169.520132196217
85000.0 2129.3600480121627
85400.0 2090.279946498339
85800.0 2053.0399961005555
86200.0 2014.9600543994713
86600.0 1978.880037265459
87000.0 1943.7201081558987
87400.0 1908.5599986529753
87800.0 1874.3999778206985
88200.0 1840.4000067543811
88600.0 1808.2400524813963
89000.0 1776.160034969514
89400.0 1746.000012870718
89800.0 1714.9199655797208
90200.0 1685.8400119310106
90600.0 1657.6800808471237
91000.0 1627.6000055189247
91400.0 1599.600043030374
91800.0 1573.4400769440904
92200.0 1547.2800333598166
92600.0 1520.2799047625767
93000.0 1495.2000646288657
93400.0 1470.0401520528821
93800.0 1445.0400706130276
94200.0 1421.8800695156444
94600.0 1397.8000151489186
95000.0 1374.8000337325648
95400.0 1351.7199754340313
95800.0 1329.6399667262615
96200.0 1308.4800627788393
96600.0 1287.399986492129
97000.0 1266.40003009052
97400.0 1245.3200000542633
97800.0 1225.239975049091
98200.0 1206.1599811795002
98600.0 1187.1600194071052
99000.0 1169.00000023962
99400.0 1149.9200385221839
99800.0 1131.9200144971587
100200.0 1114.8399815073324
200000.0 72.07239819590464
400000.0 4.521279997268559
600000.0 0.8882400302566245
800000.0 0.2792679903784563
1000000.0 0.1137000037890182
1200000.0 0.05455879903597321
1400000.0 0.029310800596708993
1600000.0 0.017108400662919968
