wave flux
90.9000015258789 0.0
93.5 0.0
96.0999984741211 0.0
97.69999694824219 0.0
99.5999984741211 0.0
102.0 0.0
103.80000305175781 0.0
105.5999984741211 0.0
107.69999694824219 0.0
110.4000015258789 0.0
114.0 0.0
117.80000305175781 0.0
121.30000305175781 0.0
124.80000305175781 0.0
127.0999984741211 0.0
128.39999389648438 0.0
130.5 0.0
132.39999389648438 0.0
133.89999389648438 0.0
136.60000610351562 0.0
139.8000030517578 0.0
143.3000030517578 0.0
147.1999969482422 0.0
151.0 0.0
155.1999969482422 0.0
158.8000030517578 0.0
162.0 0.0
166.0 0.0
170.3000030517578 0.0
173.39999389648438 0.0
176.8000030517578 0.0
180.1999969482422 0.0
181.6999969482422 0.0
186.10000610351562 0.0
191.0 0.0
193.89999389648438 0.0
198.39999389648438 0.0
201.8000030517578 0.0
205.0 0.0
210.5 0.0
216.1999969482422 0.0
219.8000030517578 0.0
223.0 0.0
226.8000030517578 0.0
230.0 0.0
234.0 0.0
240.0 0.0
246.5 0.0
252.39999389648438 0.0
256.79998779296875 0.0
260.0 0.0
264.0 0.0
268.5 0.0
273.5 0.0
278.5 0.0
284.0 0.0
290.0 0.0
296.0 0.0
301.0 0.0
308.0 0.0
318.0 0.0
328.0 0.0
338.0 0.0
348.0 0.0
357.0 0.0
366.0 0.0
375.0 0.0
385.0 0.0
395.0 0.0
405.0 0.0
414.0 0.0
422.0 0.0
430.0 0.0
441.0 0.0
451.0 0.0
460.0 0.0
470.0 0.0
480.0 0.0
490.0 0.0
500.0 0.0
506.0 0.0
512.0 0.0
520.0 0.0
530.0 0.0
540.0 0.0
550.0 0.0
560.0 0.0
570.0 0.0
580.0 0.0
590.0 0.0
600.0 0.0
610.0 0.0
620.0 0.0
630.0 0.0
640.0 0.0
650.0 0.0
658.0 0.0
665.0 0.0
675.0 0.0
685.0 0.0
695.0 2.590800097279285e-25
705.0 7.024000268315313e-25
716.0 2.0415999446213643e-24
726.0 5.2160001473745075e-24
735.0 1.1864000457821453e-23
745.0 2.897968067015741e-23
755.0 6.871465893820076e-23
765.0 1.5919778921167377e-22
775.0 3.6003801199705253e-22
785.0 7.9699257384396845e-22
795.0 1.717442134304473e-21
805.0 3.657454487173693e-21
815.0 7.621120145051332e-21
825.0 1.5567480218177886e-20
835.0 3.1217658751299023e-20
845.0 6.150408521963401e-20
855.0 1.191105973914682e-19
865.0 2.2694839749015025e-19
875.0 4.251896179602036e-19
885.0 7.861260036343064e-19
895.0 1.4310779948097648e-18
905.0 2.567000003306291e-18
915.0 1.432552112204748e-14
925.0 5.0243604101399534e-14
935.0 6.677920129479022e-14
945.0 1.2135219841320083e-13
955.0 1.9418900094067158e-13
965.0 3.1690799266278e-13
975.0 4.567079920838757e-13
985.0 7.203199542540098e-13
995.0 1.0965280317546705e-12
1005.0 1.7730398827106043e-12
1015.0 2.7144200498722136e-12
1025.0 4.168420220454621e-12
1035.0 6.72018017497956e-12
1045.0 1.0409880556217947e-11
1055.0 1.5374500175827777e-11
1065.0 2.373959989903697e-11
1075.0 3.600599816994894e-11
1085.0 5.475560408988491e-11
1095.0 7.925920090775408e-11
1105.0 1.1620819922626006e-10
1115.0 1.7463199297217874e-10
1125.0 2.664340146074957e-10
1135.0 3.9423597781193663e-10
1145.0 5.758080348777197e-10
1155.0 8.366979570586161e-10
1165.0 1.2175800251545385e-09
1175.0 1.7460199807070178e-09
1185.0 2.4951599781878617e-09
1195.0 3.463520178592821e-09
1205.0 4.859300207409425e-09
1215.0 3.7586800349237744e-09
1225.0 9.560599565451791e-09
1235.0 1.3326000317212015e-08
1245.0 1.8283600867748357e-08
1255.0 2.518799958544835e-08
1265.0 3.4516802240251016e-08
1275.0 4.6879397223338855e-08
1285.0 6.173779969325006e-08
1295.0 7.978999870864491e-08
1305.0 1.0681400355810498e-07
1315.0 1.495500019668536e-07
1325.0 1.9835000910777905e-07
1335.0 2.5064198807067154e-07
1345.0 3.3049200290254267e-07
1355.0 4.5412201707383354e-07
1365.0 5.604800537063968e-07
1375.0 6.706600403373425e-07
1385.0 8.488799725963044e-07
1395.0 9.967000119912836e-07
1405.0 1.4321200942605146e-06
1415.0 1.8222201022385636e-06
1425.0 2.2967601005735504e-06
1435.0 2.9467599443740314e-06
1442.0 3.803600411340723e-06
1447.0 3.4787802778176883e-06
1455.0 4.670960155529845e-06
1465.0 5.947600448330873e-06
1475.0 6.647400256629125e-06
1485.0 9.023200225092013e-06
1495.0 1.2751000141579304e-05
1505.0 1.5915199843961647e-05
1512.0 1.4261399701919164e-05
1517.0 1.8393799806340885e-05
1525.0 2.4175201428420328e-05
1535.0 0.00010279339989153365
1545.0 0.0001598339989470004
1555.0 0.0003186500136369213
1565.0 0.00030013600320165064
1575.0 0.002278039948836092
1585.0 0.0029044198855040296
1595.0 0.003414113858272367
1605.0 0.003467098409806049
1615.0 0.0035694401606432254
1625.0 0.004279944126498794
1635.0 0.007804339805634025
1645.0 0.013755179337753698
1655.0 0.007845659761244322
1665.0 0.017967739663151454
1672.0 0.009299020130982343
1677.0 0.029339638211022066
1685.0 0.10647719962968936
1695.0 0.3251304093676551
1705.0 0.49030600852183226
1715.0 0.7012799767365446
1725.0 1.0886141091392727
1735.0 1.5509421289829564
1745.0 2.214239839314055
1755.0 3.3093601416598157
1765.0 3.409640221153321
1775.0 3.091839960005804
1785.0 4.973199911156119
1795.0 5.991200101693065
1805.0 7.0346998315735405
1815.0 6.332960171352719
1825.0 9.831139941618511
1835.0 10.601100276573012
1845.0 6.039639881637811
1855.0 10.086860337635983
1865.0 15.248600272346973
1875.0 17.0744000718217
1885.0 20.72600018350476
1895.0 29.33200223199843
1905.0 27.017000231433638
1915.0 31.754200889989757
1925.0 32.86299959131642
1935.0 18.597341651217945
1945.0 47.2090006490647
1955.0 52.985998742136715
1967.0 72.41499877766333
1976.0 72.36700292802792
1984.0 79.67480610927127
1995.0 88.92659799911006
2005.0 95.29740495121466
2015.0 104.11400238107242
2025.0 76.23140549414744
2035.0 120.05799743567962
2045.0 138.30999943284814
2055.0 141.81999930494746
2065.0 135.7000003892639
2074.0 143.30941556765828
2078.0 192.29601248830525
2085.0 215.13200255296803
2095.0 282.1840052977403
2105.0 281.82400118640106
2115.0 221.61799594511413
2125.0 130.42000422536435
2135.0 301.3000130677205
2145.0 423.52801911788055
2155.0 510.2740204383002
2165.0 511.3520012562436
2175.0 601.7380011822456
2185.0 712.2579981451494
2195.0 900.760032722954
2205.0 874.680015420049
2215.0 646.9000030484153
2225.0 927.0399911839258
2235.0 1473.479974337345
2245.0 1458.4800310179492
2255.0 1130.4600177958903
2265.0 880.2600186043306
2275.0 1453.8400443365194
2285.0 1775.4999734520663
2295.0 1720.6399943791098
2305.0 1543.8400450680208
2315.0 1668.040047749464
2325.0 1522.6000425804486
2335.0 1410.4599718940906
2345.0 899.9600127011831
2355.0 1621.0999950597395
2365.0 1010.2599916154237
2375.0 1362.0800269548008
2385.0 810.1200089660327
2395.0 1128.1399991400233
2405.0 1311.0200632975577
2415.0 1632.1999964909985
2425.0 3527.5201642323145
2435.0 4351.800115223177
2445.0 5565.6001124682525
2455.0 5868.600226833104
2465.0 4164.000250476275
2475.0 3662.9999464833645
2485.0 776.2800007426772
2495.0 2338.8000151303336
2505.0 4005.800168987327
2513.0 2008.2800586813519
2518.0 897.1800078586472
2525.0 1251.7599994678412
2535.0 4442.8002433990505
2545.0 5612.200066741023
2555.0 15066.000534434856
2565.0 8387.800108084246
2575.0 10749.80054669178
2585.0 7522.599948909541
2595.0 6047.000112995715
2605.0 4915.399934518891
2615.0 4830.400168195992
2625.0 7121.200074357931
2635.0 17832.000591879594
2645.0 34456.001403499875
2655.0 59658.00322825985
2665.0 35434.00157462235
2675.0 36396.001727942385
2685.0 50151.99864998159
2695.0 34092.00013915641
2705.0 46811.999655059815
2715.0 24614.00076756736
2725.0 15551.400700442282
2735.0 22516.00006117842
2745.0 12741.200766970302
2755.0 18222.000123651615
2765.0 25558.000914415374
2775.0 25783.99951006895
2785.0 14162.399869470351
2795.0 3364.9999636195694
2805.0 4711.600009713639
2815.0 21357.999921875562
2825.0 33893.99928200368
2835.0 35224.0019573183
2845.0 19817.200862388436
2855.0 5662.000039428852
2865.0 33371.99988211453
2875.0 63977.99938313679
2885.0 68002.00208934513
2895.0 95494.00199643534
2910.0 141508.0088432751
2930.0 133834.00550013108
2950.0 119928.00515143629
2970.0 139611.998478186
2990.0 140382.00105657027
3010.0 132818.00379592853
3030.0 165860.01220756804
3050.0 180140.0072022653
3070.0 192800.00713717713
3090.0 233400.01224952217
3110.0 283960.000406678
3130.0 248300.00190157845
3150.0 272320.00328394596
3170.0 305680.00733534025
3190.0 270320.0102273585
3210.0 310760.0101656665
3230.0 208640.0028147368
3250.0 351579.98577760265
3270.0 468479.99744143
3290.0 466019.9921747868
3310.0 435039.98423121445
3330.0 427679.9996910504
3350.0 387099.9886651634
3370.0 318799.995271629
3390.0 357320.00080836844
3410.0 430580.0166597276
3430.0 493480.0068345298
3450.0 518040.0313078366
3470.0 532960.010135952
3490.0 578899.9964189021
3510.0 615060.0136578471
3530.0 521340.00457488844
3550.0 596200.0282959356
3570.0 352620.0104349977
3590.0 428900.01746558346
3610.0 594600.0182167595
3630.0 686040.0231937104
3640.0 707760.0201003628
3650.0 771000.0442500337
3670.0 834179.9901600385
3690.0 833880.0174664397
3710.0 946400.050694587
3730.0 660040.0320355629
3750.0 714620.0318262192
3770.0 820200.0071045364
3790.0 819060.0263096064
3810.0 734179.9905639981
3830.0 403320.00818408234
3850.0 396220.02099038905
3870.0 449840.0216842814
3890.0 826220.0066614631
3910.0 808660.0182369248
3930.0 243460.01036321052
3950.0 502980.00402634835
3970.0 307860.0052882011
3990.0 1107660.0246249014
4010.0 1510400.0822311048
4030.0 1587200.0738674558
4050.0 1494800.083845386
4070.0 1418000.036102076
4090.0 1791200.0328456839
4110.0 1825600.0276768985
4130.0 1569799.9788058195
4150.0 1480800.0636374445
4170.0 1454800.000002669
4190.0 1497199.9984745171
4210.0 1702200.0145563367
4230.0 1864200.0686260096
4250.0 1890999.9920305128
4270.0 1789199.994850164
4290.0 1620799.975655645
4310.0 1279000.028881423
4330.0 2068000.131862281
4350.0 2020200.128281632
4370.0 2184800.0319388565
4390.0 1979200.027400656
4410.0 2164000.130562391
4430.0 2350600.047243365
4450.0 2402600.0155965933
4470.0 2615000.014350156
4490.0 2695600.0245824126
4510.0 3091000.1028520656
4530.0 2724200.012529163
4550.0 2761200.114547349
4570.0 3036400.0904858736
4590.0 2905000.0591789973
4610.0 3063400.0563961198
4630.0 2961000.0647051106
4650.0 3036399.9659915054
4670.0 3093000.1170456847
4690.0 3025600.027874857
4710.0 2956600.0585454013
4730.0 3147600.0692842514
4750.0 3392200.0603216565
4770.0 3460200.037414736
4790.0 3429200.0497204643
4810.0 3345800.1147356583
4830.0 3471800.027717542
4850.0 3264400.0418023346
4870.0 3009600.072563128
4890.0 3406599.967667729
4910.0 3379600.079127621
4930.0 3312400.1108190534
4950.0 3579000.023583662
4970.0 3480600.056944309
4990.0 3194800.016302037
5010.0 3042399.88184026
5030.0 3251000.0636321194
5050.0 3332199.965228617
5070.0 3465800.0438351417
5090.0 3220799.8168012174
5110.0 3309799.9006617195
5130.0 3127599.8725111815
5150.0 3088000.0364608658
5170.0 3016000.0596175427
5190.0 3159400.0012631775
5210.0 3310199.9267927306
5230.0 3347199.9121969133
5250.0 3421400.2082324973
5270.0 3072999.9604493775
5290.0 3481799.9248228287
5310.0 3643200.1255807737
5330.0 3273000.142157054
5350.0 3607000.0535244667
5370.0 3684400.0450742184
5390.0 3525400.0482854564
5410.0 3449399.964016849
5430.0 3508600.014891022
5450.0 3762200.0338173998
5470.0 3562600.044245045
5490.0 3493600.0910206633
5510.0 3502800.0712830573
5530.0 3605000.281393157
5550.0 3688399.9989406955
5570.0 3644599.9664667915
5590.0 3523800.0817097733
5610.0 3730999.948468979
5630.0 3633800.1352817477
5650.0 3672200.062561819
5670.0 3561399.8869314594
5690.0 3700000.0107166036
5710.0 3553999.989023591
5730.0 3925600.0915933894
5750.0 3717799.9390189387
5770.0 3809799.8632831527
5790.0 3614199.975044803
5810.0 3793000.0519200545
5830.0 3918200.098181444
5850.0 3802600.1293640067
5870.0 3823800.001764018
5890.0 3530800.037732234
5910.0 3770399.9901466416
5930.0 3771800.2601341074
5950.0 3775799.9525538455
5970.0 3856999.9792405055
5990.0 3765400.2255230164
6010.0 3689200.057750667
6030.0 3770200.1870539375
6050.0 3840799.942403708
6070.0 3847999.932178889
6090.0 3643000.052719398
6110.0 3634999.995897256
6130.0 3473999.939726046
6150.0 3560000.098109269
6170.0 3452000.0290179416
6190.0 3671399.8368206522
6210.0 3671800.137744063
6230.0 3511800.1861755266
6250.0 3352400.2008689656
6270.0 3574000.150816414
6290.0 3622399.9399098256
6310.0 3475800.171888313
6330.0 3537600.0253908928
6350.0 3532400.0626265835
6370.0 3494600.0441544377
6390.0 3564000.0526374797
6410.0 3497599.9431901514
6430.0 3533800.1841112347
6450.0 3527799.9948536577
6470.0 3528000.157009862
6490.0 3415400.0593348206
6510.0 3516599.920349634
6530.0 3529600.0338387336
6550.0 3479600.0197427305
6570.0 3270399.96546459
6590.0 3491000.073997404
6610.0 3510400.0181347607
6630.0 3498399.970801281
6650.0 3484000.0174756683
6670.0 3423599.9239440225
6690.0 3532400.0409682454
6710.0 3404800.0532113593
6730.0 3517799.976708742
6750.0 3438200.0108911805
6770.0 3465600.2092540497
6790.0 3424000.178323438
6810.0 3419999.937682605
6830.0 3452600.0618959693
6850.0 3346000.1536601605
6870.0 3406199.961015852
6890.0 3443599.997045957
6910.0 3397800.0740581625
6930.0 3349999.857541234
6950.0 3278200.1341189104
6970.0 3302800.162545249
6990.0 3276000.133000966
7010.0 3151400.011030341
7030.0 3236399.975136866
7050.0 3294799.9972712086
7070.0 3226399.8451505494
7090.0 3214799.919770193
7110.0 3175999.963484445
7130.0 3112400.165640704
7150.0 3117000.095827539
7170.0 3134400.0012755166
7190.0 3008199.981808196
7210.0 3112399.9558059997
7230.0 3135200.0048805396
7250.0 3151999.991528354
7270.0 3119000.069388022
7290.0 2993800.1051404634
7310.0 3057000.0065742517
7330.0 3070000.048667588
7350.0 3058000.129016973
7370.0 3114400.007615452
7390.0 3027200.134879847
7410.0 2997000.1616306375
7430.0 3023600.135713548
7450.0 3039400.0776477163
7470.0 3054999.920236549
7490.0 3015400.16063683
7510.0 3048999.9206669973
7530.0 3064200.003629782
7550.0 3087600.138213625
7570.0 3047200.0481041535
7590.0 3038999.9966376303
7610.0 3039999.956770478
7630.0 3053800.010805058
7650.0 3044400.1541711804
7670.0 2944399.964247665
7690.0 3033800.017063179
7710.0 2966599.9676421876
7730.0 2967800.1589235333
7750.0 2947200.082862473
7770.0 3004600.0031778673
7790.0 3009600.069252682
7810.0 2992800.084481893
7830.0 2959599.955002727
7850.0 2928000.077136948
7870.0 2928600.0808911417
7890.0 2820200.0364244324
7910.0 2724400.0591313075
7930.0 2716600.1509039765
7950.0 2685599.9919040184
7970.0 2788600.0835678023
7990.0 2785600.044315269
8010.0 2769000.028903105
8030.0 2770200.0607869453
8050.0 2738400.2091746484
8070.0 2720799.988053374
8090.0 2627800.0260019414
8110.0 2627200.0057919845
8130.0 2663000.014623345
8150.0 2654000.056384409
8170.0 2665199.950358235
8190.0 2614400.18443005
8210.0 2603199.9022028185
8230.0 2623800.1241932805
8250.0 2651400.0223534578
8270.0 2678200.0189999403
8290.0 2652799.951473644
8310.0 2542600.123513989
8330.0 2555799.883897583
8350.0 2565000.046419746
8370.0 2588400.0121947518
8390.0 2524800.11694944
8410.0 2595000.079647669
8430.0 2526600.0935717733
8450.0 2571400.0227950728
8470.0 2552599.9455904346
8490.0 2471600.047493149
8510.0 2307399.935988485
8530.0 2368200.115265006
8550.0 1842800.1060838797
8570.0 2538199.968875229
8590.0 2511400.1466437923
8610.0 2519599.966259496
8630.0 2547799.9894809714
8650.0 2446600.0399819436
8670.0 1908999.9763084496
8690.0 2431000.100268832
8710.0 2506200.042033575
8730.0 2515599.9906206555
8750.0 2467200.019355362
8770.0 2528600.008965659
8790.0 2495200.030448525
8810.0 2440800.0550273415
8830.0 2478600.0886477716
8850.0 2493999.985357357
8870.0 2425000.100053309
8890.0 2481600.008779485
8910.0 2508000.019634221
8930.0 2435800.1124939825
8950.0 2432399.969399783
8970.0 2436599.9333204837
8990.0 2441399.894218666
9010.0 2337400.0104127377
9030.0 2407600.1345676137
9050.0 2462399.948885238
9070.0 2412200.044131468
9090.0 2320400.1141085676
9110.0 2319399.978779291
9130.0 2397999.9557370427
9150.0 2224799.9818205903
9170.0 2159000.0481084455
9190.0 2181000.004715052
9210.0 2117199.963021212
9230.0 2137000.1340762773
9250.0 2132600.1642052173
9270.0 2181000.0003244868
9290.0 2156800.099319375
9310.0 2210799.9684437877
9330.0 2211399.961571585
9350.0 2183800.0172084365
9370.0 2174600.034236358
9390.0 2123599.9283191664
9410.0 2056600.072752176
9430.0 2089000.111189022
9450.0 2049399.9952204907
9470.0 2112800.000784673
9490.0 2101000.1307882187
9510.0 2137599.908495534
9530.0 2112399.925088433
9550.0 2095600.0509168738
9570.0 2106199.9934496954
9590.0 2128800.0792129235
9610.0 2104200.1351610413
9630.0 2081800.1774536255
9650.0 2058399.997522579
9670.0 2040000.109569254
9690.0 2075400.0517799621
9710.0 2069799.9113929984
9730.0 2074800.0464156396
9750.0 2043999.9959326587
9770.0 2057600.032823012
9790.0 2022600.082937686
9810.0 2074200.0247908477
9830.0 2068600.0878174058
9850.0 2069399.9273514147
9870.0 2061399.9577959757
9890.0 2068200.041770856
9910.0 2039399.9949702674
9930.0 2069600.0798343185
9950.0 2053399.9902332923
9970.0 2060400.1016154203
9990.0 2057800.0459243518
10025.0 2035400.0692159547
10075.0 2013600.1144833085
10125.0 2010400.0542938774
10175.0 1973800.0372030567
10225.0 1978800.0394296197
10275.0 1981600.0854464055
10325.0 1939400.0360321482
10375.0 1930200.0266547345
10425.0 1930200.024382917
10475.0 1899600.0532094054
10525.0 1899400.0773934394
10575.0 1882199.960854175
10625.0 1866800.1070648546
10675.0 1822399.977601231
10725.0 1823800.0322061367
10775.0 1805200.0496687402
10825.0 1775800.0531959727
10875.0 1746000.064283187
10925.0 1704000.073193607
10975.0 1580999.981428856
11025.0 1575000.0503989444
11075.0 1600600.0197753983
11125.0 1594400.0814996685
11175.0 1615000.01697906
11225.0 1609000.0270379428
11275.0 1579800.0267741496
11325.0 1594800.0429017732
11375.0 1559399.9885785312
11425.0 1562800.040806403
11475.0 1584599.9935694288
11525.0 1577000.0273222406
11575.0 1554600.0364452384
11625.0 1530800.0090350213
11675.0 1529800.079434909
11725.0 1553200.0053067354
11775.0 1516199.9894347468
11825.0 1510200.0386973955
11875.0 1486200.0690774166
11925.0 1516800.022987153
11975.0 1456200.0876695986
12025.0 1477999.9565198128
12075.0 1456800.0589835297
12125.0 1453199.9891264457
12175.0 1458800.0136776965
12225.0 1449600.0073867955
12275.0 1438599.9507297
12325.0 1426600.0086488528
12375.0 1416399.9991004632
12425.0 1404999.9960117517
12475.0 1404400.077995769
12525.0 1386799.9755712727
12575.0 1378200.002622978
12625.0 1373999.9708746579
12675.0 1357599.9957152628
12725.0 1358200.0158265147
12775.0 1356000.0804859996
12825.0 1298400.0350008649
12875.0 1324999.9727598783
12925.0 1307200.0178832328
12975.0 1315599.9969241957
13025.0 1297200.0076185735
13075.0 1300000.0446918735
13125.0 1279200.041622211
13175.0 1269000.0573632629
13225.0 1270600.0036016488
13275.0 1245799.9986528147
13325.0 1252600.0717606498
13375.0 1240800.0427468638
13425.0 1243000.0322398003
13475.0 1234200.0495345786
13525.0 1227600.0196347479
13575.0 1202199.984936434
13625.0 1198200.026754194
13675.0 1194200.0501387937
13725.0 1186800.0612608423
13775.0 1182199.99144353
13825.0 1179400.0567619563
13875.0 1170200.0034922247
13925.0 1165200.0278907795
13975.0 1154999.953677997
14025.0 1137199.9848413097
14075.0 1115199.9954038768
14125.0 1077599.9978423067
14175.0 1076000.0136611715
14225.0 1061800.0383152755
14275.0 1048540.0003109731
14325.0 1063800.0018497105
14375.0 1070000.0125921043
14425.0 1027800.011537417
14475.0 1062999.993769737
14525.0 1027860.040238031
14570.0 1029000.0394844081
14620.0 1015420.0487834539
14675.0 1008920.0327957795
14725.0 992160.0093467028
14775.0 996280.0077613925
14825.0 992360.0383028671
14875.0 988780.0049995291
14925.0 1003060.0101657906
14975.0 989760.0264374916
15025.0 976180.0160085962
15075.0 961900.0227970155
15125.0 964760.0308196757
15175.0 969500.010582351
15225.0 959300.0433492701
15275.0 958740.0457823236
15325.0 952900.0051145758
15375.0 957860.0304390161
15425.0 943280.0311739871
15475.0 946860.0119971104
15525.0 932560.0105761675
15575.0 910980.0445572548
15625.0 938720.0222127502
15675.0 913000.0400742765
15725.0 909060.0105763053
15775.0 886439.9887606365
15825.0 896800.0037193223
15875.0 850500.0138430027
15925.0 884200.0289449822
15975.0 890039.9939975261
16050.0 877500.0361532554
16150.0 857300.0337999524
16250.0 861799.9833579678
16350.0 850859.9799556887
16450.0 814600.0001286245
16550.0 825159.9835018808
16650.0 805720.0162437526
16750.0 792780.0478625628
16850.0 759960.0004994976
16950.0 774340.0595510938
17050.0 744060.0187963301
17150.0 740520.0491136609
17250.0 716920.0319578646
17350.0 688440.0168582508
17450.0 691620.0082053333
17550.0 679840.014674446
17650.0 668420.0118674366
17750.0 652220.0015675481
17850.0 644060.0250032211
17950.0 634400.0038167563
18050.0 617379.9792765833
18150.0 600220.0141302441
18250.0 594099.9832166394
18350.0 585040.0167329315
18450.0 570239.9976883428
18550.0 563120.0230070533
18650.0 547080.0067936166
18750.0 527500.0089324467
18850.0 531040.0113543795
18950.0 507660.02014002524
19050.0 516180.02393715485
19150.0 504119.99603114557
19250.0 497140.005696275
19350.0 482380.0088914447
19450.0 466500.02316732716
19550.0 469739.99499179935
19650.0 458480.0285762047
19750.0 447260.0260362493
19850.0 442020.0044776779
19950.0 433760.0086839937
20050.0 430240.02578031534
20150.0 425239.995270576
20250.0 412240.0123338703
20350.0 403220.01714600145
20450.0 402760.0063681145
20550.0 393140.0217292597
20650.0 384859.9997650847
20750.0 378840.0010785089
20850.0 372820.00142395054
20950.0 364439.9969260066
21050.0 362179.9907574185
21150.0 355060.01586265705
21250.0 348880.0111031983
21350.0 344479.9923529777
21450.0 338700.0078402332
21550.0 333660.01126339386
21650.0 321359.99304267054
21750.0 319719.98790509906
21850.0 315880.01169519924
21950.0 312659.9964958724
22050.0 304280.00500208355
22150.0 302560.0067034144
22250.0 296140.0019997813
22350.0 291480.0131486053
22450.0 287260.00250889774
22550.0 281460.0011034429
22650.0 276740.0064995106
22750.0 274960.0048220271
22850.0 268560.00148990063
22950.0 237100.0103001173
23050.0 249020.0054966766
23150.0 247039.99963070883
23250.0 218740.0084698943
23350.0 231040.00602140438
23450.0 231779.99642988548
23550.0 203560.0030967991
23650.0 217660.002201742
23750.0 216720.00180306289
23850.0 193079.9940272324
23950.0 204120.00393789902
24050.0 205440.0047558027
24150.0 187020.0043780084
24250.0 193999.9999855462
24350.0 195239.997894107
24450.0 183220.00843989482
24550.0 182179.99766279932
24650.0 188280.01120369186
24750.0 180779.99893970837
24850.0 172720.00761855184
24950.0 177400.00466604077
25050.0 179159.99618358508
25150.0 166499.99759232742
25250.0 170980.00587397962
25350.0 171580.00333016552
25450.0 166519.99281392756
25550.0 163940.00324774245
25650.0 163299.9961042158
25750.0 164300.00478632978
25850.0 155339.99937191754
25950.0 157660.00618936107
26050.0 157720.0014504969
26150.0 153540.00363559328
26250.0 150939.9986431283
26350.0 151579.9983529028
26450.0 150219.99902266727
26550.0 146680.0039857208
26650.0 143960.00452736593
26750.0 145480.0043232886
26850.0 144200.00238093862
26950.0 140700.00438373984
27050.0 140700.00323210668
27150.0 139020.00656670064
27250.0 137959.99587301622
27350.0 134800.00424441314
27450.0 134720.00426437476
27550.0 132600.0004263491
27650.0 131200.0027059588
27750.0 129060.00474298025
27850.0 128159.99869965093
27950.0 127400.00274652055
28050.0 125600.00089947767
28150.0 123800.00471834718
28250.0 122640.00534646552
28350.0 121820.00546896651
28450.0 119799.9988089528
28550.0 118400.00182996849
28650.0 117020.00788010891
28750.0 114699.9991159628
28850.0 114300.0028202461
28950.0 113060.0021509656
29050.0 111620.00683336142
29150.0 110440.00478547477
29250.0 108340.00248342931
29350.0 107760.00141994102
29450.0 106020.00325924349
29550.0 105079.99991701673
29650.0 103840.00421695379
29750.0 102660.00742194385
29850.0 101514.00236935214
29950.0 99974.00019216699
30050.0 98743.99765362381
30150.0 97935.99982021282
30250.0 96671.999455917
30350.0 94439.99844817267
30450.0 94018.00309277371
30550.0 93127.99900909666
30650.0 91883.99899442572
30750.0 91135.9996704095
30850.0 89422.00105336437
30950.0 88478.00226437244
31050.0 87892.0044078427
31150.0 86088.00273226078
31250.0 85655.99853395011
31350.0 84429.99999034165
31450.0 83750.0040329218
31550.0 82538.00018303804
31650.0 81681.99765708734
31750.0 80694.00104805802
31850.0 79700.00294496412
31950.0 79019.99879338579
32100.0 77552.00205698029
32300.0 75604.00233162512
32500.0 73971.99954653419
32700.0 72235.99882212254
32900.0 70060.00085079319
33100.0 68899.99990316962
33300.0 67156.00082436523
33500.0 65933.99936518402
33700.0 64382.000466419864
33900.0 62696.00268696165
34100.0 61394.001015687456
34300.0 60348.00114992882
34500.0 58994.000541158915
34700.0 57763.999857195224
34900.0 56602.00346129145
35100.0 55350.00217321107
35300.0 53990.00254298054
35500.0 53068.00086948881
35700.0 51780.003259438476
35900.0 50659.99806164035
36100.0 49866.001033695444
36300.0 48788.0009661456
36500.0 47556.00052612733
36700.0 46584.00174827327
36900.0 45321.99884524097
37100.0 44336.002817644716
37300.0 43611.99986400094
37500.0 42244.002646389454
37700.0 41947.99874822342
37900.0 41134.00023703597
38100.0 40330.00142180888
38300.0 39704.00179455193
38500.0 38982.0028588311
38700.0 38118.001008635474
38900.0 37330.0002776686
39100.0 36694.00107291446
39300.0 36038.001109052566
39500.0 35176.000610496165
39700.0 34620.001107594544
39900.0 33622.000858353094
40100.0 33174.000353008705
40300.0 32660.001060279723
40500.0 31925.99995722514
40700.0 31436.000793520187
40900.0 30886.00110271502
41100.0 30382.00003447496
41300.0 29866.00083037696
41500.0 29230.00044025192
41700.0 28660.00075939064
41900.0 28210.001209218713
42100.0 27562.002153978916
42300.0 27296.000518134766
42500.0 26677.999503247946
42700.0 26276.000237847973
42900.0 24620.001478227496
43100.0 23426.00027232404
43300.0 23828.000344815646
43500.0 22308.00023397886
43700.0 21764.00039528342
43900.0 21562.000246695265
44100.0 19812.0004815734
44300.0 20032.001361996518
44500.0 19466.000641956336
44700.0 18229.999750211016
44900.0 18643.99997228308
45100.0 18121.999663946186
45300.0 17076.000774381962
45500.0 17380.000614573728
45700.0 17110.000772401305
45900.0 16032.000057939733
46100.0 16435.999594277728
46300.0 15919.99971172558
46500.0 15724.000752132444
46700.0 15600.000508292407
46900.0 15367.999942929815
47100.0 14961.999756873054
47300.0 15138.000087905391
47500.0 14782.000177074146
47700.0 14582.000604925226
47900.0 14312.000473075495
48100.0 13987.999774769849
48300.0 14198.00072889636
48500.0 13846.000387360158
48700.0 13554.000203069825
48900.0 13523.999937329774
49100.0 13180.000419090693
49300.0 13052.000890752428
49500.0 12878.00035596575
49700.0 12794.000185472167
49900.0 12518.000610068459
50100.0 12264.000135036003
50300.0 12325.999608138532
50500.0 11993.99995759637
50700.0 11871.999520464176
50900.0 11743.999899397677
51100.0 11526.00005500867
51300.0 11366.000491089588
51500.0 11247.999721814964
51700.0 11249.999900205361
51900.0 11004.00018357596
52100.0 10758.000170746105
52300.0 10680.000227960287
52500.0 10622.000307230346
52700.0 10648.000653922589
52900.0 10244.6003160523
53100.0 10129.399671331845
53300.0 10061.400363148101
53500.0 9942.20032409957
53700.0 9829.399907285751
53900.0 9725.400063369665
54100.0 9612.200261685326
54300.0 9412.999844800986
54500.0 9399.999976072799
54700.0 9213.200179838544
54900.0 9132.000238931638
55100.0 8987.40015285063
55300.0 9054.40001460873
55500.0 8759.400181151981
55700.0 8809.599808000865
55900.0 8608.599841432708
56100.0 8566.999932420134
56300.0 8376.399831507615
56500.0 8376.200027179173
56700.0 8260.39997810013
56900.0 8070.000203437817
57100.0 8072.800083580217
57300.0 7986.799803948082
57500.0 7879.999814067201
57700.0 7766.999951378173
57900.0 7731.799961092119
58100.0 7593.200294131742
58300.0 7515.599956174728
58500.0 7445.600163490062
58700.0 7304.800212303594
58900.0 7235.600049071953
59100.0 7165.6003003941905
59300.0 7093.000238876712
59500.0 6962.200332601977
59700.0 6939.800451798412
59900.0 6858.1999811382675
60100.0 6779.799986093879
60300.0 6697.80013212616
60500.0 6592.000176184263
60700.0 6520.600482053569
60900.0 6437.800061088419
61100.0 6344.200299552139
61300.0 6297.800000241253
61500.0 6235.200128027063
61700.0 6183.400057776264
61900.0 6111.000033966108
62100.0 6048.400321930449
62300.0 5956.000201363367
62500.0 5870.6003222019735
62700.0 5815.399894305602
62900.0 5742.199959498437
63100.0 5667.400036038689
63300.0 5635.3999729577035
63500.0 5548.799964434909
63700.0 5522.200025750067
63900.0 5424.800121692359
64200.0 5347.400162729139
64600.0 5217.200081621918
65000.0 5102.600008429266
65400.0 4986.600076663806
65800.0 4887.6001034655865
66200.0 4766.200230194854
66600.0 4670.000062980122
67000.0 4567.200009143121
67400.0 4457.200148703402
67800.0 4362.600059593794
68200.0 4267.000071036427
68600.0 4178.200098310327
69000.0 4082.000000469396
69400.0 3992.2000827837496
69800.0 3910.200261961523
70200.0 3821.200013874765
70600.0 3742.2000424242624
71000.0 3661.600102112958
71400.0 3585.2001475952998
71800.0 3506.600286341264
72200.0 3432.000070517905
72600.0 3358.40005460685
73000.0 3290.799962255495
73400.0 3219.199947166181
73800.0 3154.5998529271815
74200.0 3084.4000218785263
74600.0 3015.399955976836
75000.0 2956.000066530818
75400.0 2898.4000413216622
75800.0 2840.000058002209
76200.0 2780.5999769934297
76600.0 2723.199955402214
77000.0 2665.2001160077757
77400.0 2610.599903690456
77800.0 2556.199898744109
78200.0 2504.800113914883
78600.0 2453.800062827799
79000.0 2405.5999897602046
79400.0 2356.6000278525494
79800.0 2311.600058967582
80200.0 2266.000034813908
80600.0 2222.8000249020674
81000.0 2182.800045417097
81400.0 2139.8000315304253
81800.0 2100.999957451597
82200.0 2063.400120978111
82600.0 2023.6000267080299
83000.0 1985.8001091401377
83400.0 1947.0000316782866
83800.0 1911.8001075964014
84200.0 1876.19993994231
84600.0 1842.0000537930273
85000.0 1807.600047992055
85400.0 1774.399980909413
85800.0 1742.000030215216
86200.0 1710.1999850374914
86600.0 1678.8000084788932
87000.0 1649.39990105615
87400.0 1620.400077493189
87800.0 1590.4000596566573
88200.0 1561.9999862272186
88600.0 1535.2000228045456
89000.0 1508.0000358535744
89400.0 1482.0000417524238
89800.0 1455.200008656475
90200.0 1431.4000338739327
90600.0 1408.5999779844933
91000.0 1381.8000484550462
91400.0 1358.4000077571102
91800.0 1337.2000067062875
92200.0 1315.2000567436526
92600.0 1292.3999977243145
93000.0 1271.6000348757045
93400.0 1249.199984825728
93800.0 1228.799981101717
94200.0 1209.4000354258208
94600.0 1188.6000443271969
95000.0 1169.200008358633
95400.0 1150.4000494973216
95800.0 1131.400000504643
96200.0 1113.6000081407706
96600.0 1094.6000122152695
97000.0 1078.2000254854074
97400.0 1059.399986423326
97800.0 1042.3999794816234
98200.0 1027.0000290040282
98600.0 1010.840060444837
99000.0 994.560042531478
99400.0 978.0400554525168
99800.0 963.8199814438581
100200.0 948.7000664853932
200000.0 61.0540007373033
400000.0 3.7994001718905586
600000.0 0.7433800116720858
800000.0 0.2333199993532999
1000000.0 0.09492799937621144
1200000.0 0.04551999881249174
1400000.0 0.024448000060066765
1600000.0 0.014272000180149326
