wave flux
90.9000015258789 0.0
93.5 0.0
96.0999984741211 0.0
97.69999694824219 0.0
99.5999984741211 0.0
102.0 0.0
103.80000305175781 0.0
105.5999984741211 0.0
107.69999694824219 0.0
110.4000015258789 0.0
114.0 0.0
117.80000305175781 0.0
121.30000305175781 0.0
124.80000305175781 0.0
127.0999984741211 0.0
128.39999389648438 0.0
130.5 0.0
132.39999389648438 0.0
133.89999389648438 0.0
136.60000610351562 0.0
139.8000030517578 0.0
143.3000030517578 0.0
147.1999969482422 0.0
151.0 0.0
155.1999969482422 0.0
158.8000030517578 0.0
162.0 0.0
166.0 0.0
170.3000030517578 0.0
173.39999389648438 0.0
176.8000030517578 0.0
180.1999969482422 0.0
181.6999969482422 0.0
186.10000610351562 0.0
191.0 0.0
193.89999389648438 0.0
198.39999389648438 0.0
201.8000030517578 0.0
205.0 0.0
210.5 0.0
216.1999969482422 0.0
219.8000030517578 0.0
223.0 0.0
226.8000030517578 0.0
230.0 0.0
234.0 0.0
240.0 0.0
246.5 0.0
252.39999389648438 0.0
256.79998779296875 0.0
260.0 0.0
264.0 0.0
268.5 0.0
273.5 0.0
278.5 0.0
284.0 0.0
290.0 0.0
296.0 0.0
301.0 0.0
308.0 0.0
318.0 0.0
328.0 0.0
338.0 0.0
348.0 0.0
357.0 0.0
366.0 0.0
375.0 0.0
385.0 0.0
395.0 0.0
405.0 0.0
414.0 0.0
422.0 0.0
430.0 0.0
441.0 0.0
451.0 0.0
460.0 0.0
470.0 0.0
480.0 0.0
490.0 0.0
500.0 0.0
506.0 0.0
512.0 0.0
520.0 0.0
530.0 0.0
540.0 0.0
550.0 0.0
560.0 0.0
570.0 0.0
580.0 0.0
590.0 0.0
600.0 0.0
610.0 0.0
620.0 0.0
630.0 0.0
640.0 0.0
650.0 0.0
658.0 0.0
665.0 0.0
675.0 0.0
685.0 0.0
695.0 4.996000013927165e-25
705.0 1.3560000820267243e-24
716.0 3.944999756115342e-24
726.0 1.0090000636573458e-23
735.0 2.297000036969203e-23
745.0 5.588999766762627e-23
755.0 1.3260000374592554e-22
765.0 3.0730000260010344e-22
775.0 6.955000053025774e-22
785.0 1.5400000268282303e-21
795.0 3.3200000147532954e-21
805.0 7.072000456816545e-21
815.0 1.474000095776924e-20
825.0 3.0119998451359237e-20
835.0 6.041000176676421e-20
845.0 1.1899999801283396e-19
855.0 2.3059997704558873e-19
865.0 4.393000117439978e-19
875.0 8.230999544141617e-19
885.0 1.521999965154002e-18
895.0 2.768999991894282e-18
905.0 4.967999829123127e-18
915.0 2.804999998256534e-14
925.0 1.0659999912768147e-13
935.0 1.4440000463166808e-13
945.0 2.5539999551114e-13
955.0 4.23100001732976e-13
965.0 7.313000244755401e-13
975.0 1.0690000921997771e-12
985.0 1.7610000453675352e-12
995.0 2.7629998925518987e-12
1005.0 4.321000026565331e-12
1015.0 6.729000643277157e-12
1025.0 1.0519999556228997e-11
1035.0 1.6939999624663112e-11
1045.0 2.775999801963609e-11
1055.0 3.715000101813373e-11
1065.0 6.31100054571907e-11
1075.0 9.488000464440609e-11
1085.0 1.4169999344851274e-10
1095.0 1.910999967787568e-10
1105.0 2.779000156585623e-10
1115.0 4.4330002750325757e-10
1125.0 6.697999884909057e-10
1135.0 1.0349999524913954e-09
1145.0 1.498000002990067e-09
1155.0 2.1580000632572744e-09
1165.0 3.0770000800301275e-09
1175.0 4.50599998919088e-09
1185.0 6.382000234269233e-09
1195.0 8.83600118282101e-09
1205.0 1.2139999966516766e-08
1215.0 9.208999969454553e-09
1225.0 2.3680000438677848e-08
1235.0 3.32800014894224e-08
1245.0 4.555000123183424e-08
1255.0 6.258000163233472e-08
1265.0 8.551000697595327e-08
1275.0 1.160000076256445e-07
1285.0 1.5130000436172772e-07
1295.0 1.9460000910552875e-07
1305.0 2.708000105354088e-07
1315.0 3.7280003666456953e-07
1325.0 4.798999957587746e-07
1335.0 6.035000181329482e-07
1345.0 7.941000044537338e-07
1355.0 1.0899999157598999e-06
1365.0 1.351000093611507e-06
1375.0 1.745000019655885e-06
1385.0 2.034000183512191e-06
1395.0 2.602000032900771e-06
1405.0 3.383000157962589e-06
1415.0 4.2990000696361725e-06
1425.0 5.414999825442654e-06
1435.0 6.9250001667770805e-06
1442.0 9.040000457812094e-06
1447.0 8.136000568640114e-06
1455.0 1.0940000069208533e-05
1465.0 1.3890000781741238e-05
1475.0 1.716000134807944e-05
1485.0 2.1279999213044267e-05
1495.0 2.968000273804899e-05
1505.0 3.858999790570863e-05
1512.0 3.3460000904633236e-05
1517.0 4.247999829340714e-05
1525.0 5.60999976786433e-05
1535.0 0.00015320001018046786
1545.0 0.00017889999110360193
1555.0 0.00031750000374149157
1565.0 0.00030120001300406874
1575.0 0.0015109999888158528
1585.0 0.0015619999827426812
1595.0 0.001544000094259664
1605.0 0.0014290000714368154
1615.0 0.0013539999362005433
1625.0 0.0013910000674156255
1635.0 0.002826000130680883
1645.0 0.004583000137081878
1655.0 0.002769000103597957
1665.0 0.006155999761169471
1672.0 0.003564000066780295
1677.0 0.009958999846766065
1685.0 0.025819999611231558
1695.0 0.06463000491770407
1705.0 0.0988900049174388
1715.0 0.13979999369181967
1725.0 0.25339999787301715
1735.0 0.3461999874734243
1745.0 0.513300017079842
1755.0 0.5512999883643417
1765.0 0.6962000129263897
1775.0 0.5256999843530658
1785.0 1.30700010336019
1795.0 1.0840000308531856
1805.0 2.0339999411281497
1815.0 1.2230000961650436
1825.0 2.543000042637995
1835.0 2.1359999575546396
1845.0 1.874999946997268
1855.0 1.6920000309148675
1865.0 3.8249999150859977
1875.0 3.502000164247072
1885.0 4.796999965600079
1895.0 6.855000133140337
1905.0 6.140999652014804
1915.0 8.798000152771657
1925.0 6.638000271005778
1935.0 3.027000249931761
1945.0 10.670000169242474
1955.0 14.83000044857066
1967.0 17.7600012622307
1976.0 18.86000015213215
1984.0 24.240000465573107
1995.0 21.99000182970672
2005.0 24.940000664947373
2015.0 27.51000054217267
2025.0 19.010000559308004
2035.0 30.83999940979197
2045.0 32.040000179027366
2055.0 37.74000162488756
2065.0 33.169998176376616
2074.0 26.120002630139226
2078.0 45.8499993614724
2085.0 58.66000122941198
2095.0 98.74999824449374
2105.0 107.6000022011205
2115.0 96.5000046475713
2125.0 69.160002934374
2135.0 142.60000000321983
2145.0 130.70000070675917
2155.0 160.4000068577305
2165.0 147.09999932816783
2175.0 174.50000095708359
2185.0 159.00000426276492
2195.0 264.80001034367376
2205.0 234.79999753835892
2215.0 221.19999740172852
2225.0 241.50000230503719
2235.0 433.1999883687509
2245.0 474.3999905361101
2255.0 479.6999921129387
2265.0 290.5000062895441
2275.0 497.0999911006229
2285.0 585.6000119509985
2295.0 698.7999999503718
2305.0 352.3999937656016
2315.0 760.2000164985329
2325.0 673.1000320378215
2335.0 966.0000040882483
2345.0 579.9000017350726
2355.0 627.5999918150421
2365.0 619.9000015252155
2375.0 720.2000320312271
2385.0 718.400034800927
2395.0 837.4000239007593
2405.0 1216.9999566516678
2415.0 903.099996478641
2425.0 1509.0000334656136
2435.0 2044.00001892536
2445.0 2668.000128211502
2455.0 2899.99996663478
2465.0 1743.0000330364778
2475.0 1957.9999726875142
2485.0 386.90001437074375
2495.0 958.3000272913658
2505.0 1965.9999651105625
2513.0 1106.9999888904617
2518.0 638.0000142142883
2525.0 763.6000094563757
2535.0 2859.999913819985
2545.0 3508.999988752585
2555.0 11370.000258080812
2565.0 5690.0000727258575
2575.0 8634.99980602865
2585.0 6726.0001169038205
2595.0 5942.999860401775
2605.0 6134.00008798684
2615.0 5830.999923751025
2625.0 8556.999374385938
2635.0 21010.00087383535
2645.0 31750.00088721249
2655.0 62580.00266646299
2665.0 33980.001522206476
2675.0 30629.9992718046
2685.0 46940.00051083006
2695.0 27360.00121904649
2705.0 43710.0014236072
2715.0 24370.00018559743
2725.0 12649.999200879529
2735.0 20090.001223055882
2745.0 13880.000236971353
2755.0 19059.99983786968
2765.0 28000.000982015466
2775.0 29700.00275418414
2785.0 16550.00005677479
2795.0 5184.000028828644
2805.0 6943.99994443302
2815.0 24250.000719195625
2825.0 34600.00011109858
2835.0 27830.00030129175
2845.0 11920.000426376473
2855.0 3088.0001128464473
2865.0 20500.001243363648
2875.0 47280.00185201614
2885.0 61639.99783190991
2895.0 94720.00215817174
2910.0 143499.99486902775
2930.0 137799.99502060708
2950.0 118800.00000827012
2970.0 125600.00833467348
2990.0 124100.00864284862
3010.0 104199.99489819712
3030.0 147200.0019925426
3050.0 156099.9954044069
3070.0 200300.0167611806
3090.0 222300.0049309434
3110.0 293999.99878639524
3130.0 242500.00318550027
3150.0 278500.00128270994
3170.0 328600.0098611409
3190.0 277999.98981551325
3210.0 305500.00868842273
3230.0 225399.9918161958
3250.0 383600.027128486
3270.0 493100.02856897353
3290.0 496200.0364018253
3310.0 430400.01920044457
3330.0 444099.9983384567
3350.0 401000.0221150296
3370.0 286500.0122052695
3390.0 330500.0159545944
3410.0 383600.0030321117
3430.0 442200.0018378009
3450.0 459700.0105534641
3470.0 486700.00470828026
3490.0 559400.0039989521
3510.0 592999.9953174487
3530.0 483499.96826512786
3550.0 554999.9824820741
3570.0 298599.9915022462
3590.0 378300.00403697527
3610.0 570599.9944531914
3630.0 653400.03130756
3640.0 679400.036468357
3650.0 758500.0113957395
3670.0 824500.0038786883
3690.0 784600.0220507616
3710.0 859899.9792940373
3730.0 482099.9810188007
3750.0 554600.0146605963
3770.0 707200.0269853262
3790.0 690300.0445681063
3810.0 595900.0089790525
3830.0 296500.00984414265
3850.0 317500.02092648146
3870.0 374800.02799036837
3890.0 732400.0062703055
3910.0 863000.0834182189
3930.0 301199.9976030248
3950.0 638899.9824934757
3970.0 392299.99821237836
3990.0 1197000.079697768
4010.0 1432000.1155572936
4030.0 1410999.946175194
4050.0 1319000.013282658
4070.0 1235000.0196753321
4090.0 1567000.027560553
4110.0 1552000.0174159668
4130.0 1322999.958071193
4150.0 1194999.967498521
4170.0 1217000.0914850866
4190.0 1256999.966252411
4210.0 1429000.069909997
4230.0 1570000.0412287384
4250.0 1618000.0946538993
4270.0 1506000.1323562444
4290.0 1351999.9940640922
4310.0 1106999.970418034
4330.0 1779000.0728526006
4350.0 1736999.9690951193
4370.0 1887000.1052086654
4390.0 1682999.9886566538
4410.0 1853999.9026429472
4430.0 2034000.056349288
4450.0 2071000.0026422502
4470.0 2256000.1592251514
4490.0 2323000.0686570155
4510.0 2680999.995476505
4530.0 2347000.1947861486
4550.0 2421999.8820761414
4570.0 2646999.890333841
4590.0 2547999.965335636
4610.0 2656000.096512242
4630.0 2570999.9904041095
4650.0 2628999.9382234733
4670.0 2714000.110283057
4690.0 2660999.925332304
4710.0 2604999.9949227846
4730.0 2737999.9882361614
4750.0 2918000.2564221607
4770.0 2965999.9341286495
4790.0 2942999.9244598146
4810.0 2890000.009378069
4830.0 3000999.993072929
4850.0 2824000.1953637768
4870.0 2632000.091176879
4890.0 2920999.9280086155
4910.0 2897000.1742142374
4930.0 2858000.147712544
4950.0 3079000.1336361514
4970.0 2990999.8977979394
4990.0 2761999.8323888625
5010.0 2627999.9973096726
5030.0 2795000.1056293193
5050.0 2834999.938016455
5070.0 2974000.068612387
5090.0 2751999.9380601416
5110.0 2840000.037913601
5130.0 2710000.1246996173
5150.0 2640000.083360828
5170.0 2488999.8906694716
5190.0 2634000.246678932
5210.0 2804999.957817399
5230.0 2888000.0275501045
5250.0 2973000.152397241
5270.0 2651000.011044902
5290.0 3029999.899892075
5310.0 3224000.0941954576
5330.0 2840000.0995620405
5350.0 3139999.8502203403
5370.0 3184999.943377575
5390.0 3052000.2180688307
5410.0 3001000.006133456
5430.0 3051000.0924688526
5450.0 3261000.12273363
5470.0 3103000.015392473
5490.0 3051999.9541927613
5510.0 3054000.1361607723
5530.0 3150999.9082211195
5550.0 3228000.0089691114
5570.0 3165999.830382029
5590.0 3066999.9479273334
5610.0 3247999.9659142233
5630.0 3171999.8694147323
5650.0 3196000.121204199
5670.0 3109000.189280075
5690.0 3225000.095903836
5710.0 3099999.9768375237
5730.0 3417000.031928523
5750.0 3251999.994143565
5770.0 3322000.1998670455
5790.0 3144000.251374203
5810.0 3318000.1172866356
5830.0 3429999.882035466
5850.0 3319999.8140194276
5870.0 3338000.07786644
5890.0 3018999.908371587
5910.0 3288999.951988825
5930.0 3294000.213045975
5950.0 3299000.1260931147
5970.0 3369000.2701675575
5990.0 3293000.1095664576
6010.0 3226999.9327964676
6030.0 3307999.9392265123
6050.0 3370999.9032968967
6070.0 3360000.0936699
6090.0 3192000.181067076
6110.0 3204999.9864869136
6130.0 3037999.8720856286
6150.0 3136999.84135207
6170.0 3024000.167808649
6190.0 3219000.1548049715
6210.0 3208000.1336117894
6230.0 3086000.0839240965
6250.0 2962999.8679465796
6270.0 3129000.036994523
6290.0 3178000.093588279
6310.0 3067000.078737235
6330.0 3108000.285220412
6350.0 3104999.841703452
6370.0 3078999.8773399545
6390.0 3142000.0411300324
6410.0 3080000.0936704315
6430.0 3113000.1411964316
6450.0 3105999.958237251
6470.0 3099000.011216339
6490.0 3009999.948963682
6510.0 3101000.188590683
6530.0 3112000.1284851567
6550.0 3070000.283522614
6570.0 2947999.9940789966
6590.0 3082000.200914354
6610.0 3103999.9981506383
6630.0 3082999.9828022867
6650.0 3076999.941512698
6670.0 3020000.103211471
6690.0 3115999.87122974
6710.0 2998000.07904802
6730.0 3108000.0224598604
6750.0 3044000.188222115
6770.0 3064000.1608941723
6790.0 3036000.206498777
6810.0 3024000.098932529
6830.0 3062000.0232396903
6850.0 2960999.9923943696
6870.0 3011999.8882436827
6890.0 3044999.9755935795
6910.0 3009000.1920425454
6930.0 2965000.2531230473
6950.0 2909000.239026373
6970.0 2927000.0912384717
6990.0 2899000.025163353
7010.0 2800999.917298864
7030.0 2874999.8556943
7050.0 2923000.055689739
7070.0 2864999.897313549
7090.0 2849999.9712055675
7110.0 2826999.995764653
7130.0 2762999.8517620675
7150.0 2762000.083382284
7170.0 2786000.2047663564
7190.0 2683000.0412342977
7210.0 2766999.9292479707
7230.0 2801000.012646962
7250.0 2804000.181327071
7270.0 2777000.232923561
7290.0 2672999.9484871384
7310.0 2732000.1945501384
7330.0 2733000.216954429
7350.0 2724000.0220492934
7370.0 2774999.9887175
7390.0 2700999.954075586
7410.0 2680000.202930657
7430.0 2710999.873251843
7450.0 2716999.973953508
7470.0 2727000.0218295995
7490.0 2696000.1676534186
7510.0 2728000.1052460903
7530.0 2740000.00177849
7550.0 2757000.0372970654
7570.0 2725000.1021732064
7590.0 2714000.013615632
7610.0 2714999.9645784576
7630.0 2727000.114519179
7650.0 2727000.103527173
7670.0 2633000.0978200845
7690.0 2717999.9947372675
7710.0 2658999.9340773006
7730.0 2659999.8674819437
7750.0 2639999.9003781676
7770.0 2703000.0706995665
7790.0 2695000.040749321
7810.0 2682000.069821474
7830.0 2654000.177889382
7850.0 2632000.2043714845
7870.0 2628999.8897302835
7890.0 2536000.0670479783
7910.0 2453000.015841397
7930.0 2445000.017826727
7950.0 2412000.008841097
7970.0 2506000.206283021
7990.0 2501000.0361076286
8010.0 2487999.876692967
8030.0 2493000.0108510875
8050.0 2462000.030274445
8070.0 2445999.9923188435
8090.0 2364000.0306991157
8110.0 2360000.0334959854
8130.0 2396000.0768655688
8150.0 2389000.1009909958
8170.0 2397999.907312883
8190.0 2353999.970309358
8210.0 2346999.9958457355
8230.0 2366000.007252659
8250.0 2393000.221750744
8270.0 2413999.9043240636
8290.0 2391999.9739228543
8310.0 2293000.020550173
8330.0 2308000.153955371
8350.0 2311000.0551567837
8370.0 2335000.035209279
8390.0 2269000.0569101935
8410.0 2342999.9547807775
8430.0 2278000.195371584
8450.0 2325000.1224641283
8470.0 2310999.9476464037
8490.0 2288000.1060274336
8510.0 2158000.002451256
8530.0 2236000.0256435177
8550.0 1852000.1268527054
8570.0 2316000.1103921477
8590.0 2277999.973490228
8610.0 2284000.112432748
8630.0 2306000.129649748
8650.0 2272000.0917892675
8670.0 1889000.0518594088
8690.0 2210000.1482766955
8710.0 2264000.112039264
8730.0 2273999.963027425
8750.0 2241000.0364752137
8770.0 2281000.0587500776
8790.0 2253999.9650409543
8810.0 2198000.0781969638
8830.0 2239000.0225828113
8850.0 2256999.8695593076
8870.0 2204000.1902821166
8890.0 2247000.0369823505
8910.0 2268999.9926313455
8930.0 2204999.956398447
8950.0 2200000.1326493816
8970.0 2204000.166433465
8990.0 2211999.9628468286
9010.0 2122000.0737673077
9030.0 2181999.9698045775
9050.0 2227999.937235968
9070.0 2195000.1027142326
9090.0 2115000.056736296
9110.0 2106999.945318644
9130.0 2172000.106209576
9150.0 2017000.045332986
9170.0 1961000.063940594
9190.0 1981999.9878573483
9210.0 1926999.8488709098
9230.0 1957000.098186334
9250.0 1948000.0396708131
9270.0 1983999.8554116776
9290.0 1957000.0161974637
9310.0 2010000.0112100202
9330.0 2010000.1062900121
9350.0 1985000.0012544654
9370.0 1974000.065540685
9390.0 1932999.9164332848
9410.0 1879999.9815061777
9430.0 1905000.060510167
9450.0 1865000.1170284601
9470.0 1922999.9447543405
9490.0 1912000.0540626599
9510.0 1945999.9118624406
9530.0 1923999.8987866624
9550.0 1912999.983126017
9570.0 1916000.181871692
9590.0 1939000.0620535293
9610.0 1917999.9166939766
9630.0 1900000.0673763116
9650.0 1871999.9520592538
9670.0 1862000.0477486765
9690.0 1897000.048157123
9710.0 1883999.976089949
9730.0 1886000.0210944875
9750.0 1865999.9983692067
9770.0 1874000.0801991387
9790.0 1840999.9151913917
9810.0 1890000.0697253826
9830.0 1882999.9657183855
9850.0 1890000.0030444223
9870.0 1881000.116920059
9890.0 1890000.0749313508
9910.0 1863999.877510947
9930.0 1888999.8963109374
9950.0 1874000.157854702
9970.0 1882000.0623281328
9990.0 1877999.994804482
10025.0 1860999.981960754
10075.0 1842999.9567874733
10125.0 1841000.0838946428
10175.0 1808999.9658125595
10225.0 1812000.1479954137
10275.0 1814000.0821617632
10325.0 1778000.0066099302
10375.0 1768000.047155401
10425.0 1770000.0924109432
10475.0 1749000.0252402972
10525.0 1746000.1536724495
10575.0 1729000.048795767
10625.0 1716000.0891111898
10675.0 1680999.9682522397
10725.0 1680000.103713543
10775.0 1662000.0316362584
10825.0 1634000.0471728567
10875.0 1608999.913812376
10925.0 1576000.0174799943
10975.0 1462000.0579913834
11025.0 1456000.033603811
11075.0 1479000.0167944683
11125.0 1474999.957785385
11175.0 1492999.970086193
11225.0 1487000.020573799
11275.0 1461999.9735985745
11325.0 1477000.0497550566
11375.0 1442000.0928089526
11425.0 1448000.0209887668
11475.0 1465000.0510363693
11525.0 1460000.0470767969
11575.0 1439999.9931116493
11625.0 1420999.9683288469
11675.0 1421999.9837244116
11725.0 1440000.0001525672
11775.0 1410999.9814510974
11825.0 1401999.9917416621
11875.0 1383000.0170360454
11925.0 1408000.0353456475
11975.0 1351000.0762007216
12025.0 1373000.0153558622
12075.0 1354999.9692968386
12125.0 1355000.0828149533
12175.0 1358999.9721445222
12225.0 1351000.0279447515
12275.0 1341000.087917009
12325.0 1330000.0561057809
12375.0 1322000.0278207846
12425.0 1310000.0628274148
12475.0 1311000.0323851611
12525.0 1295999.9986732632
12575.0 1290999.9822768893
12625.0 1286000.1036569863
12675.0 1269000.0649656407
12725.0 1269999.9903608586
12775.0 1269000.0548489734
12825.0 1219999.9681573322
12875.0 1241000.0279405809
12925.0 1225000.0316737227
12975.0 1235000.0010632137
13025.0 1218000.031003885
13075.0 1222000.0090182223
13125.0 1201000.0542171057
13175.0 1193000.0500739454
13225.0 1195000.027970047
13275.0 1172000.0267148253
13325.0 1179999.964893048
13375.0 1169000.0280993367
13425.0 1173000.024321554
13475.0 1163999.9932813721
13525.0 1160000.0499610924
13575.0 1136000.032089432
13625.0 1132000.0464146424
13675.0 1130000.0491318826
13725.0 1129000.0831676794
13775.0 1122000.0360056332
13825.0 1120000.0423662923
13875.0 1109999.9618462906
13925.0 1107000.0409854806
13975.0 1097000.029514899
14025.0 1080999.9493685632
14075.0 1061000.0069853906
14125.0 1025000.0151491811
14175.0 1025000.0166832191
14225.0 1012000.0251846386
14275.0 997300.0690437816
14325.0 1015000.041932476
14375.0 1021000.0603315233
14425.0 985000.029250947
14475.0 1017000.009547304
14525.0 985599.9424428615
14570.0 984899.9759550684
14620.0 973799.9577776827
14675.0 966099.9985493831
14725.0 951300.0095504443
14775.0 957300.0320536089
14825.0 953900.0933534832
14875.0 949800.0350371731
14925.0 965600.0394796549
14975.0 953900.0607638537
15025.0 938199.99964908
15075.0 927499.9788746681
15125.0 931699.9963114406
15175.0 937400.0812717896
15225.0 926799.9471809634
15275.0 929500.0177956971
15325.0 924899.9959491078
15375.0 927600.048583334
15425.0 920499.9709293516
15475.0 919200.0207748667
15525.0 903299.9625477723
15575.0 889499.9922738734
15625.0 911800.0370290644
15675.0 885700.0040980929
15725.0 888800.0398868319
15775.0 859900.0011612328
15825.0 871799.9967400437
15875.0 832000.014633836
15925.0 858699.9588104438
15975.0 867000.0468276202
16050.0 856000.0631823065
16150.0 838199.9837606963
16250.0 842000.0070374894
16350.0 832100.0225766092
16450.0 799800.0378026236
16550.0 808900.0273478334
16650.0 789600.0561414949
16750.0 775399.9936301787
16850.0 745499.9980913983
16950.0 758700.0663776512
17050.0 729499.9935222474
17150.0 724600.0152607406
17250.0 702499.9812869297
17350.0 675499.9676331006
17450.0 678500.0250999234
17550.0 666700.0022285505
17650.0 656000.0126906306
17750.0 639400.0253734494
17850.0 632300.0043773444
17950.0 621500.0033315625
18050.0 605200.0254035704
18150.0 588800.0224913432
18250.0 581899.9885509016
18350.0 572499.9893621111
18450.0 557600.0489030358
18550.0 551599.982845244
18650.0 535100.0184735435
18750.0 517299.9962854962
18850.0 519800.0081247693
18950.0 497100.03808580653
19050.0 504900.01096142153
19150.0 493000.0109887597
19250.0 486300.0183159469
19350.0 471400.0388749834
19450.0 456700.01592691336
19550.0 459399.9936140685
19650.0 448199.99808519456
19750.0 437000.03037186904
19850.0 431800.00539944216
19950.0 423800.005894317
20050.0 420800.0292025284
20150.0 416000.0164921016
20250.0 402800.0256241889
20350.0 394500.00750708097
20450.0 393800.0045193316
20550.0 384099.9977615594
20650.0 376099.99842377065
20750.0 370399.9868979997
20850.0 364300.0105935975
20950.0 355899.9973198709
21050.0 354100.0204093495
21150.0 347300.0083082804
21250.0 340999.9938238562
21350.0 337100.0018493144
21450.0 331100.0047951029
21550.0 326100.01965402014
21650.0 314700.01057475636
21750.0 312299.99037854554
21850.0 308700.0002763166
21950.0 305400.017397226
22050.0 297099.9835388635
22150.0 296200.0059636419
22250.0 289100.0025240453
22350.0 284599.9970468842
22450.0 280599.9893288754
22550.0 275699.9852078904
22650.0 270399.9969162289
22750.0 268800.00477510237
22850.0 262200.00046692736
22950.0 233200.00919996094
23050.0 244000.0103826001
23150.0 241799.9924060253
23250.0 215600.00390059978
23350.0 226500.01017315028
23450.0 227400.0071552225
23550.0 200899.99615940114
23650.0 213800.01626278917
23750.0 212500.00323062894
23850.0 190500.00571718492
23950.0 200700.01031812173
24050.0 202000.010279328
24150.0 184399.99218605133
24250.0 190599.99544464835
24350.0 192000.00550099922
24450.0 180400.00930645646
24550.0 178799.99689427653
24650.0 184799.99806063686
24750.0 177500.00091920118
24850.0 169499.99854725262
24950.0 174400.00847321123
25050.0 175500.0134441097
25150.0 163500.0110097129
25250.0 167800.00763978245
25350.0 168000.01404295716
25450.0 162999.99831938176
25550.0 160700.00189134822
25650.0 160300.01027282295
25750.0 160899.99439753251
25850.0 152000.0094480856
25950.0 154299.99843328824
26050.0 154300.00184100727
26150.0 150600.00470836
26250.0 147800.0041391016
26350.0 148100.00119841346
26450.0 146600.00154395233
26550.0 143200.00434334745
26650.0 140600.0071294613
26750.0 142400.01027223488
26850.0 140799.99608416468
26950.0 137399.99325387616
27050.0 137399.99669473132
27150.0 135699.99566271855
27250.0 134600.00406738426
27350.0 131700.00745331033
27450.0 131499.99730937305
27550.0 129600.00431792333
27650.0 128000.00625245557
27750.0 125899.99541986366
27850.0 125000.00825882182
27950.0 124200.00352860715
28050.0 122299.99468594752
28150.0 120699.99882245703
28250.0 119600.00061970406
28350.0 118800.00751922811
28450.0 116799.99414466495
28550.0 115400.0050143057
28650.0 114100.00954426316
28750.0 112099.99982732387
28850.0 111400.00815519139
28950.0 110200.00039699943
29050.0 108799.99990164676
29150.0 107699.9993133254
29250.0 105500.0023838673
29350.0 105000.00248419835
29450.0 103299.99938281249
29550.0 102400.00451326897
29650.0 101100.00289082201
29750.0 100100.00076252736
29850.0 98900.00134404571
29950.0 97400.00133064706
30050.0 96119.99686855428
30150.0 95459.99465610711
30250.0 94149.9984236426
30350.0 92230.00409122034
30450.0 91479.99837470138
30550.0 90760.00402196706
30650.0 89529.99982216401
30750.0 88780.00462020739
30850.0 87089.99761371907
30950.0 86169.99859538417
31050.0 85680.00288055906
31150.0 83869.99582093486
31250.0 83499.99910557036
31350.0 82180.00281517768
31450.0 81600.00535658776
31550.0 80370.00411065023
31650.0 79510.00184415479
31750.0 78580.00309366875
31850.0 77590.0000065947
31950.0 76940.00320671765
32100.0 75550.00456294607
32300.0 73549.99724517636
32500.0 72030.00341255
32700.0 70330.00549069504
32900.0 68299.99752026908
33100.0 67130.00191013192
33300.0 65370.0026885182
33500.0 64200.001025534744
33700.0 62749.99981897376
33900.0 61020.001788195645
34100.0 59800.00229375438
34300.0 58790.0009418492
34500.0 57370.00206052279
34700.0 56249.999510538444
34900.0 55110.00179066457
35100.0 53860.00020103611
35300.0 52550.000774908105
35500.0 51670.0028466867
35700.0 50399.99894665675
35900.0 49300.00098470131
36100.0 48570.00122522664
36300.0 47470.000674502444
36500.0 46279.999528564345
36700.0 45340.0014516634
36900.0 44150.00055476577
37100.0 43130.00055645184
37300.0 42490.00134464979
37500.0 41219.99963083187
37700.0 40820.00179057509
37900.0 40040.00249184973
38100.0 39270.00154923871
38300.0 38659.99908971904
38500.0 37940.0036983594
38700.0 37110.00108676314
38900.0 36329.99949408991
39100.0 35759.99988993038
39300.0 35070.00097721463
39500.0 34230.000511058744
39700.0 33690.00047482958
39900.0 32720.001191732943
40100.0 32309.999329052596
40300.0 31819.999294218687
40500.0 31119.999526630807
40700.0 30579.998438763378
40900.0 30080.00060413137
41100.0 29550.00028879736
41300.0 29060.00233095322
41500.0 28439.99949487419
41700.0 27919.999288867944
41900.0 27450.001061150437
42100.0 26810.00242799725
42300.0 26560.000799737612
42500.0 25949.999867917104
42700.0 25569.99996044086
42900.0 24050.001806702498
43100.0 22909.99965351329
43300.0 23210.000091431553
43500.0 21830.000371749884
43700.0 21290.000762186814
43900.0 21050.000336199777
44100.0 19489.9993204842
44300.0 19620.000959411605
44500.0 19110.00084276541
44700.0 18000.001067360296
44900.0 18320.000701289337
45100.0 17810.000467695565
45300.0 16879.999782974515
45500.0 17110.00032515784
45700.0 16869.99971931379
45900.0 15890.000457893833
46100.0 16210.000822044107
46300.0 15750.000108932683
46500.0 15559.998981820363
46700.0 15430.000189711343
46900.0 15209.999943398187
47100.0 14820.000352178635
47300.0 14949.999322428743
47500.0 14610.000025675803
47700.0 14409.999726767875
47900.0 14150.000419059113
48100.0 13839.999912583138
48300.0 14009.999976490595
48500.0 13660.000848815907
48700.0 13389.99981207103
48900.0 13329.999827665239
49100.0 13019.99955809583
49300.0 12870.000507733694
49500.0 12700.000196859934
49700.0 12609.999652397832
49900.0 12360.000489137596
50100.0 12090.000044388982
50300.0 12140.000226973683
50500.0 11820.000481367977
50700.0 11690.000567670058
50900.0 11570.00086031046
51100.0 11350.000412549949
51300.0 11210.000838018104
51500.0 11070.001030290798
51700.0 11069.999854274349
51900.0 10820.000419533455
52100.0 10610.000258512211
52300.0 10510.000336600613
52500.0 10450.000874306714
52700.0 10450.000322320519
52900.0 10080.000535661968
53100.0 9972.000652892037
53300.0 9894.00057465408
53500.0 9774.999894322602
53700.0 9660.000478803462
53900.0 9559.00056230178
54100.0 9446.999900699975
54300.0 9252.99977743135
54500.0 9231.999759597644
54700.0 9056.999886598911
54900.0 8970.000370496153
55100.0 8834.000382643364
55300.0 8879.99975491594
55500.0 8607.000076490865
55700.0 8638.000427149093
55900.0 8447.99996218686
56100.0 8399.000382043025
56300.0 8223.000288477766
56500.0 8210.000223849118
56700.0 8098.000094969484
56900.0 7920.000180146833
57100.0 7915.0003646356245
57300.0 7824.000377937872
57500.0 7721.000306364053
57700.0 7609.999771311847
57900.0 7567.000002763528
58100.0 7436.000052449223
58300.0 7357.999755596394
58500.0 7287.000256282429
58700.0 7154.000487082835
58900.0 7080.000444564784
59100.0 7016.000371486235
59300.0 6940.000337478303
59500.0 6821.00003734855
59700.0 6787.000497534758
59900.0 6705.000047437743
60100.0 6625.999872041097
60300.0 6545.999889764862
60500.0 6446.000125260219
60700.0 6375.000102422834
60900.0 6291.999915839146
61100.0 6203.000359378421
61300.0 6153.000095620073
61500.0 6091.000274916367
61700.0 6035.9997453949345
61900.0 5965.000009697448
62100.0 5902.000282064603
62300.0 5812.000296745977
62500.0 5730.999672914812
62700.0 5674.000261198531
62900.0 5607.999952696986
63100.0 5531.000376995128
63300.0 5496.9998908312455
63500.0 5415.00035672912
63700.0 5383.000009347634
63900.0 5291.999828922541
64200.0 5214.000385496953
64600.0 5085.9999298320745
65000.0 4974.00031672598
65400.0 4861.000325948746
65800.0 4761.999897142373
66200.0 4645.000068574366
66600.0 4548.999839672086
67000.0 4447.000108287044
67400.0 4340.999832678866
67800.0 4249.000309728742
68200.0 4155.000286566711
68600.0 4066.9998212888618
69000.0 3974.000343025312
69400.0 3885.99984731311
69800.0 3806.0000059469207
70200.0 3718.0001538278498
70600.0 3642.000097042832
71000.0 3562.9999058338326
71400.0 3488.0000850998695
71800.0 3412.0000164488697
72200.0 3340.000151952693
72600.0 3268.0001266214003
73000.0 3200.9998627404398
73400.0 3131.000052279235
73800.0 3068.00015751083
74200.0 3000.0001101542684
74600.0 2935.000071617705
75000.0 2878.000075011994
75400.0 2819.0000247491594
75800.0 2762.0000933471983
76200.0 2703.9999772446763
76600.0 2648.000113367431
77000.0 2591.000066007036
77400.0 2537.999992253289
77800.0 2486.000013497314
78200.0 2435.999990305256
78600.0 2386.0000535936965
79000.0 2338.9998623857578
79400.0 2292.0001563116743
79800.0 2247.9999184969947
80200.0 2203.0001596178786
80600.0 2161.000131026369
81000.0 2122.000026683579
81400.0 2081.0001307367556
81800.0 2043.00015185259
82200.0 2006.0000335320374
82600.0 1967.999985164933
83000.0 1930.9999262339497
83400.0 1892.9999376413293
83800.0 1858.9999688650507
84200.0 1824.000065681921
84600.0 1790.9999417631414
85000.0 1757.9999971150792
85400.0 1726.000028528055
85800.0 1693.9999859136572
86200.0 1662.9999173460476
86600.0 1632.9998824119348
87000.0 1604.0000621867655
87400.0 1576.0000243133136
87800.0 1546.9999869230849
88200.0 1518.9999761248491
88600.0 1492.0000494485698
89000.0 1466.0000237302106
89400.0 1441.000076965012
89800.0 1415.000069724566
90200.0 1391.9999774829357
90600.0 1369.0000381872935
91000.0 1344.0000613783125
91400.0 1321.0000742172892
91800.0 1300.0000724089473
92200.0 1278.0000107066896
92600.0 1255.9999817478424
93000.0 1236.0000475348909
93400.0 1213.9999668989183
93800.0 1193.9999777507653
94200.0 1175.0000459512446
94600.0 1155.000056618428
95000.0 1137.0000374516596
95400.0 1117.9999619666944
95800.0 1099.0000253251126
96200.0 1082.0000531462804
96600.0 1063.999970460329
97000.0 1048.000069435627
97400.0 1030.0000360802971
97800.0 1012.9999947897081
98200.0 998.4000049909253
98600.0 982.5000256499051
99000.0 966.7000913664737
99400.0 950.7000778831275
99800.0 936.999976975333
100200.0 922.2999850536162
200000.0 59.37000350659244
400000.0 3.702000014459492
600000.0 0.7262000347732153
800000.0 0.2286000025133504
1000000.0 0.0932200013802745
1200000.0 0.04478999928284047
1400000.0 0.024089999728883357
1600000.0 0.01406999958833157
