wave flux
90.9000015258789 0.0
93.5 0.0
96.0999984741211 0.0
97.69999694824219 0.0
99.5999984741211 0.0
102.0 0.0
103.80000305175781 0.0
105.5999984741211 0.0
107.69999694824219 0.0
110.4000015258789 0.0
114.0 0.0
117.80000305175781 0.0
121.30000305175781 0.0
124.80000305175781 0.0
127.0999984741211 0.0
128.39999389648438 0.0
130.5 0.0
132.39999389648438 0.0
133.89999389648438 0.0
136.60000610351562 0.0
139.8000030517578 0.0
143.3000030517578 0.0
147.1999969482422 0.0
151.0 0.0
155.1999969482422 0.0
158.8000030517578 0.0
162.0 0.0
166.0 0.0
170.3000030517578 0.0
173.39999389648438 0.0
176.8000030517578 0.0
180.1999969482422 0.0
181.6999969482422 0.0
186.10000610351562 0.0
191.0 0.0
193.89999389648438 0.0
198.39999389648438 0.0
201.8000030517578 0.0
205.0 0.0
210.5 0.0
216.1999969482422 0.0
219.8000030517578 0.0
223.0 0.0
226.8000030517578 0.0
230.0 0.0
234.0 0.0
240.0 0.0
246.5 0.0
252.39999389648438 0.0
256.79998779296875 0.0
260.0 0.0
264.0 0.0
268.5 0.0
273.5 0.0
278.5 0.0
284.0 0.0
290.0 0.0
296.0 0.0
301.0 0.0
308.0 0.0
318.0 0.0
328.0 0.0
338.0 0.0
348.0 0.0
357.0 0.0
366.0 0.0
375.0 0.0
385.0 0.0
395.0 0.0
405.0 0.0
414.0 0.0
422.0 0.0
430.0 0.0
441.0 0.0
451.0 0.0
460.0 0.0
470.0 0.0
480.0 0.0
490.0 0.0
500.0 0.0
506.0 0.0
512.0 0.0
520.0 0.0
530.0 0.0
540.0 0.0
550.0 0.0
560.0 0.0
570.0 0.0
580.0 0.0
590.0 1.4272800526543852e-25
600.0 4.790399623938684e-25
610.0 1.541279981036195e-24
620.0 4.764000071695564e-24
630.0 1.4452029437651398e-23
640.0 4.157191980769903e-23
650.0 1.1551116631423936e-22
658.0 2.5552056536863276e-22
665.0 5.031184103307333e-22
675.0 1.2915608746789146e-21
685.0 3.222124151094598e-21
695.0 7.809096196263864e-21
705.0 1.839398363531768e-20
716.0 4.6024757120600655e-20
726.0 1.0304027681568413e-19
735.0 2.0871001647679032e-19
745.0 4.476235984449403e-19
755.0 9.394800147258162e-19
765.0 1.9319961178360533e-18
775.0 3.891916256432753e-18
785.0 7.700435662916904e-18
795.0 1.4865559930712267e-17
805.0 2.8451319040644943e-17
815.0 5.344751862479114e-17
825.0 9.861292153924928e-17
835.0 1.790959905200399e-16
845.0 3.2044438456030415e-16
855.0 5.6470004765093165e-16
865.0 9.811840919322524e-16
875.0 1.6796520920695387e-15
885.0 2.8438441136609683e-15
895.0 4.752191661299097e-15
905.0 7.836044101200724e-15
915.0 6.227240101132376e-11
925.0 2.6116081210142406e-10
935.0 3.7597600693434627e-10
945.0 4.912920355627924e-10
955.0 7.604199694780304e-10
965.0 1.30160008907792e-09
975.0 1.4895320324470996e-09
985.0 2.5495999519868994e-09
995.0 3.737319984507713e-09
1005.0 4.975199710255731e-09
1015.0 6.844399721522479e-09
1025.0 8.9025197487282e-09
1035.0 1.658364008657906e-08
1045.0 2.3277920834348436e-08
1055.0 2.697923888005389e-08
1065.0 4.884159900743916e-08
1075.0 6.431359841018543e-08
1085.0 9.638879738696119e-08
1095.0 1.19227206580064e-07
1105.0 1.5810401050572714e-07
1115.0 2.058644092079886e-07
1125.0 3.37508024221922e-07
1135.0 5.044840012985606e-07
1145.0 7.017720212625865e-07
1155.0 9.307679808867557e-07
1165.0 1.1966280765021939e-06
1175.0 1.6566679740227183e-06
1185.0 2.1022721166507058e-06
1195.0 2.5146799208020392e-06
1205.0 2.6470961296347774e-06
1215.0 1.8201479940552953e-06
1225.0 4.239200186985677e-06
1235.0 7.448280448532902e-06
1245.0 1.00663996000881e-05
1255.0 1.2750599872498353e-05
1265.0 1.6483720801644796e-05
1275.0 2.0667880275542004e-05
1285.0 2.432800059155555e-05
1295.0 3.052280090827199e-05
1305.0 3.791240195904264e-05
1315.0 4.809520059839937e-05
1325.0 5.749720055109542e-05
1335.0 6.929039991052357e-05
1345.0 8.85692019412364e-05
1355.0 0.00011221200058213241
1365.0 0.00013496720836002072
1375.0 0.0001622960011206656
1385.0 0.00019360359401432786
1395.0 0.00024118319611690766
1405.0 0.00030449600975594987
1415.0 0.0003803000176285212
1425.0 0.00044438399016974596
1435.0 0.0005657319992338855
1442.0 0.0006903799830222374
1447.0 0.0006929800307657275
1455.0 0.0008127720045243792
1465.0 0.001045152032777041
1475.0 0.0011661560094805494
1485.0 0.0014214041040306524
1495.0 0.0018367879987593349
1505.0 0.002298120049568897
1512.0 0.0021395320928639006
1517.0 0.0026618400613538373
1525.0 0.0035718400216996717
1535.0 0.013888879459880944
1545.0 0.015158360149332053
1555.0 0.026741601534687968
1565.0 0.025157599094849676
1575.0 0.06600480165033339
1585.0 0.07125800156743815
1595.0 0.07651799945790723
1605.0 0.07679519909928903
1615.0 0.07958999766916534
1625.0 0.08232800261195694
1635.0 0.11949239380505386
1645.0 0.17227000697498904
1655.0 0.12323800015655263
1665.0 0.21590640224068128
1672.0 0.1476927975908845
1677.0 0.283919220317167
1685.0 0.45011602578114074
1695.0 0.6623120604126858
1705.0 0.7506439774280179
1715.0 0.7754960178588794
1725.0 1.12051602825347
1735.0 1.2824679905727303
1745.0 1.8728359369996592
1755.0 1.9677758889071333
1765.0 2.246056056030334
1775.0 2.0443239133775735
1785.0 3.7767160374300426
1795.0 3.220436172869186
1805.0 5.057879990643509
1815.0 3.8296360652143
1825.0 5.845520248574286
1835.0 5.64955998476475
1845.0 6.0864801472165135
1855.0 5.769240107600981
1865.0 8.875399616000616
1875.0 8.65459991451899
1885.0 10.474519740613498
1895.0 13.542440400700615
1905.0 12.963160026292503
1915.0 17.682039477967514
1925.0 15.596200736157487
1935.0 9.732080584017377
1945.0 20.53395934278534
1955.0 27.043880361865554
1967.0 30.555441644645224
1976.0 33.183998714328034
1984.0 38.88560230714934
1995.0 36.41000157554049
2005.0 40.11360014845517
2015.0 45.63200063361934
2025.0 38.01480179413533
2035.0 51.32160120039033
2045.0 55.44079935224794
2055.0 63.1379984420305
2065.0 60.81920255192175
2074.0 56.35000343219296
2078.0 73.5199999302081
2085.0 85.18920199673718
2095.0 123.46999716971814
2105.0 144.91880417335267
2115.0 156.80640313979308
2125.0 159.97879982146657
2135.0 198.9407970901764
2145.0 167.77239995343825
2155.0 188.59800439235002
2165.0 179.502801155923
2175.0 193.8772000648597
2185.0 184.70040798446252
2195.0 278.55199184821265
2205.0 245.19961160866174
2215.0 261.72400333845144
2225.0 257.61400021094437
2235.0 395.5920116552095
2245.0 433.1360070144437
2255.0 466.30002762203117
2265.0 292.8919948894484
2275.0 467.10401238730094
2285.0 504.508003505972
2295.0 656.6640192291267
2305.0 349.74399601547407
2315.0 803.1600148765774
2325.0 698.3560135381668
2335.0 996.3039953559487
2345.0 655.5080234884501
2355.0 633.0720006203992
2365.0 753.1719856919401
2375.0 753.0200339838685
2385.0 1045.7160225523353
2395.0 1049.1040066619662
2405.0 1580.3759808329978
2415.0 1085.0640108912198
2425.0 1372.4960202527368
2435.0 1802.200056496499
2445.0 2330.120018887628
2455.0 2573.5599387832035
2465.0 1813.7640467159247
2475.0 2467.560083533324
2485.0 1028.488022342612
2495.0 1276.3799861152913
2505.0 2311.600026276611
2513.0 1667.0320861251764
2518.0 1488.4679787727493
2525.0 1661.5999893985545
2535.0 3368.0801273747925
2545.0 3980.280211976084
2555.0 5409.400158046253
2565.0 3768.2001084202875
2575.0 5529.07997562924
2585.0 4950.19992446541
2595.0 5509.719846880526
2605.0 6825.239913885837
2615.0 6247.719867548107
2625.0 8833.12031309742
2635.0 16188.35940004827
2645.0 14648.879851500498
2655.0 28313.199904567347
2665.0 17210.72092272568
2675.0 15300.799625345326
2685.0 22333.600466915977
2695.0 11950.880330775564
2705.0 20373.200563158614
2715.0 14410.759580028274
2725.0 10796.759943384097
2735.0 13038.44013674822
2745.0 14586.400323096645
2755.0 15861.600151163388
2765.0 21284.801128572602
2775.0 24411.200721903486
2785.0 16771.200643673666
2795.0 13122.40032832578
2805.0 14754.000201850404
2815.0 21135.200864319424
2825.0 21261.600473587863
2835.0 17750.0010939415
2845.0 12386.360165011467
2855.0 6104.680129910747
2865.0 16843.60068570274
2875.0 21887.200303494737
2885.0 29238.800307189864
2895.0 39324.799399799245
2910.0 58961.59922787208
2930.0 63142.8042297268
2950.0 55236.400012925835
2970.0 55159.59936593243
2990.0 56189.19862328976
3010.0 51784.00058280789
3030.0 73176.00140065991
3050.0 77910.40106206405
3070.0 118994.39400123438
3090.0 97824.8038659747
3110.0 179444.00543353858
3130.0 155028.00600764804
3150.0 207012.0016402626
3170.0 262044.00190660232
3190.0 205088.01124096834
3210.0 214796.0126962378
3230.0 184376.00032065468
3250.0 323191.99977929756
3270.0 446220.01154836506
3290.0 481443.99488255504
3310.0 369140.001040505
3330.0 379599.9970543829
3350.0 333848.01053511037
3370.0 188204.00220494563
3390.0 235336.00517034568
3410.0 256476.00435867
3430.0 304524.00381987105
3450.0 283808.0082147753
3470.0 288792.0009269648
3490.0 405032.015662237
3510.0 498868.0194312423
3530.0 447292.01768285746
3550.0 593028.0101115538
3570.0 267564.00864374585
3590.0 277840.0069320375
3610.0 412387.99857741315
3630.0 487584.00817502895
3640.0 529967.9983191544
3650.0 663515.9746262613
3670.0 786620.0056110546
3690.0 618008.0261614916
3710.0 539451.986587713
3730.0 232676.00865467516
3750.0 288527.99361934426
3770.0 583391.9988272248
3790.0 620767.9896516508
3810.0 519596.02675114444
3830.0 231835.99035238207
3850.0 350207.9895174313
3870.0 343475.9929991323
3890.0 460040.01156941295
3910.0 660384.0217679858
3930.0 256116.0007978987
3950.0 529936.0190542665
3970.0 362359.9994155192
3990.0 1046092.0449681145
4010.0 1271560.04083949
4030.0 1076416.0191084156
4050.0 1057232.0002699795
4070.0 953147.9735137615
4090.0 1385080.070008239
4110.0 1108824.0603157138
4130.0 1121755.9675610205
4150.0 1027719.9765487469
4170.0 1067240.0500221855
4190.0 1059899.9916402802
4210.0 1039840.0258774154
4230.0 818519.9844271368
4250.0 1109692.0399012845
4270.0 1010324.0183960566
4290.0 947940.0599522917
4310.0 929684.0370956443
4330.0 1416439.9725413925
4350.0 1470680.036125282
4370.0 1581879.9895197821
4390.0 1313559.9945222943
4410.0 1422160.0384762827
4430.0 1567680.059319746
4450.0 1606800.0172712149
4470.0 1799079.9959556914
4490.0 1869320.0253163588
4510.0 2209440.043601838
4530.0 1819080.0312679035
4550.0 2007800.054414534
4570.0 2168520.037123039
4590.0 2068440.0310425865
4610.0 2139760.0843803706
4630.0 2132960.0797290965
4650.0 2088919.9860445026
4670.0 2253399.985679084
4690.0 2190479.973279321
4710.0 2060199.881087101
4730.0 2106880.0979825165
4750.0 2106240.082837023
4770.0 1994360.0543613273
4790.0 2066519.8819468333
4810.0 2229280.057030509
4830.0 2248480.0422344827
4850.0 2235320.0028715325
4870.0 2052560.0542004043
4890.0 2170440.093194637
4910.0 2186600.0296656466
4930.0 2043760.0471768798
4950.0 2109480.0687831864
4970.0 2071199.9995061245
4990.0 1845160.031858961
5010.0 1650760.039484156
5030.0 1796639.9322321662
5050.0 1692720.005864073
5070.0 1691840.0223590918
5090.0 1594720.0309372253
5110.0 1626600.0458518376
5130.0 1553639.9906973427
5150.0 1453680.0118763673
5170.0 1218999.994056822
5190.0 1335520.0169798355
5210.0 1616560.064528333
5230.0 2148079.8888640553
5250.0 2322839.988923616
5270.0 1909919.9403372083
5290.0 2340960.0405952344
5310.0 2546680.0665534483
5330.0 2162239.966587842
5350.0 2385479.9962711134
5370.0 2374600.0479271444
5390.0 2305759.9380780305
5410.0 2252079.9444507146
5430.0 2281279.9870098056
5450.0 2357280.0789594785
5470.0 2390080.0291765477
5490.0 2400160.093092955
5510.0 2340320.1295418493
5530.0 2468640.0179569214
5550.0 2529680.094545773
5570.0 2424800.075978443
5590.0 2282840.0636301297
5610.0 2459520.0094302692
5630.0 2519719.950222634
5650.0 2557360.0835281657
5670.0 2487079.9261489864
5690.0 2528880.074783314
5710.0 2424679.997156211
5730.0 2640960.080950645
5750.0 2590680.1958268853
5770.0 2619280.1251810966
5790.0 2482199.9860799047
5810.0 2607080.0212728684
5830.0 2680880.0079094474
5850.0 2575080.079888973
5870.0 2568919.9740238106
5890.0 1738720.0399091456
5910.0 2483960.148435877
5930.0 2569920.037552748
5950.0 2580160.106888177
5970.0 2619400.1612936174
5990.0 2590040.108442294
6010.0 2547280.174782936
6030.0 2594480.1120638293
6050.0 2642280.061280994
6070.0 2615120.0660128044
6090.0 2534959.9355066125
6110.0 2530680.0356509984
6130.0 2358000.154688391
6150.0 2490880.023613594
6170.0 2248959.991395389
6190.0 2530440.0055177817
6210.0 2514880.1041516038
6230.0 2443399.985467356
6250.0 2365600.0823251815
6270.0 2463040.0452580764
6290.0 2511320.0326723573
6310.0 2433160.129724254
6330.0 2461400.0486723185
6350.0 2481639.988300706
6370.0 2471920.0702626486
6390.0 2513880.0005733985
6410.0 2450840.108804029
6430.0 2458400.025709246
6450.0 2396399.934754906
6470.0 2393479.9870260167
6490.0 2369680.1129253204
6510.0 2469520.0387631715
6530.0 2506840.023394213
6550.0 2459479.9988198383
6570.0 2403280.0261226865
6590.0 2464520.044010561
6610.0 2483920.128005379
6630.0 2473280.1000689697
6650.0 2467520.09450162
6670.0 2428640.075226679
6690.0 2467400.079602279
6710.0 2395640.050883065
6730.0 2464960.087796092
6750.0 2421560.068073983
6770.0 2439880.0742309447
6790.0 2418640.075279598
6810.0 2415760.0863782126
6830.0 2446200.183217916
6850.0 2388240.0819628392
6870.0 2405600.0386849726
6890.0 2413120.0713585853
6910.0 2405960.0879108473
6930.0 2387519.918526183
6950.0 2379839.944469559
6970.0 2396640.090513941
6990.0 2360920.144839365
7010.0 2332959.9878355903
7030.0 2362799.9802843337
7050.0 2371480.070214357
7070.0 2328240.126950523
7090.0 2315960.089397953
7110.0 2329439.972552172
7130.0 2282320.0306544374
7150.0 2230280.0591484983
7170.0 2290400.0751543376
7190.0 2223239.9775454383
7210.0 2243240.021472621
7230.0 2300039.9969896614
7250.0 2283519.9920733394
7270.0 2293120.0594002684
7290.0 2251440.085156415
7310.0 2272280.0210763174
7330.0 2240040.0239928453
7350.0 2246279.983368608
7370.0 2272040.04076159
7390.0 2232520.040474044
7410.0 2210600.0562205217
7430.0 2238999.9962907163
7450.0 2225759.9786250084
7470.0 2241720.050296156
7490.0 2225320.0723278685
7510.0 2234560.0225839405
7530.0 2245559.9450225984
7550.0 2248040.062245048
7570.0 2228400.0977679878
7590.0 2216400.1371637885
7610.0 2207680.1202771273
7630.0 2220640.1109085553
7650.0 2213160.0764423544
7670.0 2117240.012899021
7690.0 2198159.969786428
7710.0 2152960.0478334487
7730.0 2176320.0598057574
7750.0 2148640.080981391
7770.0 2196480.1060823314
7790.0 2182800.0785729955
7810.0 2175359.9635362704
7830.0 2142679.9553587963
7850.0 2147679.951056709
7870.0 2168199.9679077137
7890.0 2144799.939588752
7910.0 2111200.0116894683
7930.0 2083600.1113529853
7950.0 2062360.0901373725
7970.0 2119960.021638789
7990.0 2104720.070366041
8010.0 2089560.0071474987
8030.0 2090800.1015729574
8050.0 2069639.9859329732
8070.0 2072840.0131505795
8090.0 2042800.1206166304
8110.0 2051279.9955751258
8130.0 2069720.0714551476
8150.0 2061760.032341233
8170.0 2054760.1166806803
8190.0 1939519.9290539087
8210.0 1997920.0492799385
8230.0 2006960.0815516629
8250.0 2020600.0060980353
8270.0 2040320.0460511807
8290.0 2026360.048063838
8310.0 1980280.1660725034
8330.0 1947760.0736958485
8350.0 1973039.9769087322
8370.0 1980479.9861359822
8390.0 1881799.9951413288
8410.0 1974480.1164639294
8430.0 1910279.991806246
8450.0 1960320.0800088325
8470.0 1940360.037415507
8490.0 1928639.9859070415
8510.0 1839640.005003503
8530.0 1899240.0137738972
8550.0 1638159.9878701295
8570.0 1947400.015951711
8590.0 1924280.1213076846
8610.0 1917520.048477133
8630.0 1926240.0929661389
8650.0 1909040.0940018387
8670.0 1640160.111082403
8690.0 1818920.0362231864
8710.0 1895160.0220957098
8730.0 1888640.0076796762
8750.0 1886960.0750893955
8770.0 1884600.0983801908
8790.0 1884200.0526881276
8810.0 1806360.008070431
8830.0 1839959.98793946
8850.0 1869960.1181904012
8870.0 1843320.00792044
8890.0 1874200.0551830211
8910.0 1874679.977255295
8930.0 1840079.9064774702
8950.0 1829839.9420756386
8970.0 1834320.1306843632
8990.0 1840320.0561996747
9010.0 1761280.0741365824
9030.0 1814400.116366131
9050.0 1843320.054332223
9070.0 1830400.1191142295
9090.0 1773800.0058038516
9110.0 1777800.0208414588
9130.0 1805960.036642634
9150.0 1773159.979164115
9170.0 1756000.021567956
9190.0 1763480.0647951914
9210.0 1727880.0192540556
9230.0 1739600.0550693208
9250.0 1713639.956754173
9270.0 1731560.0428522073
9290.0 1717840.0558246265
9310.0 1741280.03549443
9330.0 1735560.0571165227
9350.0 1723600.065726539
9370.0 1707360.0251410434
9390.0 1711160.0276276285
9410.0 1662839.9695213053
9430.0 1693000.0635485856
9450.0 1660320.035806763
9470.0 1693719.9928997224
9490.0 1694480.0775240704
9510.0 1690960.082087844
9530.0 1676760.059329789
9550.0 1657520.0925812563
9570.0 1661040.0479088873
9590.0 1680000.0577114343
9610.0 1656760.0241577679
9630.0 1657840.0424648009
9650.0 1612280.0517032163
9670.0 1615560.0420567826
9690.0 1643559.9761726211
9710.0 1627080.0174702823
9730.0 1614320.051810703
9750.0 1612639.9886983598
9770.0 1619639.9939522205
9790.0 1584640.021431346
9810.0 1628400.0196977207
9830.0 1610920.0323975228
9850.0 1625159.963645701
9870.0 1613960.0076216816
9890.0 1612439.9549240617
9910.0 1604240.0796207094
9930.0 1608439.9919124194
9950.0 1602719.9806469963
9970.0 1601720.0300704455
9990.0 1596000.038001915
10025.0 1585520.0064504244
10075.0 1570080.0545843756
10125.0 1565840.082343679
10175.0 1545919.9973617317
10225.0 1537920.043737805
10275.0 1537680.0169197074
10325.0 1510000.002835493
10375.0 1501039.9888097781
10425.0 1504040.0752020928
10475.0 1484840.0396207734
10525.0 1483359.980774943
10575.0 1463160.0563596894
10625.0 1455199.9324847513
10675.0 1432520.0627140563
10725.0 1430759.9857283263
10775.0 1414080.0594452696
10825.0 1379400.051612151
10875.0 1385440.0433035865
10925.0 1382720.0443099248
10975.0 1334159.985580204
11025.0 1331920.089234266
11075.0 1336640.061051566
11125.0 1325159.9870708592
11175.0 1321400.0805150564
11225.0 1318919.9805033805
11275.0 1291480.06813382
11325.0 1300199.9718448694
11375.0 1277239.9464365363
11425.0 1266240.01682265
11475.0 1284000.0331349918
11525.0 1281519.9874917036
11575.0 1264560.0105994237
11625.0 1241080.043327953
11675.0 1245600.0107861268
11725.0 1256080.034498334
11775.0 1228880.0736528588
11825.0 1208680.0464876522
11875.0 1203439.9485703304
11925.0 1226920.0550053043
11975.0 1168520.055387896
12025.0 1194759.9990022362
12075.0 1176799.9881023688
12125.0 1189040.0554092112
12175.0 1191280.0505820077
12225.0 1183800.054234926
12275.0 1172080.048357479
12325.0 1166600.0219977705
12375.0 1161360.032644289
12425.0 1147399.9690642226
12475.0 1150400.0282843679
12525.0 1137679.997624336
12575.0 1136440.0413056999
12625.0 1127959.9943171006
12675.0 1115000.05671507
12725.0 1117000.020360239
12775.0 1114760.0546561312
12825.0 1078360.0085012224
12875.0 1093320.0142811679
12925.0 1078079.988521555
12975.0 1087840.070796076
13025.0 1076120.0060111932
13075.0 1078120.04257597
13125.0 1045639.9989911491
13175.0 1047920.015480038
13225.0 1058680.0409768962
13275.0 1040720.0180437978
13325.0 1040959.980392617
13375.0 1038239.9548439896
13425.0 1040239.9967417547
13475.0 1033912.0199548102
13525.0 1029900.0224920515
13575.0 1013548.0200074202
13625.0 1008244.0134766471
13675.0 1011296.0583086857
13725.0 1012284.0275840516
13775.0 1003804.0329256091
13825.0 1002639.9734698358
13875.0 991400.0028308368
13925.0 984600.0024691678
13975.0 983552.0300008373
14025.0 970820.0393542149
14075.0 972719.9743991457
14125.0 953672.0243632295
14175.0 959204.0364754905
14225.0 941624.0323705219
14275.0 914624.0402920443
14325.0 942928.0298119113
14375.0 945243.9920994045
14425.0 919248.0546168657
14475.0 938891.974924529
14525.0 919703.9854762944
14570.0 918236.0270550355
14620.0 914436.021390462
14675.0 910192.0161035322
14725.0 896920.0177935358
14775.0 899260.0030778705
14825.0 900311.9753363668
14875.0 865128.0443779435
14925.0 906720.0213225672
14975.0 896260.0397904457
15025.0 830960.0035891357
15075.0 859115.9976483278
15125.0 885588.0275620631
15175.0 887164.0200649726
15225.0 876940.0651534701
15275.0 879312.0209275988
15325.0 878076.0637635656
15375.0 875467.9922031254
15425.0 873932.009609164
15475.0 877320.0161546976
15525.0 860276.0008700087
15575.0 858467.9916565988
15625.0 866748.0277532793
15675.0 846768.0489279275
15725.0 844760.0296919225
15775.0 795248.0113024362
15825.0 833956.0030079843
15875.0 807039.9969966861
15925.0 826287.9896178076
15975.0 827516.003808393
16050.0 824600.020452501
16150.0 809120.0326035925
16250.0 805644.0070644609
16350.0 796068.0004799351
16450.0 781439.999131563
16550.0 778496.0247116444
16650.0 760651.9977108284
16750.0 734728.0010694105
16850.0 726056.0270979108
16950.0 724956.0218837608
17050.0 699756.0217267815
17150.0 680215.9851430493
17250.0 670428.0449995102
17350.0 653340.0103971752
17450.0 645800.0037512336
17550.0 637244.0034790225
17650.0 626032.0339989224
17750.0 610868.0118314197
17850.0 603768.0383497167
17950.0 593083.9863877348
18050.0 576456.0061505575
18150.0 566399.97509404
18250.0 553531.9747277391
18350.0 543315.99775582
18450.0 524312.0090006319
18550.0 523700.0041738938
18650.0 509395.9890462119
18750.0 493736.02578685986
18850.0 493656.0274774542
18950.0 471272.0296913102
19050.0 477440.0142625755
19150.0 467004.0216989073
19250.0 460011.9883939937
19350.0 444507.9960795128
19450.0 431984.01202704385
19550.0 433772.00253032846
19650.0 426016.0034871569
19750.0 409320.0053588312
19850.0 406856.00156075286
19950.0 401420.0072270219
20050.0 400960.0078454836
20150.0 395560.01100462023
20250.0 383443.98419140716
20350.0 376207.9848349925
20450.0 374903.9989873126
20550.0 366159.99135056516
20650.0 356439.99052942736
20750.0 353872.0114220975
20850.0 347200.0037306081
20950.0 337555.9997132543
21050.0 336532.0039648989
21150.0 329660.025370547
21250.0 324995.9959535094
21350.0 320800.02343700867
21450.0 315727.9984048085
21550.0 310732.00089500775
21650.0 302507.99186341336
21750.0 297496.0051457924
21850.0 293624.0042696283
21950.0 290748.01683748234
22050.0 279920.0027730748
22150.0 282508.0025919104
22250.0 274456.0072539162
22350.0 270988.0212967068
22450.0 267267.99871673057
22550.0 263800.0155784952
22650.0 256795.9990024926
22750.0 256128.0063929852
22850.0 248631.99768716545
22950.0 231268.0056900331
23050.0 236528.00552483226
23150.0 234007.99873187512
23250.0 215276.00032886636
23350.0 219704.00884191142
23450.0 221659.99911632744
23550.0 203060.00595936368
23650.0 210939.99665119773
23750.0 208296.01169996374
23850.0 193044.01371747555
23950.0 199596.01047776928
24050.0 199348.00430080105
24150.0 186352.0094032221
24250.0 189575.99672611273
24350.0 189479.9942252219
24450.0 181304.00717550487
24550.0 177431.99848169493
24650.0 181280.01207428018
24750.0 175307.9968744968
24850.0 168459.99960946685
24950.0 172460.00601096603
25050.0 171012.00454783978
25150.0 164188.0055661206
25250.0 163752.00946594484
25350.0 163136.0077077322
25450.0 159320.00904884344
25550.0 158072.00539196198
25650.0 156520.00571950103
25750.0 156400.00500275652
25850.0 150332.00484177846
25950.0 151056.00645722213
26050.0 150032.00352044092
26150.0 148440.00258807614
26250.0 144119.99714535358
26350.0 143592.00819237097
26450.0 141543.99732664603
26550.0 138463.9983055013
26650.0 136495.9989471304
26750.0 137519.99840363942
26850.0 135895.99773858316
26950.0 133296.00393769922
27050.0 132148.00135675736
27150.0 130324.00798029822
27250.0 128800.01150320763
27350.0 127052.00351865929
27450.0 125927.99976090409
27550.0 124103.99485795404
27650.0 122256.00234929596
27750.0 120784.00604002403
27850.0 119207.99685415596
27950.0 117456.00037824055
28050.0 114923.99893718604
28150.0 114332.00335549915
28250.0 113260.00520453198
28350.0 112136.00112792318
28450.0 110592.00181757771
28550.0 108812.00100979154
28650.0 107792.00160597735
28750.0 106468.00274886625
28850.0 105068.00003169487
28950.0 103995.9953952614
29050.0 102091.9998200336
29150.0 101654.3992355128
29250.0 98061.5991953685
29350.0 98393.59834211411
29450.0 96390.8065664805
29550.0 96283.60263101284
29650.0 94089.60124740098
29750.0 93955.20678653082
29850.0 92437.20329885356
29950.0 91528.80472803916
30050.0 89507.99860417447
30150.0 89650.3983057244
30250.0 87945.20323872317
30350.0 87201.20239701544
30450.0 85074.40070996196
30550.0 85218.40170135687
30650.0 83906.39998608218
30750.0 83065.60018094175
30850.0 81396.80165600128
30950.0 80514.00366400371
31050.0 80312.39849274947
31150.0 78029.59688433424
31250.0 78389.60016994426
31350.0 76372.80011858922
31450.0 76354.40123219082
31550.0 75154.00126548133
31650.0 74653.6022724318
31750.0 73469.60098498678
31850.0 72633.1999610427
31950.0 71915.59871588854
32100.0 71002.00135094872
32300.0 68708.40030288875
32500.0 67707.2029030913
32700.0 66075.60139230905
32900.0 64133.59848899246
33100.0 63064.00059284792
33300.0 61244.002337214806
33500.0 60320.402066268616
33700.0 59160.40186038387
33900.0 57161.998174410764
34100.0 56297.20273250191
34300.0 55518.80037366155
34500.0 53772.00166431222
34700.0 53030.00175209447
34900.0 52018.799809546865
35100.0 50628.00174255013
35300.0 49499.60312512759
35500.0 48771.19924282991
35700.0 47403.202107641184
35900.0 46446.80177961408
36100.0 45873.60080440467
36300.0 44657.99839937137
36500.0 43637.20067574961
36700.0 42737.99885125037
36900.0 41733.999285317805
37100.0 40771.60222621349
37300.0 40192.0011655955
37500.0 39306.8023316294
37700.0 38517.59993094833
37900.0 37964.400005145864
38100.0 37091.59971509636
38300.0 36502.00012701079
38500.0 35772.39917664078
38700.0 35020.79994376577
38900.0 34275.9994593995
39100.0 33768.80134984403
39300.0 33079.20072778486
39500.0 32385.20069927297
39700.0 31860.401439525383
39900.0 30875.20113374291
40100.0 30583.60059508258
40300.0 30078.7996474359
40500.0 29326.398310400822
40700.0 28774.00151276721
40900.0 28417.200625493882
41100.0 27832.40153080511
41300.0 27387.600066625535
41500.0 26833.201639664272
41700.0 26300.40067870228
41900.0 25833.60037670681
42100.0 25116.399637454633
42300.0 25029.199838493754
42500.0 24462.000037947753
42700.0 24089.60100440004
42900.0 22915.200192743283
43100.0 21789.200513611566
43300.0 21794.40016732029
43500.0 20694.800419264153
43700.0 20076.80060991974
43900.0 19776.40025274379
44100.0 18790.39904251548
44300.0 18562.000648842797
44500.0 18252.001443497928
44700.0 17475.600359948643
44900.0 17470.000210173097
45100.0 16990.00037401779
45300.0 16458.80141852901
45500.0 16428.399221182288
45700.0 16293.600057758831
45900.0 15637.200231624029
46100.0 15694.399964858787
46300.0 15407.200122497074
46500.0 15280.399791256103
46700.0 15163.200440713088
46900.0 14918.000561398481
47100.0 14643.600269662053
47300.0 14658.800096351957
47500.0 14318.79920794209
47700.0 14123.999957479484
47900.0 13971.999781371656
48100.0 13614.400354685034
48300.0 13687.200175917107
48500.0 13412.400381124804
48700.0 13112.400409058087
48900.0 12944.800475105161
49100.0 12808.000823930135
49300.0 12562.800270111167
49500.0 12368.000025595325
49700.0 12243.19984849817
49900.0 12086.00055645245
50100.0 11760.7999872034
50300.0 11765.999982289664
50500.0 11498.800473775824
50700.0 11391.600118785174
50900.0 11251.600016120172
51100.0 11016.800431448592
51300.0 10972.000368998495
51500.0 10769.600604969348
51700.0 10712.000844765229
51900.0 10494.800158271571
52100.0 10380.000394905484
52300.0 10207.59994449085
52500.0 10124.560374452814
52700.0 10060.520125566909
52900.0 9800.399883350636
53100.0 9707.880194195248
53300.0 9590.27957327866
53500.0 9486.84004530953
53700.0 9365.680272196792
53900.0 9272.080129369668
54100.0 9149.440289209622
54300.0 8948.88026585843
54500.0 8923.120239158148
54700.0 8792.240328727092
54900.0 8675.880017427871
55100.0 8575.20012466516
55300.0 8557.080476170706
55500.0 8331.120628069655
55700.0 8316.40026805736
55900.0 8167.680184057937
56100.0 8077.880405874589
56300.0 7948.240060316323
56500.0 7904.080061455338
56700.0 7804.40043197184
56900.0 7656.520119442667
57100.0 7624.359759878618
57300.0 7514.600229467011
57500.0 7436.799939161972
57700.0 7323.5602753981575
57900.0 7264.36008336654
58100.0 7150.760120373915
58300.0 7064.999763932474
58500.0 6994.60002730649
58700.0 6887.199973688443
58900.0 6802.800154146409
59100.0 6736.80003679862
59300.0 6656.880437559905
59500.0 6562.480471523342
59700.0 6502.960253480787
59900.0 6426.559929254852
60100.0 6346.920507734582
60300.0 6264.639728639439
60500.0 6174.680076950273
60700.0 6107.040203857209
60900.0 6027.880315610424
61100.0 5942.400037272295
61300.0 5895.000197432779
61500.0 5824.7198816059445
61700.0 5759.280332923142
61900.0 5693.320118420283
62100.0 5627.359987604994
62300.0 5546.479956021002
62500.0 5472.719995078674
62700.0 5405.480081125388
62900.0 5359.560078921512
63100.0 5283.6001760740555
63300.0 5240.120294873692
63500.0 5165.879932539287
63700.0 5114.680153467178
63900.0 5044.480008026849
64200.0 4959.480170256811
64600.0 4829.960253807919
65000.0 4713.000069459713
65400.0 4609.040247217621
65800.0 4497.519822518959
66200.0 4389.079887490529
66600.0 4294.680129407929
67000.0 4192.960034707621
67400.0 4097.319969817812
67800.0 4004.320030201604
68200.0 3910.360093417634
68600.0 3831.239874118988
69000.0 3743.280023430295
69400.0 3657.31993322462
69800.0 3584.6799554006498
70200.0 3497.1999815297736
70600.0 3425.9999647650534
71000.0 3351.7999121103817
71400.0 3281.1201034442474
71800.0 3210.6800735099673
72200.0 3139.439945427439
72600.0 3073.0002606426833
73000.0 3011.319987000628
73400.0 2943.839995170767
73800.0 2885.3999449324715
74200.0 2820.9201560426172
74600.0 2762.4799602640405
75000.0 2708.5199491126223
75400.0 2651.8001563056046
75800.0 2590.7600298993643
76200.0 2534.7598954762457
76600.0 2478.5201667787737
77000.0 2425.0401565759666
77400.0 2370.0000677388575
77800.0 2321.280016330524
78200.0 2272.8000665209647
78600.0 2223.800134623445
79000.0 2180.080028516073
79400.0 2136.3598960483437
79800.0 2093.879983202369
80200.0 2053.6799743203055
80600.0 2015.479956195982
81000.0 1977.9999986688917
81400.0 1942.3199802177244
81800.0 1907.8400758660014
82200.0 1873.1200527526753
82600.0 1839.9199764468299
83000.0 1804.4401217775528
83400.0 1770.48004789347
83800.0 1737.2399458181314
84200.0 1706.2799690886188
84600.0 1674.7999849072894
85000.0 1643.5601431123334
85400.0 1614.599956793805
85800.0 1585.1200440699831
86200.0 1557.400041948217
86600.0 1528.4000735675522
87000.0 1502.4399781352333
87400.0 1475.9600839644784
87800.0 1448.7200171918937
88200.0 1422.240007990308
88600.0 1398.5200326739573
89000.0 1374.8000021983867
89400.0 1350.5600495672431
89800.0 1326.0800193924676
90200.0 1305.6000578130604
90600.0 1284.1200311557907
91000.0 1260.6399936157263
91400.0 1238.400050628143
91800.0 1218.9200289081234
92200.0 1198.6800271701566
92600.0 1178.9600118729381
93000.0 1160.479993059738
93400.0 1140.2400345917154
93800.0 1120.9999912654962
94200.0 1104.5200279171813
94600.0 1084.2799968089148
95000.0 1068.7999841039423
95400.0 1052.3200500661337
95800.0 1032.3200228606827
96200.0 1017.8399910026768
96600.0 999.2199653794171
97000.0 985.4359781830268
97400.0 968.7280561205214
97800.0 952.1120030455968
98200.0 939.3720131674402
98600.0 924.4840061669372
99000.0 907.9280098123328
99400.0 893.9759975918721
99800.0 881.8599780634038
100200.0 868.1440078210196
200000.0 56.60520080473156
400000.0 3.584240091323007
600000.0 0.7094200150819723
800000.0 0.22416000404727163
1000000.0 0.09160160403044518
1200000.0 0.044045201046278404
1400000.0 0.02369800039859373
1600000.0 0.013846800245932215
