wave flux
90.9000015258789 0.0
93.5 0.0
96.0999984741211 0.0
97.69999694824219 0.0
99.5999984741211 0.0
102.0 0.0
103.80000305175781 0.0
105.5999984741211 0.0
107.69999694824219 0.0
110.4000015258789 0.0
114.0 0.0
117.80000305175781 0.0
121.30000305175781 0.0
124.80000305175781 0.0
127.0999984741211 0.0
128.39999389648438 0.0
130.5 0.0
132.39999389648438 0.0
133.89999389648438 0.0
136.60000610351562 0.0
139.8000030517578 0.0
143.3000030517578 0.0
147.1999969482422 0.0
151.0 0.0
155.1999969482422 0.0
158.8000030517578 0.0
162.0 0.0
166.0 0.0
170.3000030517578 0.0
173.39999389648438 0.0
176.8000030517578 0.0
180.1999969482422 0.0
181.6999969482422 0.0
186.10000610351562 0.0
191.0 0.0
193.89999389648438 0.0
198.39999389648438 0.0
201.8000030517578 0.0
205.0 0.0
210.5 0.0
216.1999969482422 0.0
219.8000030517578 0.0
223.0 0.0
226.8000030517578 0.0
230.0 0.0
234.0 0.0
240.0 0.0
246.5 0.0
252.39999389648438 0.0
256.79998779296875 0.0
260.0 0.0
264.0 0.0
268.5 0.0
273.5 0.0
278.5 0.0
284.0 0.0
290.0 0.0
296.0 0.0
301.0 0.0
308.0 0.0
318.0 0.0
328.0 0.0
338.0 0.0
348.0 0.0
357.0 0.0
366.0 0.0
375.0 0.0
385.0 0.0
395.0 0.0
405.0 0.0
414.0 0.0
422.0 0.0
430.0 0.0
441.0 0.0
451.0 0.0
460.0 0.0
470.0 0.0
480.0 0.0
490.0 0.0
500.0 0.0
506.0 0.0
512.0 0.0
520.0 0.0
530.0 0.0
540.0 0.0
550.0 0.0
560.0 0.0
570.0 0.0
580.0 5.524799819375195e-25
590.0 1.8882001317967925e-24
600.0 6.120000109252821e-24
610.0 1.9025999419786244e-23
620.0 5.715303988464273e-23
630.0 1.6475719719376864e-22
640.0 4.589364079233961e-22
650.0 1.236176052347351e-21
658.0 2.6680959529331954e-21
665.0 5.1433923258922385e-21
675.0 1.2821840740706366e-20
685.0 3.108120136707779e-20
695.0 7.326640139453853e-20
705.0 1.679535936529716e-19
716.0 4.081056003891375e-19
726.0 8.906240200106638e-19
735.0 1.762732074665506e-18
745.0 3.688023997130222e-18
755.0 7.55612042110009e-18
765.0 1.5169680564024325e-17
775.0 2.985979931381625e-17
785.0 5.773960593215505e-17
795.0 1.0899880048444011e-16
805.0 2.0408680085105126e-16
815.0 3.751480218074528e-16
825.0 6.7795202919130805e-16
835.0 1.2056839984308495e-15
845.0 2.1135680815350654e-15
855.0 3.6533201454718334e-15
865.0 6.224680301461888e-15
875.0 1.0459639756304047e-14
885.0 1.738079969395621e-14
895.0 2.851279944508503e-14
905.0 4.619440092511568e-14
915.0 2.6059999846239497e-10
925.0 9.586680824182068e-10
935.0 1.3009600662910885e-09
945.0 2.1347599499528877e-09
955.0 3.4181996868095984e-09
965.0 5.365480123819159e-09
975.0 7.43920032598201e-09
985.0 1.1095240517254271e-08
995.0 1.5781040419863075e-08
1005.0 2.4883200226982777e-08
1015.0 3.553759972353764e-08
1025.0 4.919239681644902e-08
1035.0 7.416360232481711e-08
1045.0 1.0705560999393844e-07
1055.0 1.4311320621220552e-07
1065.0 2.0158801142152386e-07
1075.0 2.8403200543943424e-07
1085.0 3.902760008025159e-07
1095.0 5.047960033686186e-07
1105.0 7.381479871802474e-07
1115.0 1.1128720535593595e-06
1125.0 1.5374759631708536e-06
1135.0 2.16127988928268e-06
1145.0 2.883559871653912e-06
1155.0 3.7156799374023176e-06
1165.0 5.0178797102430275e-06
1175.0 6.54471945042785e-06
1185.0 8.274920142191235e-06
1195.0 9.349160200995183e-06
1205.0 1.1442800211282277e-05
1215.0 9.300000411798361e-06
1225.0 1.9215200029996068e-05
1235.0 2.7619201191506195e-05
1245.0 3.570520337976993e-05
1255.0 4.533680206938524e-05
1265.0 5.7295199783576136e-05
1275.0 7.306520381580113e-05
1285.0 9.048120359018547e-05
1295.0 0.00011514000334452814
1305.0 0.00013878001165088276
1315.0 0.0001813000098919569
1325.0 0.0002241520009155901
1335.0 0.00027909198639456057
1345.0 0.0003543120168415934
1355.0 0.00044199599763531397
1365.0 0.0005442359879535551
1375.0 0.0006614880057662662
1385.0 0.000788920020139255
1395.0 0.000963759936652159
1405.0 0.001227919913919238
1415.0 0.0015018400846115256
1425.0 0.0016823600481080693
1435.0 0.0021606001018696077
1442.0 0.002566720096192599
1447.0 0.0025755600310849447
1455.0 0.0030156799146873856
1465.0 0.0038312799918295477
1475.0 0.004333319860556421
1485.0 0.005191800160953095
1495.0 0.006616800141068328
1505.0 0.008161600228758293
1512.0 0.007450800387673335
1517.0 0.009255999378903616
1525.0 0.011560400442249326
1535.0 0.05264760295998617
1545.0 0.071817203765637
1555.0 0.132200001977613
1565.0 0.12732400300525407
1575.0 0.3339920101117261
1585.0 0.4339640160028108
1595.0 0.5207200046344519
1605.0 0.5724999791662438
1615.0 0.6390800311505217
1625.0 0.7653200285702089
1635.0 0.9564000128111196
1645.0 1.5081600217821116
1655.0 0.9440400112771457
1665.0 1.8714401163803396
1672.0 1.1608399914108685
1677.0 2.6178400480950654
1685.0 6.7612003602108715
1695.0 13.504400191452103
1705.0 17.851201083173574
1715.0 19.64000072726163
1725.0 27.782000216074277
1735.0 35.67479789575213
1745.0 51.25800295778907
1755.0 72.94800041063809
1765.0 70.58000087294684
1775.0 71.94400274191261
1785.0 100.64400302710789
1795.0 119.80400391832934
1805.0 134.5120018188589
1815.0 131.44800090807425
1825.0 176.98400137727398
1835.0 193.9600031615733
1845.0 128.53999669193985
1855.0 198.76800263027758
1865.0 252.06399790818065
1875.0 283.6559916857826
1885.0 320.351993740088
1895.0 429.5799966186821
1905.0 413.09999743456
1915.0 460.44000632818717
1925.0 491.92002261359096
1935.0 300.3599979606258
1945.0 657.8400091586512
1955.0 698.5200073090869
1967.0 937.7200185267913
1976.0 925.1599878666576
1984.0 989.9199951048378
1995.0 1079.879985579534
2005.0 1122.9600333893197
2015.0 1228.2400113235815
2025.0 991.0399949562725
2035.0 1400.640053918137
2045.0 1630.1200124007314
2055.0 1678.639997637634
2065.0 1670.6000794008692
2074.0 1781.1200561716141
2078.0 2242.7199412725704
2085.0 2486.2799687576426
2095.0 3606.399983491808
2105.0 5310.000165796635
2115.0 5708.199683773762
2125.0 4471.2000965492125
2135.0 5294.800085127036
2145.0 7217.999927945532
2155.0 7347.600249881688
2165.0 7194.399893898132
2175.0 7620.000248501383
2185.0 9497.599807209446
2195.0 10250.800327328476
2205.0 10115.600486983609
2215.0 7366.00034868553
2225.0 10007.600020780601
2235.0 15204.80033971115
2245.0 14564.401013572444
2255.0 11557.199794193577
2265.0 9792.000073827376
2275.0 13696.800808002075
2285.0 18084.400677444733
2295.0 15170.399669932089
2305.0 17510.399812717307
2315.0 15039.600722548214
2325.0 14764.7998031798
2335.0 12692.400541483645
2345.0 8703.200068037186
2355.0 16051.599325542178
2365.0 10283.600420670331
2375.0 13569.599698874052
2385.0 8083.200023953026
2395.0 11049.200685082422
2405.0 11744.79989803112
2415.0 13453.19961243078
2425.0 25010.3996060162
2435.0 28569.99919145743
2445.0 35477.99905494156
2455.0 37917.99992700382
2465.0 29500.000669968438
2475.0 26117.998774473846
2485.0 9658.400468838077
2495.0 18476.400131183513
2505.0 29938.001730981374
2513.0 16476.800353339393
2518.0 9978.40017169367
2525.0 10992.799701027674
2535.0 22650.000583097542
2545.0 31798.00159786927
2555.0 107400.00031440712
2565.0 56705.99821089354
2575.0 80439.99915232546
2585.0 56548.00000247065
2595.0 45868.00006042871
2605.0 36349.9997327106
2615.0 34219.99981851359
2625.0 48850.00019921996
2635.0 137056.0026335084
2645.0 241459.9973687248
2655.0 398120.01653107116
2665.0 207979.99551520983
2675.0 228640.01019314525
2685.0 297000.01358611474
2695.0 203760.00822474982
2705.0 283100.00879969564
2715.0 162000.0014336339
2725.0 95112.00053757503
2735.0 136944.0047920121
2745.0 65507.999211920716
2755.0 98364.00659431973
2765.0 145587.9933510211
2775.0 150419.99661190092
2785.0 81392.00568710467
2795.0 23852.00061446234
2805.0 32075.999440425985
2815.0 122584.00014910825
2825.0 216679.99591677272
2835.0 220699.99872885575
2845.0 125080.00322748242
2855.0 46682.00258724029
2865.0 204732.00769148688
2875.0 371800.003922388
2885.0 348800.0086611668
2895.0 453600.0014415585
2910.0 652240.0119760253
2930.0 599159.983420933
2950.0 552040.0096668077
2970.0 607339.9935434285
2990.0 617260.0091194003
3010.0 591660.0040607891
3030.0 692359.9983230175
3050.0 727300.0126831796
3070.0 764040.0465889224
3090.0 801700.0551146434
3110.0 926479.9888748474
3130.0 808379.9885694102
3150.0 834660.0165320727
3170.0 942800.0394716086
3190.0 820280.0048109755
3210.0 917200.0288692378
3230.0 697840.0216605577
3250.0 1101239.9868418036
3270.0 1344119.9780175262
3290.0 1299560.1065675002
3310.0 1196120.0005307333
3330.0 1230519.9511020978
3350.0 1149680.0195456464
3370.0 873520.02858845
3390.0 1013359.9961923055
3410.0 1115120.0572058212
3430.0 1209720.036267344
3450.0 1324960.019085856
3470.0 1355040.0666060457
3490.0 1486400.0588722988
3510.0 1566200.0573165575
3530.0 1380840.105796105
3550.0 1568000.0135579214
3570.0 1024000.0062151817
3590.0 1145039.9865423741
3610.0 1486800.0323675426
3630.0 1578000.0534050975
3640.0 1591199.9229911813
3650.0 1808600.0486953957
3670.0 1870199.9374281063
3690.0 1827599.9702169374
3710.0 2072200.1438517198
3730.0 1511440.1102950748
3750.0 1684799.980618834
3770.0 1939400.050445849
3790.0 1910200.0170083398
3810.0 1767800.074116282
3830.0 1076279.9879802053
3850.0 1124920.0268823097
3870.0 1173200.0447748054
3890.0 1898600.0046016972
3910.0 2212800.02593465
3930.0 898480.005137532
3950.0 1734600.0042716062
3970.0 1103519.9966763204
3990.0 2791400.154185677
4010.0 3149799.881707662
4030.0 3132200.1380495303
4050.0 2997600.1370038656
4070.0 2885800.031092171
4090.0 3454999.940317278
4110.0 3444400.0634767916
4130.0 3149600.0400404325
4150.0 3054000.161234256
4170.0 3036000.158286321
4190.0 2996200.1070428756
4210.0 3227400.03481673
4230.0 3339000.062091863
4250.0 3355600.07949708
4270.0 3133000.088220507
4290.0 2809399.986982888
4310.0 2270200.0478861784
4330.0 3545600.0387973306
4350.0 3395000.138942487
4370.0 3706400.049481469
4390.0 3350999.9634462777
4410.0 3684200.165954054
4430.0 3954000.233163724
4450.0 3991200.1685023303
4470.0 4281000.087478875
4490.0 4355000.168945597
4510.0 4921400.290992784
4530.0 4379200.225727609
4550.0 4498200.2988309525
4570.0 4862999.875915517
4590.0 4598800.17872331
4610.0 4778600.197924625
4630.0 4648600.244575468
4650.0 4736400.116681174
4670.0 4856800.173229414
4690.0 4756400.099563574
4710.0 4624400.004560557
4730.0 4859800.113724895
4750.0 5080199.949119046
4770.0 5118200.2648938205
4790.0 5095600.006173036
4810.0 4989600.200183331
4830.0 5139399.921157179
4850.0 4819800.074374034
4870.0 4422800.0300990045
4890.0 4957000.297843087
4910.0 4914199.870853884
4930.0 4850599.978373871
4950.0 5155600.003859688
4970.0 5068600.02810156
4990.0 4688599.948016023
5010.0 4477000.016609355
5030.0 4753799.8742800355
5050.0 4814200.325573241
5070.0 5024400.267761818
5090.0 4734800.275217925
5110.0 4843999.994306457
5130.0 4655600.1032681065
5150.0 4533199.913093456
5170.0 4337600.091736974
5190.0 4459400.054987433
5210.0 4714200.207767596
5230.0 4780400.038047012
5250.0 4890399.989457607
5270.0 4390399.963886145
5290.0 4926800.130535919
5310.0 5143800.089715758
5330.0 4627400.051263174
5350.0 5030999.901087572
5370.0 5081399.978814891
5390.0 4935799.879795233
5410.0 4806599.966958864
5430.0 4901400.10954247
5450.0 5160800.333108523
5470.0 4959599.959489346
5490.0 4885200.087015236
5510.0 4884599.967982781
5530.0 4989000.031173465
5550.0 5072600.192380427
5570.0 4969000.114986061
5590.0 4836399.917503611
5610.0 5061199.818446369
5630.0 4992600.211982064
5650.0 4991999.908211875
5670.0 4858800.1954179555
5690.0 4994199.90878171
5710.0 4850599.975464272
5730.0 5259000.038221855
5750.0 5038199.951767499
5770.0 5120199.97773193
5790.0 4899599.775592057
5810.0 5087600.101520405
5830.0 5205200.3273229925
5850.0 5064999.882424579
5870.0 5086600.188228147
5890.0 4746600.022480892
5910.0 5019400.04224124
5930.0 5011400.0313580725
5950.0 5017800.174666455
5970.0 5076000.120772159
5990.0 4984800.081203611
6010.0 4894200.12524296
6030.0 4966400.17801208
6050.0 5051000.231490014
6070.0 5032400.165914743
6090.0 4829800.276106537
6110.0 4814400.089731734
6130.0 4620999.974146016
6150.0 4710000.114713049
6170.0 4564400.191099454
6190.0 4818199.887422368
6210.0 4827800.211326854
6230.0 4660600.220143808
6250.0 4487599.980127968
6270.0 4723799.832243844
6290.0 4757399.914426791
6310.0 4595800.165118556
6330.0 4636600.128965843
6350.0 4640800.158686723
6370.0 4604999.943514026
6390.0 4673199.948225681
6410.0 4566000.157394045
6430.0 4614199.910576857
6450.0 4577999.972923971
6470.0 4566000.006640249
6490.0 4470600.266485354
6510.0 4583199.828781381
6530.0 4589400.089256405
6550.0 4514199.90838535
6570.0 4211200.054580116
6590.0 4511799.904413632
6610.0 4542000.168179128
6630.0 4510399.955819578
6650.0 4498799.933087087
6670.0 4432800.147808657
6690.0 4530599.928037301
6710.0 4393800.059052525
6730.0 4490600.104658486
6750.0 4414000.0025051255
6770.0 4426199.867683076
6790.0 4389399.955569294
6810.0 4370600.206637527
6830.0 4405600.118345441
6850.0 4281000.129654171
6870.0 4340799.981965531
6890.0 4361600.031460763
6910.0 4317400.074054359
6930.0 4284999.943673972
6950.0 4245000.140177387
6970.0 4252599.829377018
6990.0 4225600.084966087
7010.0 4076799.9744050796
7030.0 4162000.031543951
7050.0 4199400.043123326
7070.0 4139799.8318356895
7090.0 4122000.004158187
7110.0 4112600.059214174
7130.0 4039000.084800818
7150.0 4024400.2013185904
7170.0 4024600.1940865144
7190.0 3885000.1037371894
7210.0 3989600.0036084135
7230.0 3995999.988221125
7250.0 4016200.13088186
7270.0 3990200.059576056
7290.0 3857400.001321216
7310.0 3927200.0617481656
7330.0 3924799.960081609
7350.0 3917800.1014082385
7370.0 3948599.9543901514
7390.0 3840000.0125378994
7410.0 3795800.049935124
7430.0 3832999.9848828833
7450.0 3844399.9645214803
7470.0 3867000.132279007
7490.0 3824800.017410411
7510.0 3841399.9405766767
7530.0 3843800.263920818
7550.0 3858199.971922486
7570.0 3812799.9305074997
7590.0 3800200.0883827554
7610.0 3785800.0335007715
7630.0 3799800.0297856177
7650.0 3787799.8793319133
7670.0 3674799.9872463173
7690.0 3763200.083783777
7710.0 3694000.083462364
7730.0 3691999.9881523144
7750.0 3656000.118779438
7770.0 3716600.0747350436
7790.0 3713000.05874276
7810.0 3689200.0099381735
7830.0 3649999.83027265
7850.0 3630799.948375236
7870.0 3645400.0240388643
7890.0 3582000.248916743
7910.0 3496200.2605027454
7930.0 3457200.1840439406
7950.0 3435200.1040568603
7970.0 3518200.0079955654
7990.0 3512199.971763871
8010.0 3475199.9209248424
8030.0 3467199.96833964
8050.0 3434199.9648516276
8070.0 3434600.227238339
8090.0 3349400.104981286
8110.0 3373200.044053614
8130.0 3395199.8985716472
8150.0 3371600.2164827357
8170.0 3370399.8881227467
8190.0 3287000.0161641133
8210.0 3280000.0567645477
8230.0 3285800.1941965995
8250.0 3310200.07657045
8270.0 3339400.0070989598
8290.0 3314000.07321898
8310.0 3216600.007822538
8330.0 3216999.9760302627
8350.0 3224000.151707787
8370.0 3238399.943556968
8390.0 3165200.03031127
8410.0 3229200.1174128214
8430.0 3151800.172185574
8450.0 3189400.092242884
8470.0 3164199.9481240865
8490.0 3126600.049272433
8510.0 2952600.0211938554
8530.0 3061799.998111369
8550.0 2547200.0885362197
8570.0 3158000.0265617077
8590.0 3094400.005065333
8610.0 3086799.984962045
8630.0 3126799.9617248904
8650.0 3073800.0919939526
8670.0 2573200.1706982832
8690.0 3003400.1034454633
8710.0 3058399.986427475
8730.0 3061800.141904916
8750.0 2988800.076382044
8770.0 3063800.011545382
8790.0 3027400.04326399
8810.0 2961999.946170274
8830.0 3006799.9600638174
8850.0 3008600.045678269
8870.0 2917600.1089387285
8890.0 2997600.0081695146
8910.0 3013200.0440710196
8930.0 2938600.149306053
8950.0 2935999.9584993897
8970.0 2937200.0456964783
8990.0 2942800.1093384833
9010.0 2805800.063937733
9030.0 2896600.0614974224
9050.0 2948199.9714069893
9070.0 2889200.1382435034
9090.0 2796800.0303494968
9110.0 2811000.0134429433
9130.0 2878800.0165310884
9150.0 2773600.0579886525
9170.0 2728000.1457630363
9190.0 2740600.064540738
9210.0 2661800.108326317
9230.0 2645800.1341655036
9250.0 2653200.0482441466
9270.0 2695200.0938858893
9290.0 2677600.0119499536
9310.0 2712399.9790322264
9330.0 2701599.9660052736
9350.0 2681400.0595503715
9370.0 2664999.9288605247
9390.0 2639400.1673702653
9410.0 2552800.1826146166
9430.0 2601000.112482024
9450.0 2558400.11329111
9470.0 2611199.9335286794
9490.0 2608600.0425825957
9510.0 2612599.9791126563
9530.0 2585399.958307048
9550.0 2540599.9583268967
9570.0 2566999.8991917497
9590.0 2589600.106983175
9610.0 2560799.9467205284
9630.0 2534800.002894204
9650.0 2515400.001098734
9670.0 2498800.061379584
9690.0 2530999.9395489497
9710.0 2519399.992248211
9730.0 2516600.042058409
9750.0 2484600.0772428713
9770.0 2491800.0360009843
9790.0 2459800.043407781
9810.0 2499600.024272033
9830.0 2486800.0283575617
9850.0 2487200.0643109553
9870.0 2469200.002864694
9890.0 2468000.086161912
9910.0 2445600.0617613764
9930.0 2468600.161113608
9950.0 2455599.9914311515
9970.0 2454600.0850601173
9990.0 2445800.0625466364
10025.0 2420600.084667323
10075.0 2385200.1053734645
10125.0 2382000.0849958477
10175.0 2339800.143845839
10225.0 2337000.120938796
10275.0 2333599.9466782575
10325.0 2286799.959185462
10375.0 2270999.9718020097
10425.0 2267600.036509093
10475.0 2230400.1848757532
10525.0 2226399.957708833
10575.0 2202000.0387910125
10625.0 2181000.091785192
10675.0 2130800.076057332
10725.0 2130799.9925935725
10775.0 2106000.0299341995
10825.0 2068399.9018106551
10875.0 2048600.0481677467
10925.0 2014000.1190966242
10975.0 1929200.037149512
11025.0 1924000.0461738752
11075.0 1933000.0149492135
11125.0 1917200.0276211558
11175.0 1919000.0489178887
11225.0 1911399.9891522478
11275.0 1874000.0915381468
11325.0 1881800.017036577
11375.0 1851200.0290639608
11425.0 1840000.0204655747
11475.0 1857600.064632216
11525.0 1846199.9796021741
11575.0 1818599.950662023
11625.0 1790399.9848539291
11675.0 1786000.0748744828
11725.0 1802999.9936420303
11775.0 1760999.9948766215
11825.0 1749599.9936465258
11875.0 1726600.028832558
11925.0 1752800.1301819931
11975.0 1687200.0747100147
12025.0 1705599.9932790222
12075.0 1683200.0298080612
12125.0 1678400.041543278
12175.0 1681799.9960216722
12225.0 1669000.0190827602
12275.0 1652000.0273827326
12325.0 1640400.0054761693
12375.0 1627600.078810383
12425.0 1612000.0345385033
12475.0 1609199.949405344
12525.0 1589799.9759689593
12575.0 1578800.0352362548
12625.0 1570200.0784877494
12675.0 1550600.0156783601
12725.0 1549399.9388927505
12775.0 1542999.9842711152
12825.0 1471800.0212792517
12875.0 1508599.9400018502
12925.0 1491000.0693313067
12975.0 1495600.014883956
13025.0 1474399.987691563
13075.0 1475199.9747977061
13125.0 1450000.0374683538
13175.0 1438200.0042253747
13225.0 1440600.0460187157
13275.0 1412799.9590627144
13325.0 1416599.967560195
13375.0 1403399.984543988
13425.0 1403599.9805063282
13475.0 1391999.9996938712
13525.0 1383600.055241017
13575.0 1357000.072271181
13625.0 1352000.0569928952
13675.0 1345600.0484706038
13725.0 1337600.0539397164
13775.0 1329600.0630175765
13825.0 1324400.0503449945
13875.0 1315000.0616946467
13925.0 1308600.0027010234
13975.0 1298600.0242002127
14025.0 1278400.0179896003
14075.0 1268400.0092649823
14125.0 1237200.0829098818
14175.0 1239799.9978369614
14225.0 1215800.0634269132
14275.0 1198600.039460306
14325.0 1213400.00457507
14375.0 1216599.9586029868
14425.0 1170999.9915404632
14475.0 1200000.003364563
14525.0 1169799.9481977907
14570.0 1172599.9949741703
14620.0 1160399.9637244989
14675.0 1154000.0168928865
14725.0 1133200.0066014396
14775.0 1132199.9982600359
14825.0 1128200.0303831687
14875.0 1114200.0291476531
14925.0 1132800.012897693
14975.0 1115400.0353792564
15025.0 1096399.988333216
15075.0 1084199.9909462752
15125.0 1091200.0063571045
15175.0 1093400.0279516978
15225.0 1076600.0395201216
15275.0 1079600.0328127602
15325.0 1069200.0104800924
15375.0 1068000.0249934248
15425.0 1057599.9784539358
15475.0 1054600.0328137702
15525.0 1038240.0045182758
15575.0 1021880.015432647
15625.0 1043400.0236392004
15675.0 1011400.0198790221
15725.0 1009800.0203051064
15775.0 986880.0105508488
15825.0 995960.0087114798
15875.0 942619.9827041385
15925.0 976280.0257500211
15975.0 985600.0358668871
16050.0 970280.0024303353
16150.0 941339.9868691392
16250.0 950939.9981965049
16350.0 929979.9864852076
16450.0 894539.9885799988
16550.0 904640.0132620186
16650.0 887400.010039666
16750.0 863220.0256616508
16850.0 827679.9942296258
16950.0 844540.0125555824
17050.0 814220.0139763842
17150.0 805720.0564011917
17250.0 780780.0392980303
17350.0 743319.9949377257
17450.0 751320.0078657564
17550.0 740740.0050871056
17650.0 726900.0512834889
17750.0 710220.0609854249
17850.0 700760.0124662592
17950.0 688620.0280580312
18050.0 671160.0197171312
18150.0 644439.9909883658
18250.0 642720.0377025974
18350.0 633879.9796401325
18450.0 617360.0244741363
18550.0 609879.9823481848
18650.0 592300.0226437538
18750.0 565380.015442767
18850.0 573980.03548308
18950.0 550440.0028586244
19050.0 556920.0047077425
19150.0 544180.0140974603
19250.0 535880.0176416037
19350.0 520400.0241519837
19450.0 498620.00876897364
19550.0 506040.010970991
19650.0 495160.01229643775
19750.0 483999.9928470762
19850.0 477940.0111700503
19950.0 469180.0113224091
20050.0 464380.0000176142
20150.0 458720.00468842767
20250.0 445260.015105555
20350.0 435159.99504822347
20450.0 434399.9989201877
20550.0 424539.9971367578
20650.0 415520.0110703472
20750.0 409280.0180188827
20850.0 402179.9987192353
20950.0 393200.0104170112
21050.0 390380.007435199
21150.0 382620.01071989257
21250.0 375840.0165792467
21350.0 370880.0026719355
21450.0 364980.0086898244
21550.0 358980.0109129472
21650.0 343019.9994747457
21750.0 343960.0122214234
21850.0 339719.9897092596
21950.0 336140.01745609933
22050.0 327480.0147899205
22150.0 325060.00530877756
22250.0 318620.00395110954
22350.0 313380.0047446707
22450.0 308740.0124230579
22550.0 302760.0106978256
22650.0 297520.0042386861
22750.0 294959.9964802394
22850.0 288160.01580179215
22950.0 267739.99717924424
23050.0 273340.00149267964
23150.0 270320.0060254486
23250.0 249659.99037477962
23350.0 256360.0134501474
23450.0 256720.00738147993
23550.0 235260.012202784
23650.0 243960.0015321935
23750.0 242080.0007834424
23850.0 223800.00504903283
23950.0 230660.0082573164
24050.0 230260.00176457225
24150.0 215780.00617259103
24250.0 219080.00202356852
24350.0 218779.99811743107
24450.0 209480.00007344343
24550.0 206600.00617647378
24650.0 210460.0021635656
24750.0 203580.00340808398
24850.0 197240.00729496393
24950.0 199219.99393640747
25050.0 198899.99979638276
25150.0 190000.00240324953
25250.0 191500.00753638562
25350.0 190540.00124166228
25450.0 185760.00520581164
25550.0 183499.99877177647
25650.0 181160.0081003463
25750.0 181459.998966535
25850.0 174119.99998337356
25950.0 175120.00732123884
26050.0 173860.0053075533
26150.0 169800.0070244565
26250.0 165560.00390813008
26350.0 166480.00065452367
26450.0 164439.99507807675
26550.0 161619.9985055236
26650.0 158540.00023360443
26750.0 158039.99606939268
26850.0 157460.00024641937
26950.0 154540.00312543
27050.0 153320.00235738378
27150.0 151300.003645383
27250.0 149620.0029060002
27350.0 147140.00428712796
27450.0 146139.99960223792
27550.0 142740.00248467203
27650.0 141680.0039275835
27750.0 139899.99892725624
27850.0 138419.99711886726
27950.0 137200.00370918913
28050.0 135239.99803533568
28150.0 133539.9998563022
28250.0 131860.00055999926
28350.0 130680.00104838928
28450.0 128420.00344620438
28550.0 127020.00383700631
28650.0 125300.00159471146
28750.0 122260.00493682854
28850.0 122220.00257602436
28950.0 120920.0045476679
29050.0 119299.99756633675
29150.0 117939.99665650209
29250.0 115800.0022848267
29350.0 114919.99835570807
29450.0 113120.00511268269
29550.0 112060.00178784628
29650.0 110699.99602698877
29750.0 109380.0028203806
29850.0 108080.00097864993
29950.0 106420.00020442052
30050.0 105120.00045456584
30150.0 104140.0033275748
30250.0 102736.00005646118
30350.0 100152.00218321396
30450.0 99900.00099837041
30550.0 99008.00027254815
30650.0 97635.99969637091
30750.0 96794.00098268955
30850.0 95104.00007761747
30950.0 94072.00039602106
31050.0 93326.00155116
31150.0 91437.99942058335
31250.0 90939.99912265835
31350.0 89760.00571831314
31450.0 88904.0017864737
31550.0 87560.00257058536
31650.0 86632.00181663269
31750.0 85619.9983061031
31850.0 84602.00154063974
31950.0 83814.00184711083
32100.0 82218.00025876066
32300.0 80235.99928058535
32500.0 78436.00158133818
32700.0 76595.99877460746
32900.0 74207.99797584645
33100.0 73038.00024407818
33300.0 71235.99949463227
33500.0 69889.99859815776
33700.0 68254.00378961202
33900.0 66522.00593520138
34100.0 65074.00261956078
34300.0 63940.00226828201
34500.0 62545.998782228
34700.0 61193.998487162404
34900.0 59935.999971867
35100.0 58626.00183450299
35300.0 57222.00032388995
35500.0 56180.0007123693
35700.0 54862.00004967232
35900.0 53666.00198782587
36100.0 52775.998502833725
36300.0 51634.00161301972
36500.0 50328.00179048701
36700.0 49308.00131536449
36900.0 48020.00076679061
37100.0 46980.00108109983
37300.0 46194.002367125286
37500.0 44742.00179431433
37700.0 44418.00226707651
37900.0 43541.99955569883
38100.0 42702.000420065626
38300.0 42001.998556049664
38500.0 41227.999778306425
38700.0 40324.002232164596
38900.0 39486.00027384654
39100.0 38834.00043879981
39300.0 38108.00106533417
39500.0 37204.00297907136
39700.0 36606.00050942132
39900.0 35614.00021883058
40100.0 35096.002621971784
40300.0 34551.99975950194
40500.0 33718.00215033168
40700.0 33228.00106425411
40900.0 32654.000877469316
41100.0 32101.999844047583
41300.0 31558.000488380403
41500.0 30880.001222887167
41700.0 30300.00134197663
41900.0 29804.000049385653
42100.0 29128.001067004487
42300.0 28823.999389791188
42500.0 28192.000751256153
42700.0 27764.000925542907
42900.0 26385.99990227586
43100.0 25386.000824364997
43300.0 25487.999389155088
43500.0 24182.000814855106
43700.0 23656.00085019149
43900.0 23525.99986388457
44100.0 22052.000062998355
44300.0 22111.99996144013
44500.0 21734.000194183125
44700.0 20592.000610276307
44900.0 20790.00028365882
45100.0 20353.999618463924
45300.0 19394.000764440225
45500.0 19521.999710367458
45700.0 19295.99908799364
45900.0 18333.999878385057
46100.0 18520.000209170812
46300.0 18111.999821304747
46500.0 17780.000431285134
46700.0 17622.000587736566
46900.0 17421.99939109128
47100.0 17001.99988675592
47300.0 17032.000037657606
47500.0 16690.000118833206
47700.0 16405.999855249982
47900.0 16155.999744341672
48100.0 15824.000347085559
48300.0 15888.000122370468
48500.0 15528.001255421692
48700.0 15252.000623565913
48900.0 15122.000946773705
49100.0 14808.000743397259
49300.0 14625.99995469066
49500.0 14407.999899241631
49700.0 14250.000209048403
49900.0 14006.000034836026
50100.0 13723.999830790888
50300.0 13690.000384774821
50500.0 13380.000638377764
50700.0 13217.999971622097
50900.0 13065.999894981129
51100.0 12819.99982828002
51300.0 12658.000300149537
51500.0 12501.999602370352
51700.0 12450.000096394231
51900.0 12178.000189746002
52100.0 11968.000763277529
52300.0 11819.999998427918
52500.0 11734.00032966326
52700.0 11659.999524602446
52900.0 11336.0004539241
53100.0 11216.000256888343
53300.0 11093.999942612601
53500.0 10952.00020446261
53700.0 10806.000388073646
53900.0 10694.000522242884
54100.0 10548.000042525933
54300.0 10342.800510878713
54500.0 10282.000486373798
54700.0 10111.999712281407
54900.0 9981.999989905338
55100.0 9858.399921503215
55300.0 9834.799855708918
55500.0 9575.800017158252
55700.0 9574.000378067425
55900.0 9371.400159895165
56100.0 9287.399940562787
56300.0 9122.000088840468
56500.0 9078.600097867702
56700.0 8956.400186609833
56900.0 8774.200129847959
57100.0 8735.60026262865
57300.0 8628.800193161362
57500.0 8515.80035023901
57700.0 8391.00000024459
57900.0 8324.999826474623
58100.0 8184.6003162938305
58300.0 8092.800124716463
58500.0 8010.0005437374575
58700.0 7873.8003442582485
58900.0 7780.200547946085
59100.0 7697.599990452406
59300.0 7613.000346674681
59500.0 7484.800505302594
59700.0 7439.200248444341
59900.0 7345.200386610938
60100.0 7256.599887758425
60300.0 7168.599995892229
60500.0 7064.799851957393
60700.0 6979.000226888591
60900.0 6890.799840720441
61100.0 6791.599896180796
61300.0 6732.60000297181
61500.0 6657.800315576648
61700.0 6587.999986300345
61900.0 6513.199674104194
62100.0 6439.000009368506
62300.0 6341.5997329190395
62500.0 6260.999822385109
62700.0 6193.999870820623
62900.0 6118.199888699365
63100.0 6036.0005485595375
63300.0 5993.400183252104
63500.0 5907.800212391331
63700.0 5859.800305696397
63900.0 5768.800271995879
64200.0 5680.000103030457
64600.0 5540.799968585798
65000.0 5414.400319593746
65400.0 5292.800180110088
65800.0 5180.000260250851
66200.0 5053.400242911225
66600.0 4945.600259915381
67000.0 4833.39998302385
67400.0 4717.799997055202
67800.0 4615.000086284889
68200.0 4513.199873147027
68600.0 4415.000015367601
69000.0 4314.999904305036
69400.0 4217.999857963755
69800.0 4129.4002729986405
70200.0 4034.0002901059574
70600.0 3949.99995556636
71000.0 3864.6000149443303
71400.0 3782.600055442298
71800.0 3699.8001185375647
72200.0 3620.80015772234
72600.0 3543.0000671893763
73000.0 3470.000097589176
73400.0 3394.200112231464
73800.0 3325.8001462906714
74200.0 3252.400124634568
74600.0 3178.8001203915846
75000.0 3116.4000006697584
75400.0 3055.999952510445
75800.0 2995.1999821911536
76200.0 2934.400063753085
76600.0 2875.2000366132734
77000.0 2814.3999973301875
77400.0 2759.599998873523
77800.0 2705.4000147767347
78200.0 2651.6000157825224
78600.0 2598.8000825762497
79000.0 2547.600130151901
79400.0 2497.400128781889
79800.0 2448.6000890525866
80200.0 2399.400080322548
80600.0 2353.199970206814
81000.0 2309.400111104189
81400.0 2262.600039320764
81800.0 2221.399957262184
82200.0 2180.1998920581746
82600.0 2138.599949986365
83000.0 2098.800097916387
83400.0 2057.5999901247287
83800.0 2019.999988979186
84200.0 1983.8000581174388
84600.0 1947.6000837647136
85000.0 1911.4000414412149
85400.0 1876.2000810788895
85800.0 1842.6000788341519
86200.0 1808.3999775082484
86600.0 1776.2000720074773
87000.0 1744.6000467128254
87400.0 1713.4001615106163
87800.0 1682.2000319175174
88200.0 1652.2000262029796
88600.0 1622.999930869955
89000.0 1594.4000368270904
89400.0 1567.2000732082738
89800.0 1538.5999422304326
90200.0 1512.9999677281937
90600.0 1487.7999517498329
91000.0 1460.200028596197
91400.0 1435.6000515247304
91800.0 1412.0000282452081
92200.0 1388.8000299178223
92600.0 1364.7999707770048
93000.0 1342.6000147824238
93400.0 1319.0000481414406
93800.0 1297.3999924120683
94200.0 1276.800064828594
94600.0 1254.1999977827606
95000.0 1234.600044517172
95400.0 1213.9999695799868
95800.0 1193.3999912162496
96200.0 1174.8000242616592
96600.0 1155.2000152436146
97000.0 1137.6000136003584
97400.0 1117.000035726055
97800.0 1099.4000303644075
98200.0 1083.4000388409825
98600.0 1066.2000454713693
99000.0 1049.2000147773126
99400.0 1031.6000287303254
99800.0 1016.8400179773412
100200.0 1000.4400018708843
200000.0 64.60400168212962
400000.0 4.04160020254519
600000.0 0.7927000130890786
800000.0 0.24884002497347096
1000000.0 0.10120000086115837
1200000.0 0.04849200026935743
1400000.0 0.026024000414599527
1600000.0 0.015175999947825753
