wave flux
90.9000015258789 0.0
93.5 0.0
96.0999984741211 0.0
97.69999694824219 0.0
99.5999984741211 0.0
102.0 0.0
103.80000305175781 0.0
105.5999984741211 0.0
107.69999694824219 0.0
110.4000015258789 0.0
114.0 0.0
117.80000305175781 0.0
121.30000305175781 0.0
124.80000305175781 0.0
127.0999984741211 0.0
128.39999389648438 0.0
130.5 0.0
132.39999389648438 0.0
133.89999389648438 0.0
136.60000610351562 0.0
139.8000030517578 0.0
143.3000030517578 0.0
147.1999969482422 0.0
151.0 0.0
155.1999969482422 0.0
158.8000030517578 0.0
162.0 0.0
166.0 0.0
170.3000030517578 0.0
173.39999389648438 0.0
176.8000030517578 0.0
180.1999969482422 0.0
181.6999969482422 0.0
186.10000610351562 0.0
191.0 0.0
193.89999389648438 0.0
198.39999389648438 0.0
201.8000030517578 0.0
205.0 0.0
210.5 0.0
216.1999969482422 0.0
219.8000030517578 0.0
223.0 0.0
226.8000030517578 0.0
230.0 0.0
234.0 0.0
240.0 0.0
246.5 0.0
252.39999389648438 0.0
256.79998779296875 0.0
260.0 0.0
264.0 0.0
268.5 0.0
273.5 0.0
278.5 0.0
284.0 0.0
290.0 0.0
296.0 0.0
301.0 0.0
308.0 0.0
318.0 0.0
328.0 0.0
338.0 0.0
348.0 0.0
357.0 0.0
366.0 0.0
375.0 0.0
385.0 0.0
395.0 0.0
405.0 0.0
414.0 0.0
422.0 0.0
430.0 0.0
441.0 0.0
451.0 0.0
460.0 0.0
470.0 0.0
480.0 0.0
490.0 0.0
500.0 0.0
506.0 0.0
512.0 0.0
520.0 0.0
530.0 0.0
540.0 0.0
550.0 0.0
560.0 0.0
570.0 0.0
580.0 0.0
590.0 0.0
600.0 0.0
610.0 0.0
620.0 0.0
630.0 0.0
640.0 0.0
650.0 0.0
658.0 1.163040088462937e-25
665.0 2.498400041666955e-25
675.0 1.0504120150279272e-24
685.0 2.976160135865162e-24
695.0 8.166600003502135e-24
705.0 2.171080017934129e-23
716.0 6.17912002401127e-23
726.0 1.550372002569423e-22
735.0 3.469960163552447e-22
745.0 8.290640739421488e-22
755.0 1.9334000724483346e-21
765.0 4.4058801724887285e-21
775.0 9.809080044799077e-21
785.0 2.1383600946869104e-20
795.0 4.540519982462901e-20
805.0 9.53212018273818e-20
815.0 1.9591600197646328e-19
825.0 3.948200172043231e-19
835.0 7.813840248480718e-19
845.0 1.5196799614564251e-18
855.0 2.9032402606503776e-18
865.0 5.455719999377005e-18
875.0 1.0083480378947145e-17
885.0 1.8394000849607135e-17
895.0 3.307519963192857e-17
905.0 5.847560197431105e-17
915.0 1.944160079524287e-12
925.0 1.0453040397774466e-11
935.0 1.6455201280243883e-11
945.0 2.2493600182068416e-11
955.0 2.84743999554505e-11
965.0 5.610240436118456e-11
975.0 4.726279918102455e-11
985.0 1.0228240106459406e-10
995.0 1.5523200694137615e-10
1005.0 1.7709599937907329e-10
1015.0 2.396760025546849e-10
1025.0 3.038320145558806e-10
1035.0 6.792520170192857e-10
1045.0 9.320759893310846e-10
1055.0 1.0965999925618204e-09
1065.0 2.5478000158923016e-09
1075.0 3.268520095482128e-09
1085.0 6.047039971925062e-09
1095.0 7.831039815919554e-09
1105.0 1.0608879934205434e-08
1115.0 1.34672010608878e-08
1125.0 2.965440170574367e-08
1135.0 4.82460012805728e-08
1145.0 7.578000218892298e-08
1155.0 1.0579560580001155e-07
1165.0 1.292399977551135e-07
1175.0 1.9671201709347867e-07
1185.0 2.420360008439919e-07
1195.0 2.4889600986552245e-07
1205.0 1.8346799979871851e-07
1215.0 3.80680013248708e-08
1225.0 2.788359964158405e-07
1235.0 8.846119848272532e-07
1245.0 1.43536002091689e-06
1255.0 1.984479998637246e-06
1265.0 2.5490400222166827e-06
1275.0 3.3916800690283846e-06
1285.0 3.5846800175048782e-06
1295.0 4.5160801671690225e-06
1305.0 5.718760061892151e-06
1315.0 7.180880365589822e-06
1325.0 8.140000057592011e-06
1335.0 9.158800037232395e-06
1345.0 1.2149200636946485e-05
1355.0 1.5959600699911184e-05
1365.0 1.7822401461916994e-05
1375.0 2.0098000559933535e-05
1385.0 2.3905600227550082e-05
1395.0 2.803159958630501e-05
1405.0 3.853400336551141e-05
1415.0 4.8850401234348414e-05
1425.0 5.600040151321181e-05
1435.0 7.586759518285669e-05
1442.0 0.00010722840215736505
1447.0 9.351679533285297e-05
1455.0 0.00011047760124314312
1465.0 0.000156739999794942
1475.0 0.0001533840117027041
1485.0 0.00019444400387892366
1495.0 0.0002891999832087551
1505.0 0.00040628400110932284
1512.0 0.0002645879953205958
1517.0 0.00040759198606790366
1525.0 0.0006059000122431574
1535.0 0.0013569599785495517
1545.0 0.0010618240412167603
1555.0 0.0017354000701172419
1565.0 0.0015756000346123322
1575.0 0.0030400398566682828
1585.0 0.0031101600144429363
1595.0 0.003008320172008419
1605.0 0.0031197600326625555
1615.0 0.0032023602340076644
1625.0 0.0031333600852321676
1635.0 0.004175199990805603
1645.0 0.00560584011252201
1655.0 0.004615040031350445
1665.0 0.0073783197326958185
1672.0 0.006098520228480907
1677.0 0.009545560168048682
1685.0 0.012725960590272502
1695.0 0.01761679969411756
1705.0 0.018789600466845847
1715.0 0.020488800437005985
1725.0 0.028022001563640507
1735.0 0.031655198972937566
1745.0 0.044123199119105644
1755.0 0.04469160102049686
1765.0 0.05500639956098769
1775.0 0.051783200885113824
1785.0 0.09484200093349264
1795.0 0.07843600031441685
1805.0 0.1336815986540596
1815.0 0.09848200149831428
1825.0 0.15385600274433636
1835.0 0.13883999679763787
1845.0 0.19996799742560292
1855.0 0.1609919971422289
1865.0 0.26376399857849225
1875.0 0.24983600459335678
1885.0 0.3129279829481891
1895.0 0.3865279693313038
1905.0 0.40542003028280554
1915.0 0.5645559924963139
1925.0 0.49475201323776785
1935.0 0.36930401295259635
1945.0 0.6784040034972938
1955.0 0.9307959653692699
1967.0 1.0114839941648566
1976.0 1.1507320900129603
1984.0 1.44204008535644
1995.0 1.3161480046306504
2005.0 1.5485200534056622
2015.0 1.7559199923617468
2025.0 1.6582800438394905
2035.0 2.065680089007176
2045.0 2.178559984286214
2055.0 2.551160088860968
2065.0 2.472279907939804
2074.0 2.2963598989963074
2078.0 3.032960053649301
2085.0 3.595520159018356
2095.0 4.787839842911189
2105.0 5.14271967615588
2115.0 5.26604010911661
2125.0 6.020320210863995
2135.0 7.453520080866839
2145.0 5.965200624643603
2155.0 7.247920000385812
2165.0 7.1500401678340655
2175.0 7.746080461356542
2185.0 7.355999946924608
2195.0 11.579959782626917
2205.0 9.958280311147488
2215.0 11.701279882339545
2225.0 10.554880643930888
2235.0 16.61560061754221
2245.0 18.815200642496762
2255.0 22.19480036351303
2265.0 13.381600530635257
2275.0 24.074800113125253
2285.0 23.595999998607358
2295.0 36.04120223365825
2305.0 16.064000277965814
2315.0 45.295998936413774
2325.0 37.229600728603046
2335.0 54.74199751387702
2345.0 35.386799678435764
2355.0 32.75519935130504
2365.0 42.207602017243026
2375.0 41.88279730853188
2385.0 66.28880359266043
2395.0 63.85320199416668
2405.0 105.42600114676601
2415.0 68.63720128976172
2425.0 85.21320094384576
2435.0 120.22960168776034
2445.0 157.5640053865387
2455.0 179.82000031150795
2465.0 125.58240051312805
2475.0 207.37601157612812
2485.0 96.18760507693938
2495.0 104.48320201861308
2505.0 188.14400530929268
2513.0 141.29200053451095
2518.0 158.0000023086022
2525.0 187.21200305408587
2535.0 338.7279974925228
2545.0 411.40402378776315
2555.0 445.8719998031427
2565.0 276.5280027062574
2575.0 399.0080099393977
2585.0 326.15199736092126
2595.0 376.7000019819625
2605.0 493.3880141872312
2615.0 464.11999748641944
2625.0 661.2000199133618
2635.0 973.4959749997861
2645.0 812.4600228753754
2655.0 1094.4079929050527
2665.0 961.4359793392426
2675.0 854.1040600670801
2685.0 1117.9320633918553
2695.0 833.4040671758753
2705.0 1281.3600454210332
2715.0 1234.712048340292
2725.0 1111.6800116445916
2735.0 1156.6400164123838
2745.0 1531.8799956178534
2755.0 1493.9200523655932
2765.0 1959.6400429658386
2775.0 2464.6000447893825
2785.0 1729.2799921892884
2795.0 2134.0000063469593
2805.0 2188.80002836838
2815.0 2331.160100856696
2825.0 2439.3200785307804
2835.0 2208.2000096354504
2845.0 1821.4800083522018
2855.0 1053.2280147383594
2865.0 2547.6800914912023
2875.0 2765.4400280375935
2885.0 3813.240041816779
2895.0 4321.760278570094
2910.0 5219.600111986321
2930.0 5907.280004839851
2950.0 5812.120026232028
2970.0 5821.080349159445
2990.0 6700.200045880802
3010.0 7078.880207299572
3030.0 8763.720084593791
3050.0 10187.40016978818
3070.0 11893.11967565393
3090.0 10859.800007603388
3110.0 18275.600317842
3130.0 17830.400894712944
3150.0 27365.600540426454
3170.0 40465.20141753639
3190.0 31158.400318737396
3210.0 37091.20042823834
3230.0 35823.202023461075
3250.0 59253.20124087751
3270.0 84731.60067434996
3290.0 104644.39973937746
3310.0 80455.19868945295
3330.0 86435.99925303172
3350.0 75037.20030949505
3370.0 45418.40203875793
3390.0 60873.20261545422
3410.0 70531.9992224909
3430.0 80684.80221333378
3450.0 69298.00075898971
3470.0 68692.40170503088
3490.0 97672.0025932981
3510.0 132491.99746157485
3530.0 127660.00217960731
3550.0 187456.00499653796
3570.0 79763.20136228683
3590.0 70723.20276739063
3610.0 110681.20025317288
3630.0 146244.00037741123
3640.0 159319.99989252357
3650.0 193595.99840086576
3670.0 253836.0171251163
3690.0 193575.99341508996
3710.0 147071.99796757233
3730.0 64376.401389746316
3750.0 82544.40180375271
3770.0 199288.00194872625
3790.0 222224.0063293303
3810.0 194987.99877341973
3830.0 84700.80302155574
3850.0 140140.00018110845
3870.0 132696.00401359878
3890.0 146148.0007394917
3910.0 208836.00554094816
3930.0 78508.40059756541
3950.0 147064.0059463256
3970.0 109399.6020788212
3990.0 339356.01127627946
4010.0 463507.99604092404
4030.0 355143.99682746455
4050.0 392068.0162650479
4070.0 356467.9913134934
4090.0 512076.01375264843
4110.0 346680.0149246056
4130.0 395672.0187215176
4150.0 373540.0009818019
4170.0 376036.00566036307
4190.0 392636.00176773977
4210.0 322852.0123664222
4230.0 177300.00317854233
4250.0 347708.01165718486
4270.0 350596.0079469813
4290.0 343252.0142747374
4310.0 386875.99753295264
4330.0 557312.0121566674
4350.0 593936.0063364477
4370.0 636675.9835493598
4390.0 530240.0202717979
4410.0 558900.0201786103
4430.0 578412.0449001971
4450.0 608508.0062073154
4470.0 695060.0148648665
4490.0 727671.9997746682
4510.0 855472.0529389103
4530.0 675460.0115989874
4550.0 770955.9852609485
4570.0 848355.9859154382
4590.0 790588.019157947
4610.0 830568.0021467665
4630.0 821815.9957549408
4650.0 779507.9720775142
4670.0 860711.9708767275
4690.0 826468.0180628615
4710.0 779632.0433992066
4730.0 767284.0044748243
4750.0 758988.019300149
4770.0 608824.0179353416
4790.0 665064.0075377958
4810.0 777464.0245166817
4830.0 791812.0392002364
4850.0 848368.0370227639
4870.0 824323.9770874181
4890.0 865064.0475831011
4910.0 879179.9928642953
4930.0 821232.0364259725
4950.0 801675.9926123777
4970.0 684440.008211583
4990.0 637724.0292858984
5010.0 537892.000024577
5030.0 603164.0056646939
5050.0 565787.997380375
5070.0 554236.0092832962
5090.0 535012.0180248223
5110.0 552992.0006104725
5130.0 528768.0012656337
5150.0 493776.02016032045
5170.0 458308.0051546617
5190.0 489996.01568783406
5210.0 591940.0010547907
5230.0 912872.0460463333
5250.0 966156.0065727723
5270.0 816091.9799050263
5290.0 1022080.006676965
5310.0 1127500.0785820277
5330.0 970904.0183828959
5350.0 1054728.0200511098
5370.0 1048952.0611161946
5390.0 1028219.9834801581
5410.0 1017000.0442371464
5430.0 1016972.0064279807
5450.0 984944.0431149415
5470.0 990964.0187388129
5490.0 1027035.9886263034
5510.0 971672.0239041208
5530.0 1082600.0332109283
5550.0 1119636.0049808251
5570.0 1091528.0269531533
5590.0 994532.0070178214
5610.0 1002336.0249430842
5630.0 1064327.9655093611
5650.0 1123672.002608607
5670.0 1093176.0273423267
5690.0 1140399.9719484167
5710.0 1101479.975994322
5730.0 1214600.0125721607
5750.0 1230120.0517667956
5770.0 1213319.973698349
5790.0 1177880.0045386006
5810.0 1227279.9647094558
5830.0 1262600.0597124577
5850.0 1190760.075465369
5870.0 1121200.0867695063
5890.0 593700.0280676765
5910.0 992704.0273464016
5930.0 1115920.0244397752
5950.0 1134428.0180686656
5970.0 1164880.0413416545
5990.0 1183160.040703801
6010.0 1182600.0346418612
6030.0 1234440.019124495
6050.0 1265679.9547519374
6070.0 1270399.9788715579
6090.0 1256480.0031401415
6110.0 1250240.0420297796
6130.0 1165720.0137228977
6150.0 1247160.0269455144
6170.0 1002291.999025851
6190.0 1141120.0664845677
6210.0 1120600.065168343
6230.0 1050580.0086640308
6250.0 1049136.0356934543
6270.0 1123768.010224307
6290.0 1173160.0040386696
6310.0 1175840.0834215116
6330.0 1208119.9915947847
6350.0 1232160.0926475278
6370.0 1224159.9652959676
6390.0 1253879.9886104856
6410.0 1237360.036801452
6430.0 1209679.967870722
6450.0 1178400.029217964
6470.0 1197800.1059465292
6490.0 1180719.9810591487
6510.0 1245080.0097862473
6530.0 1293880.023798624
6550.0 1260920.0283620832
6570.0 1258040.037464186
6590.0 1272440.0019297833
6610.0 1276879.9749198242
6630.0 1269319.9483124835
6650.0 1237360.0941129
6670.0 1202319.952356199
6690.0 1158800.0545252373
6710.0 1139840.0238788489
6730.0 1111288.0412585807
6750.0 1106072.0751608186
6770.0 1157119.993225509
6790.0 1114895.9960838808
6810.0 1146640.0502670745
6830.0 1185240.010358545
6850.0 1189800.0612723343
6870.0 1195040.0128591426
6890.0 1228760.0051477535
6910.0 1261040.0424926437
6930.0 1252320.055430616
6950.0 1275040.0302583098
6970.0 1311200.0121220637
6990.0 1298119.9905527022
7010.0 1311040.0724149682
7030.0 1330559.9848707037
7050.0 1299039.957359525
7070.0 1172079.9941839266
7090.0 1122004.0169866097
7110.0 1120328.0266923502
7130.0 1033575.9630600761
7150.0 1016436.0257052402
7170.0 1083231.986608275
7190.0 1118020.0044081355
7210.0 1104279.9821397315
7230.0 1188200.0345810389
7250.0 1206520.0182987445
7270.0 1252999.995524869
7290.0 1268280.006124634
7310.0 1287640.0370851618
7330.0 1279600.00159117
7350.0 1293680.034973568
7370.0 1325240.0282512591
7390.0 1325159.9682249764
7410.0 1318000.0226452497
7430.0 1335480.0238756365
7450.0 1329280.0658611807
7470.0 1339520.0672108156
7490.0 1338079.96997277
7510.0 1347840.0048243615
7530.0 1355320.009962664
7550.0 1356320.004895089
7570.0 1352120.0719294227
7590.0 1324480.0661466967
7610.0 1312919.993213594
7630.0 1307279.9454569877
7650.0 1297999.9762605561
7670.0 1201199.985758751
7690.0 1253480.0521733153
7710.0 1215279.92511567
7730.0 1259360.0472926302
7750.0 1237599.983349417
7770.0 1257720.0718565013
7790.0 1256280.0072950947
7810.0 1272200.032767718
7830.0 1252240.055760429
7850.0 1257999.9948600982
7870.0 1280279.975074818
7890.0 1284960.0497676663
7910.0 1270519.9897102222
7930.0 1268640.0175718283
7950.0 1255960.012448843
7970.0 1296680.0324263978
7990.0 1285960.0122303942
8010.0 1287039.9667473617
8030.0 1290559.9985581846
8050.0 1286160.060999541
8070.0 1283639.9832220068
8090.0 1283759.9489868123
8110.0 1289759.9903698785
8130.0 1300239.965192092
8150.0 1300280.0385175326
8170.0 1295800.0580770418
8190.0 1197880.0312046087
8210.0 1250520.0641980043
8230.0 1264800.070606053
8250.0 1266520.035332949
8270.0 1276960.0372288285
8290.0 1262920.034506186
8310.0 1242519.9836757383
8330.0 1223120.0493126549
8350.0 1236520.0642493595
8370.0 1234760.0063340163
8390.0 1166920.064076822
8410.0 1234040.0569022251
8430.0 1180080.0215984178
8450.0 1218960.0090578287
8470.0 1205720.0502740154
8490.0 1205800.0030447615
8510.0 1155200.0241474083
8530.0 1193880.0320860378
8550.0 1055768.0214756976
8570.0 1227840.0726876385
8590.0 1222159.9792755481
8610.0 1219440.016245765
8630.0 1226960.0356731855
8650.0 1222279.9968762286
8670.0 1068280.0579374912
8690.0 1164440.0124362444
8710.0 1226119.932930112
8730.0 1220879.9671205417
8750.0 1221879.958869809
8770.0 1213640.074927114
8790.0 1223920.015674215
8810.0 1182600.0291296938
8830.0 1192759.9899460434
8850.0 1211680.029693499
8870.0 1159599.9855512665
8890.0 1175040.0245795823
8910.0 1181120.0143320595
8930.0 1170719.9927234508
8950.0 1159200.041441253
8970.0 1165719.971135846
8990.0 1176280.0793469849
9010.0 1136720.0360601824
9030.0 1166119.9850848876
9050.0 1186359.9895169898
9070.0 1187679.9805263286
9090.0 1156040.0582875295
9110.0 1162039.9929075965
9130.0 1179280.0320800515
9150.0 1173120.0120863297
9170.0 1168920.0105224752
9190.0 1173919.9921574937
9210.0 1159240.0135977466
9230.0 1164200.0437713927
9250.0 1148760.0054576676
9270.0 1153960.002551615
9290.0 1144720.04093098
9310.0 1157920.0368746796
9330.0 1156200.006327706
9350.0 1150720.0382592063
9370.0 1137480.0051128496
9390.0 1146240.0505533821
9410.0 1128120.0134254082
9430.0 1140800.0073142946
9450.0 1120600.0014824276
9470.0 1138040.0190824873
9490.0 1139800.0032063012
9510.0 1135799.9790161788
9530.0 1129320.0427373163
9550.0 1111079.9853082236
9570.0 1118360.0177452283
9590.0 1131080.0058858576
9610.0 1110840.0436742974
9630.0 1120880.0908094607
9650.0 1074640.0497569356
9670.0 1080640.0037508882
9690.0 1104880.071081
9710.0 1092400.0124209682
9730.0 1078880.033503056
9750.0 1081119.9984218802
9770.0 1088880.008756139
9790.0 1059919.972660692
9810.0 1098119.9944095723
9830.0 1082119.998488754
9850.0 1095120.030115381
9870.0 1090400.0281115845
9890.0 1089400.0275765706
9910.0 1084400.0003293976
9930.0 1083639.989361794
9950.0 1082160.0071239455
9970.0 1081920.023006178
9990.0 1081440.0531425262
10025.0 1071440.0037477608
10075.0 1064719.9929373548
10125.0 1064239.9705569274
10175.0 1055280.077592568
10225.0 1050800.05183174
10275.0 1050560.0131312564
10325.0 1032448.009983416
10375.0 1030044.0195271617
10425.0 1033347.9810354332
10475.0 1021019.9952112082
10525.0 1023084.0284926139
10575.0 1010211.9617713213
10625.0 1008807.9897365822
10675.0 994087.9919729882
10725.0 991088.0235509622
10775.0 986432.013718879
10825.0 965916.0557527702
10875.0 972536.0159058102
10925.0 970776.0540774149
10975.0 952211.9802059862
11025.0 948692.0013952048
11075.0 947716.037011667
11125.0 941083.9704249748
11175.0 935476.0111877118
11225.0 935160.0151468295
11275.0 916428.0501901519
11325.0 920996.0434091052
11375.0 904428.035746322
11425.0 894959.9684663994
11475.0 910896.0094393762
11525.0 910124.0306879197
11575.0 899948.0280620652
11625.0 882559.9891569171
11675.0 885116.0504366145
11725.0 893023.9978980335
11775.0 872375.9980771968
11825.0 865163.9793927792
11875.0 858252.011100752
11925.0 874704.0166389452
11975.0 839016.0215876007
12025.0 858923.9836184955
12075.0 848008.010341546
12125.0 854720.0331549129
12175.0 853856.0163559397
12225.0 849340.0423294822
12275.0 842911.9664854261
12325.0 838888.0235909282
12375.0 836144.0148826473
12425.0 827715.9975614164
12475.0 828675.9850745617
12525.0 820043.9888064406
12575.0 820392.022172318
12625.0 815203.981078968
12675.0 806900.04689998
12725.0 808592.0126274382
12775.0 807192.0321330611
12825.0 784344.0205807991
12875.0 793848.0539060362
12925.0 782667.9997320088
12975.0 791128.0066570211
13025.0 784796.0104908696
13075.0 784880.0068380898
13125.0 759604.012502228
13175.0 764247.9800445014
13225.0 773351.9909238172
13275.0 761747.9686752274
13325.0 753607.9889786257
13375.0 747628.0354572937
13425.0 744264.0320508252
13475.0 745963.9955129065
13525.0 739912.0481318749
13575.0 734164.000400214
13625.0 726900.0022892536
13675.0 734420.0015237166
13725.0 735440.0273383926
13775.0 731336.0281191001
13825.0 730404.0515586886
13875.0 718891.9998234103
13925.0 694000.0364418632
13975.0 702399.989018404
14025.0 700504.0151444176
14075.0 704120.0241064415
14125.0 691984.0429721234
14175.0 695263.9984347785
14225.0 688896.0071635115
14275.0 667283.9960207805
14325.0 687923.9952243214
14375.0 686700.032068938
14425.0 677836.042429196
14475.0 686316.0232291272
14525.0 676160.0158841484
14570.0 674456.0290356982
14620.0 660220.0209627055
14675.0 660660.0047004581
14725.0 661075.9994399252
14775.0 658948.0286645588
14825.0 663123.9876116995
14875.0 641047.995538353
14925.0 669444.0041078734
14975.0 668592.0011787555
15025.0 616600.0277801718
15075.0 643067.9759196377
15125.0 659944.0472570625
15175.0 661184.0483625294
15225.0 662496.0196344109
15275.0 656876.0123265906
15325.0 662499.9797899857
15375.0 655924.0216720965
15425.0 649024.010847364
15475.0 666480.0191214101
15525.0 650844.0082398498
15575.0 651228.0388616554
15625.0 661708.0025050148
15675.0 651256.0035706463
15725.0 644644.0010041841
15775.0 613448.0257989061
15825.0 647479.9936443069
15875.0 629864.0332012719
15925.0 644951.9920549194
15975.0 648516.0309253451
16050.0 644579.9999156416
16150.0 635796.0133643168
16250.0 631416.0032045952
16350.0 631991.9870574609
16450.0 623480.0260884359
16550.0 623175.981908616
16650.0 608852.0017054321
16750.0 586436.0080557892
16850.0 585991.9961817916
16950.0 580975.9809776535
17050.0 561984.0193763888
17150.0 540124.0078049214
17250.0 535340.0203501715
17350.0 522047.9998382942
17450.0 513092.006498377
17550.0 499428.0149755791
17650.0 489856.00205157907
17750.0 475276.0021085781
17850.0 465404.02268269844
17950.0 457740.02195636026
18050.0 441019.9883376951
18150.0 436207.99541202013
18250.0 424408.0329828765
18350.0 417979.9991475963
18450.0 398708.0167363746
18550.0 394543.99532886734
18650.0 388220.02452340204
18750.0 379376.0056201338
18850.0 379980.02388806385
18950.0 364879.98609967035
19050.0 368867.99148530874
19150.0 362644.0206538676
19250.0 357908.02576969936
19350.0 343551.9977839204
19450.0 336307.9972674893
19550.0 337056.0138896432
19650.0 333148.0066869221
19750.0 315335.99991631985
19850.0 312752.00612650946
19950.0 308952.0136557696
20050.0 311159.99172508693
20150.0 305180.00367592537
20250.0 297107.9987956675
20350.0 293656.0096032628
20450.0 290972.01463135326
20550.0 285900.0059629842
20650.0 278211.99167302257
20750.0 277548.0055111704
20850.0 271528.0153382945
20950.0 266212.0075221072
21050.0 265212.01459491334
21150.0 260755.99068404088
21250.0 258092.01084708603
21350.0 255908.00133940976
21450.0 252596.02034114927
21550.0 249459.99342704282
21650.0 246663.99082340839
21750.0 241044.004020142
21850.0 239084.0085977769
21950.0 236640.0050765014
22050.0 226980.0069632127
22150.0 231940.01029185212
22250.0 224600.01704617267
22350.0 223287.99252897452
22450.0 220872.00451136165
22550.0 218628.0038711725
22650.0 212236.00364751086
22750.0 212692.00866489645
22850.0 206980.007591389
22950.0 188736.00722951745
23050.0 194608.0071197203
23150.0 192684.00105468158
23250.0 174824.00646786788
23350.0 178739.99796162068
23450.0 181088.00373707575
23550.0 164004.00326957784
23650.0 171596.00720158924
23750.0 170404.01240977697
23850.0 155132.00056322015
23950.0 160644.00277797744
24050.0 158499.99735417985
24150.0 147591.99651752398
24250.0 149076.00515419873
24350.0 147612.00852408737
24450.0 139868.00743523528
24550.0 136443.9956010954
24650.0 136844.0031135264
24750.0 132051.99925601247
24850.0 126612.0060951058
24950.0 127992.00203967527
25050.0 125835.99799412656
25150.0 120296.00090018375
25250.0 117412.00241631291
25350.0 117787.99971586156
25450.0 116524.00016454846
25550.0 116051.9987074006
25650.0 112416.00293791752
25750.0 114024.00611616943
25850.0 111748.00077581697
25950.0 111592.00642972195
26050.0 111248.00267647358
26150.0 112712.0067502781
26250.0 110000.00092366284
26350.0 109727.99794725156
26450.0 107828.00152956085
26550.0 106247.99924929849
26650.0 105324.00118673462
26750.0 103974.00554254466
26850.0 103016.00575064856
26950.0 99376.40226102367
27050.0 99200.80100690502
27150.0 96453.60094971223
27250.0 94250.80355479589
27350.0 93409.20596917064
27450.0 93472.8043431288
27550.0 90209.19797666368
27650.0 89460.00663013612
27750.0 89016.00502306498
27850.0 86389.20271810789
27950.0 86799.99697911936
28050.0 81464.80142941655
28150.0 82742.40390350323
28250.0 81690.4014051544
28350.0 80421.20290682797
28450.0 81260.00200137493
28550.0 78001.60290492895
28650.0 79041.20349556606
28750.0 77468.40249949665
28850.0 76008.39889911267
28950.0 76236.00171022306
29050.0 72863.20259614743
29150.0 75391.60181652206
29250.0 69130.79872474849
29350.0 73275.59804795416
29450.0 67321.20250860421
29550.0 70608.40297928825
29650.0 66880.40230495429
29750.0 68930.80230803556
29850.0 65305.99800786505
29950.0 67830.00246532587
30050.0 63399.601345440526
30150.0 66753.59921834694
30250.0 62568.00424691488
30350.0 64428.40322492642
30450.0 61348.39892028309
30550.0 62719.19977774865
30650.0 61798.804172121025
30750.0 60588.80058645101
30850.0 59771.999314221925
30950.0 58527.20192383896
31050.0 59867.997502228856
31150.0 57514.80008233019
31250.0 58610.00199056535
31350.0 56220.00011757839
31450.0 56901.601435901954
31550.0 56021.60050689798
31650.0 56367.20248129643
31750.0 54946.799628794186
31850.0 54968.40184481089
31950.0 54132.002025887174
32100.0 54222.00062907596
32300.0 52612.00204571017
32500.0 52316.8028427399
32700.0 51268.8014209658
32900.0 50126.00025396626
33100.0 49824.40281998321
33300.0 48570.00249706428
33500.0 47992.00193388549
33700.0 47525.99866106379
33900.0 46034.40083845918
34100.0 45616.00075692269
34300.0 45457.60101451208
34500.0 43662.000634911514
34700.0 43731.598215497805
34900.0 42874.40154803849
35100.0 41795.99922595387
35300.0 41032.8012346534
35500.0 40740.40031752175
35700.0 39492.401129281825
35900.0 38912.4005768776
36100.0 38658.80028104634
36300.0 37545.60109961804
36500.0 36927.600143660275
36700.0 36297.20254276282
36900.0 35604.00148819567
37100.0 34752.801130102125
37300.0 34308.79969965023
37500.0 33926.39969933295
37700.0 32908.40117896736
37900.0 32763.201473969475
38100.0 31908.800624791682
38300.0 31366.400248163132
38500.0 30820.399576288466
38700.0 30319.199936539266
38900.0 29611.998892936866
39100.0 29144.80024346018
39300.0 28610.800358011715
39500.0 28146.801407449293
39700.0 27599.200544020918
39900.0 26594.000473451746
40100.0 26411.999248682016
40300.0 25962.399839524256
40500.0 25121.59990868666
40700.0 24624.40057795685
40900.0 24221.201234827742
41100.0 23827.60111023656
41300.0 23317.201543391366
41500.0 22998.399428787816
41700.0 22325.199985171475
41900.0 22129.201407451845
42100.0 21462.000560302316
42300.0 21440.0006961177
42500.0 20826.801238548698
42700.0 20547.599747818273
42900.0 19604.400773412155
43100.0 18505.199932861695
43300.0 18567.999994328733
43500.0 17558.799645397543
43700.0 17002.0006201201
43900.0 16694.79936541895
44100.0 15928.400121445304
44300.0 15613.2000157233
44500.0 15371.200225299559
44700.0 14759.600048320643
44900.0 14674.400820378436
45100.0 14269.99974121927
45300.0 13910.399717254093
45500.0 13840.400241805228
45700.0 13695.20055990085
45900.0 13233.599947540204
46100.0 13233.200212704764
46300.0 12980.799698627574
46500.0 12951.199873625268
46700.0 12813.200124882358
46900.0 12601.199631971685
47100.0 12414.000448865554
47300.0 12388.399979902642
47500.0 12111.600028735384
47700.0 11893.600305269634
47900.0 11826.40075610352
48100.0 11453.999445400554
48300.0 11589.199966633138
48500.0 11296.400073775432
48700.0 11029.19989317031
48900.0 10856.8000290373
49100.0 10852.400324084645
49300.0 10542.000257515225
49500.0 10427.599920655779
49700.0 10294.800032571005
49900.0 10181.52018760768
50100.0 9877.360141869127
50300.0 9823.400337130117
50500.0 9657.360288838407
50700.0 9584.320073679433
50900.0 9410.640422734017
51100.0 9285.519968234692
51300.0 9191.800420256879
51500.0 9088.999638983145
51700.0 8911.840078391017
51900.0 8805.560273989058
52100.0 8743.599924227467
52300.0 8573.519990005774
52500.0 8449.52002251176
52700.0 8438.719949730366
52900.0 8193.120525402597
53100.0 8170.959950958929
53300.0 8003.999861340876
53500.0 7945.559919634543
53700.0 7820.280099134941
53900.0 7805.720507741522
54100.0 7656.720294857055
54300.0 7408.19971400692
54500.0 7485.839744808933
54700.0 7371.64018408352
54900.0 7304.640237280999
55100.0 7190.320052556823
55300.0 7167.320138103099
55500.0 6958.560148580164
55700.0 6944.559873553779
55900.0 6894.599872663555
56100.0 6773.959813016269
56300.0 6663.560194353415
56500.0 6641.880402645179
56700.0 6539.039914922333
56900.0 6397.040009048082
57100.0 6420.959918564011
57300.0 6255.000112358853
57500.0 6322.040059310439
57700.0 6164.720114012978
57900.0 6080.639984071445
58100.0 6064.880170502208
58300.0 5933.3199155987495
58500.0 5890.399774883344
58700.0 5828.239984758125
58900.0 5773.960027494071
59100.0 5691.280060255568
59300.0 5658.640112110857
59500.0 5586.000103920445
59700.0 5510.879871484321
59900.0 5472.840226034086
60100.0 5451.280042858756
60300.0 5313.319903602219
60500.0 5227.079990807649
60700.0 5237.959994951537
60900.0 5186.3601365113445
61100.0 5064.759949310633
61300.0 5108.760111917847
61500.0 4990.600236029957
61700.0 4953.560061561176
61900.0 4900.639943419933
62100.0 4847.999928234469
62300.0 4814.800156122243
62500.0 4718.079801779066
62700.0 4653.840346728017
62900.0 4634.56018459154
63100.0 4556.00001202081
63300.0 4526.839794093042
63500.0 4420.56022636714
63700.0 4414.679928962605
63900.0 4333.32011995918
64200.0 4229.400005389432
64600.0 4031.160070744578
65000.0 3905.080231629516
65400.0 3792.20002931105
65800.0 3640.0400962429458
66200.0 3542.6401622606
66600.0 3482.2401139074764
67000.0 3380.76025942194
67400.0 3328.4801715198128
67800.0 3214.639999402393
68200.0 3139.599925988048
68600.0 3116.6000113214277
69000.0 3031.319942510295
69400.0 2952.6401196941247
69800.0 2932.6800550204616
70200.0 2837.2000727394675
70600.0 2786.3200794258323
71000.0 2724.599999937135
71400.0 2677.2402143956037
71800.0 2639.959930560448
72200.0 2551.1200189367573
72600.0 2508.5201863193606
73000.0 2477.3999624751677
73400.0 2413.520001988158
73800.0 2378.1201123102214
74200.0 2311.360058437504
74600.0 2285.8400382207515
75000.0 2236.5600496964394
75400.0 2188.9200202450147
75800.0 2118.7200388292085
76200.0 2064.959992262238
76600.0 2022.359950260851
77000.0 1992.2799242687404
77400.0 1923.0000191865233
77800.0 1897.399937643458
78200.0 1850.4399671602764
78600.0 1812.5200786086687
79000.0 1764.9999531458313
79400.0 1743.6399387919305
79800.0 1694.0800316270531
80200.0 1677.480063045482
80600.0 1635.6800606245158
81000.0 1603.960047308969
81400.0 1582.5200100384452
81800.0 1556.8399736410713
82200.0 1520.800037332482
82600.0 1507.4000438334574
83000.0 1469.880026188038
83400.0 1441.1599850020323
83800.0 1410.1600627203065
84200.0 1404.560002818973
84600.0 1372.0400028351344
85000.0 1343.31997659861
85400.0 1329.6400448982758
85800.0 1302.4000767281725
86200.0 1284.2000171557133
86600.0 1259.4799942995292
87000.0 1248.3200081673672
87400.0 1214.240056553468
87800.0 1196.32002760755
88200.0 1175.5999858813527
88600.0 1159.6400518774403
89000.0 1141.9199653341223
89400.0 1122.9599770074167
89800.0 1100.959962332285
90200.0 1091.2800259519038
90600.0 1073.0399979864928
91000.0 1055.0800074162485
91400.0 1036.599995009104
91800.0 1021.3600359845858
92200.0 1004.3359675834489
92600.0 985.9559949877826
93000.0 974.7559921006357
93400.0 958.1240228569893
93800.0 941.415993058601
94200.0 925.8840384682458
94600.0 909.2360406620325
95000.0 898.0279776589855
95400.0 891.5119883636935
95800.0 867.2320090216533
96200.0 855.587977113385
96600.0 840.3119966118509
97000.0 829.8480062812396
97400.0 818.9360100033068
97800.0 804.248044989316
98200.0 793.8359764336954
98600.0 782.3799715049751
99000.0 757.8120078696339
99400.0 754.9719937847257
99800.0 742.8160241734738
100200.0 731.4800004527127
200000.0 49.87600073118451
400000.0 3.213320070253044
600000.0 0.6376639971043608
800000.0 0.20166400511888605
1000000.0 0.08247400031740548
1200000.0 0.03968960094836628
1400000.0 0.021376801131365517
1600000.0 0.012506400521859048
