wave flux
90.9000015258789 0.0
93.5 0.0
96.0999984741211 0.0
97.69999694824219 0.0
99.5999984741211 0.0
102.0 0.0
103.80000305175781 0.0
105.5999984741211 0.0
107.69999694824219 0.0
110.4000015258789 0.0
114.0 0.0
117.80000305175781 0.0
121.30000305175781 0.0
124.80000305175781 0.0
127.0999984741211 0.0
128.39999389648438 0.0
130.5 0.0
132.39999389648438 0.0
133.89999389648438 0.0
136.60000610351562 0.0
139.8000030517578 0.0
143.3000030517578 0.0
147.1999969482422 0.0
151.0 0.0
155.1999969482422 0.0
158.8000030517578 0.0
162.0 0.0
166.0 0.0
170.3000030517578 0.0
173.39999389648438 0.0
176.8000030517578 0.0
180.1999969482422 0.0
181.6999969482422 0.0
186.10000610351562 0.0
191.0 0.0
193.89999389648438 0.0
198.39999389648438 0.0
201.8000030517578 0.0
205.0 0.0
210.5 0.0
216.1999969482422 0.0
219.8000030517578 0.0
223.0 0.0
226.8000030517578 0.0
230.0 0.0
234.0 0.0
240.0 0.0
246.5 0.0
252.39999389648438 0.0
256.79998779296875 0.0
260.0 0.0
264.0 0.0
268.5 0.0
273.5 0.0
278.5 0.0
284.0 0.0
290.0 0.0
296.0 0.0
301.0 0.0
308.0 0.0
318.0 0.0
328.0 0.0
338.0 0.0
348.0 0.0
357.0 0.0
366.0 0.0
375.0 0.0
385.0 0.0
395.0 0.0
405.0 0.0
414.0 0.0
422.0 0.0
430.0 0.0
441.0 0.0
451.0 0.0
460.0 0.0
470.0 0.0
480.0 0.0
490.0 0.0
500.0 0.0
506.0 0.0
512.0 0.0
520.0 0.0
530.0 0.0
540.0 0.0
550.0 0.0
560.0 0.0
570.0 0.0
580.0 0.0
590.0 0.0
600.0 0.0
610.0 0.0
620.0 0.0
630.0 1.4612000545603688e-25
640.0 4.56800011999415e-25
650.0 1.3763999646689557e-24
658.0 3.533160322942563e-24
665.0 7.36060011280035e-24
675.0 2.0441600745086278e-23
685.0 5.503299839920398e-23
695.0 1.4361600172502453e-22
705.0 3.6360602281540124e-22
716.0 9.824000180597557e-22
726.0 2.3545201869720132e-21
735.0 5.061779858681362e-21
745.0 1.1573000130046207e-20
755.0 2.5868401482782668e-20
765.0 5.656399804068776e-20
775.0 1.2090400020104584e-19
785.0 2.533979909820623e-19
795.0 5.177000282725849e-19
805.0 1.046920016997016e-18
815.0 2.0743199538224566e-18
825.0 4.032760359220364e-18
835.0 7.709000293590606e-18
845.0 1.4490599824470556e-17
855.0 2.6793401362578935e-17
865.0 4.877199778743309e-17
875.0 8.739600609193916e-17
885.0 1.54661997080141e-16
895.0 2.6985000633455005e-16
905.0 4.637600024458674e-16
915.0 1.023740017904095e-11
925.0 4.6428000741386025e-11
935.0 7.007800223611754e-11
945.0 8.89499975037026e-11
955.0 1.2943599687266005e-10
965.0 2.343800149774587e-10
975.0 2.2940000024465948e-10
985.0 4.473800236518508e-10
995.0 6.759400188268683e-10
1005.0 8.249999705187018e-10
1015.0 1.1153600595435454e-09
1025.0 1.4214200674375931e-09
1035.0 2.9814000715837835e-09
1045.0 4.04479987578891e-09
1055.0 4.70039987733479e-09
1065.0 9.815199765895922e-09
1075.0 1.2476600374239984e-08
1085.0 2.0975999561270056e-08
1095.0 2.575200185379808e-08
1105.0 3.4426002795141685e-08
1115.0 4.338800309884253e-08
1125.0 8.358800171642777e-08
1135.0 1.313259974191416e-07
1145.0 1.94759991480034e-07
1155.0 2.631000002181862e-07
1165.0 3.2519999151881207e-07
1175.0 4.723400189837071e-07
1185.0 5.886400487057649e-07
1195.0 6.504800013307644e-07
1205.0 5.544400421767373e-07
1215.0 1.9945199769280823e-07
1225.0 8.47639994071837e-07
1235.0 2.0958000325965386e-06
1245.0 3.1087999740874967e-06
1255.0 4.048800115111552e-06
1265.0 5.2131999882377375e-06
1275.0 6.665800241123431e-06
1285.0 7.292200428017673e-06
1295.0 9.108199846461624e-06
1305.0 1.1343200494248782e-05
1315.0 1.4386000452995276e-05
1325.0 1.6444000363561378e-05
1335.0 1.884600045171686e-05
1345.0 2.451800052066516e-05
1355.0 3.183000060955666e-05
1365.0 3.651200292957789e-05
1375.0 4.267400277453414e-05
1385.0 5.095000002764369e-05
1395.0 6.1031998834642484e-05
1405.0 8.092400189741862e-05
1415.0 0.00010191800156921027
1425.0 0.00011919000716808705
1435.0 0.00015591999645871033
1442.0 0.00020672000427584715
1447.0 0.00019233999315899927
1455.0 0.000227519999237912
1465.0 0.00030906002022982443
1475.0 0.0003203599918912584
1485.0 0.0003995800046068972
1495.0 0.0005597600007633463
1505.0 0.0007428600109319203
1512.0 0.000575800020380603
1517.0 0.0008132400109579383
1525.0 0.0011994999441246037
1535.0 0.0040891998900125836
1545.0 0.003746000139592588
1555.0 0.006433400161498496
1565.0 0.005816600119114461
1575.0 0.013233000155138496
1585.0 0.01320620026221273
1595.0 0.012880800283845553
1605.0 0.012829799964828111
1615.0 0.012766800934580502
1625.0 0.012328399912297111
1635.0 0.017029800061917767
1645.0 0.02346400010206086
1655.0 0.017730399021393593
1665.0 0.03052800030883489
1672.0 0.023146002292140366
1677.0 0.03966400275401647
1685.0 0.05765000163453843
1695.0 0.08185999832710787
1705.0 0.09042799719022719
1715.0 0.09553399956551772
1725.0 0.1354120014174664
1735.0 0.15426400004387275
1745.0 0.22225398083389045
1755.0 0.2204679950191926
1765.0 0.2792799937875571
1775.0 0.24213400848631947
1785.0 0.5005000272622102
1795.0 0.3868999999306138
1805.0 0.7167000254911471
1815.0 0.47680001172933906
1825.0 0.7966400621137572
1835.0 0.6976999792520007
1845.0 0.955820021355956
1855.0 0.7289400684308185
1865.0 1.3152800302243177
1875.0 1.199659983407458
1885.0 1.5277400202622593
1895.0 1.9131800397270908
1905.0 1.9313800195671447
1915.0 2.780199994558107
1925.0 2.262160042043538
1935.0 1.5127401163781413
1945.0 3.1750001799309064
1955.0 4.5163999955240355
1967.0 4.831400329959163
1976.0 5.502400609091292
1984.0 6.9770001258848735
1995.0 6.1316000779146895
2005.0 7.104600340996658
2015.0 7.980800319604809
2025.0 7.0608000502742545
2035.0 9.075600502043928
2045.0 9.431000399850692
2055.0 11.191800156665545
2065.0 10.418599901490694
2074.0 9.218799707609781
2078.0 12.892400514726411
2085.0 15.688800595104878
2095.0 23.44279953820442
2105.0 26.53279908314282
2115.0 26.09340040520763
2125.0 28.934000615914155
2135.0 37.73999971931377
2145.0 28.82200159550699
2155.0 35.24400152272833
2165.0 33.81199792029682
2175.0 36.525999969116725
2185.0 33.39000189615514
2195.0 57.415998395040056
2205.0 46.57200074173167
2215.0 55.47999846828949
2225.0 49.91199946651119
2235.0 84.62999906760368
2245.0 94.63999981120764
2255.0 111.78400356589397
2265.0 59.44400036448855
2275.0 112.4140017926265
2285.0 111.97600011434392
2295.0 170.88600684075936
2305.0 69.48400117826085
2315.0 216.50400651706062
2325.0 167.7820082391221
2335.0 261.30400329146204
2345.0 160.7720065802349
2355.0 139.86000405118688
2365.0 186.35199878179228
2375.0 180.58400609212208
2385.0 294.3600066734282
2395.0 279.2800005056772
2405.0 472.9200033568473
2415.0 298.02001038658926
2425.0 379.5200050473877
2435.0 535.8400175072429
2445.0 720.5000299745947
2455.0 810.5799801601382
2465.0 526.1400117816617
2475.0 844.9800426662212
2485.0 326.5600004979758
2495.0 384.11999889982565
2505.0 752.1399980036458
2513.0 531.5800396090336
2518.0 522.2999899676404
2525.0 613.6400017948644
2535.0 1298.919992066963
2545.0 1563.24003555024
2555.0 1896.5200810848971
2565.0 1161.86002487663
2575.0 1734.0199881462077
2585.0 1430.3599537780538
2595.0 1649.5000387747261
2605.0 2181.840033001853
2615.0 1994.0800677534548
2625.0 2921.800173475947
2635.0 4772.399912532281
2645.0 3994.8000369883403
2655.0 6645.9998871374955
2665.0 4744.400181326464
2675.0 4105.399964090442
2685.0 5782.000316378268
2695.0 3602.600024384088
2705.0 5965.9999823837215
2715.0 4980.799908858411
2725.0 4190.399920734554
2735.0 4628.599783295293
2745.0 5784.400144606048
2755.0 5828.399919855208
2765.0 7778.200300333765
2775.0 9488.000345366761
2785.0 6606.600115645307
2795.0 6346.600297733187
2805.0 6862.200000771989
2815.0 8442.200173970607
2825.0 8596.800313513042
2835.0 7543.400436541512
2845.0 5604.199900036121
2855.0 2812.600067852749
2865.0 7799.20029996885
2875.0 9277.000078901186
2885.0 12354.19990881066
2895.0 14802.200586035877
2910.0 19653.20030150042
2930.0 22176.00127953363
2950.0 20482.00013933926
2970.0 20560.000261920883
2990.0 22167.999244969975
3010.0 21856.000234600524
3030.0 28872.00092031354
3050.0 31984.00125535841
3070.0 45089.997938981265
3090.0 38126.0007637454
3110.0 71636.00113028684
3130.0 64626.00407840963
3150.0 94391.99962846108
3170.0 127613.99755937082
3190.0 97664.00579156558
3210.0 106412.00272507056
3230.0 94646.00357645456
3250.0 165859.99978770487
3270.0 236220.00708668373
3290.0 268540.00555706397
3310.0 202400.00074061
3330.0 209500.0004963813
3350.0 181100.00477327383
3370.0 102092.0038292105
3390.0 130924.0035087559
3410.0 146579.99862007526
3430.0 173640.00040777275
3450.0 155840.00397037555
3470.0 155220.00397599855
3490.0 223340.00784066124
3510.0 289240.00337766093
3530.0 268120.00267326453
3550.0 373260.0087963442
3570.0 159420.00411664788
3590.0 154540.00713605765
3610.0 236659.9943485782
3630.0 294780.006928586
3640.0 322019.99783824483
3650.0 405419.98247748864
3670.0 500720.0228839541
3690.0 382700.01480112923
3710.0 309279.9906282076
3730.0 131756.0055678467
3750.0 165599.99651989594
3770.0 372240.0008403734
3790.0 405259.9994687015
3810.0 343100.01249777956
3830.0 152119.9998927874
3850.0 236819.99595942092
3870.0 227459.99554536026
3890.0 277460.00681230647
3910.0 402900.0168205127
3930.0 151019.99560226934
3950.0 301600.00454962597
3970.0 212479.99464649407
3990.0 658180.0304787802
4010.0 848800.0350232344
4030.0 683920.0061902505
4050.0 702080.0391434166
4070.0 628679.9851780912
4090.0 930460.0475008747
4110.0 678840.0482279921
4130.0 728179.9703341813
4150.0 671379.9591544864
4170.0 685400.0032460802
4190.0 699839.9829642994
4210.0 642640.0226024891
4230.0 436439.9998092588
4250.0 692679.9912323863
4270.0 648560.0162879586
4290.0 620760.0329126591
4310.0 649880.0232059859
4330.0 970699.989014813
4350.0 1025839.9877480625
4370.0 1101400.0206677425
4390.0 908860.0327190259
4410.0 975340.0222144586
4430.0 1055820.0301318264
4450.0 1095420.0317185242
4470.0 1243600.0124522722
4490.0 1296199.9946745944
4510.0 1541400.0237161417
4530.0 1236179.9889422278
4550.0 1390399.989161417
4570.0 1512000.032973646
4590.0 1437600.001288677
4610.0 1495000.0173766727
4630.0 1493600.0283013813
4650.0 1440199.9804680417
4670.0 1573599.9630444185
4690.0 1520400.022573207
4710.0 1419999.9594876529
4730.0 1431400.030816303
4750.0 1415400.0939269955
4770.0 1270580.0728902924
4790.0 1338599.9489223207
4810.0 1517200.076532525
4830.0 1525000.0719263419
4850.0 1562600.0024515786
4870.0 1455800.024147107
4890.0 1525200.1015223823
4910.0 1537400.0856873377
4930.0 1423000.049286198
4950.0 1440600.0438552387
4970.0 1370999.973057623
4990.0 1219060.0057128624
5010.0 1064560.0282769897
5030.0 1167660.0222277842
5050.0 1087379.986557992
5070.0 1066160.0105044353
5090.0 1010379.9802022645
5110.0 1032540.0203179854
5130.0 982440.030575916
5150.0 916020.0142732626
5170.0 810280.0261849817
5190.0 890080.0070303231
5210.0 1075000.033925005
5230.0 1541600.0005347242
5250.0 1668000.0531508287
5270.0 1369200.0014247643
5290.0 1698600.0463349167
5310.0 1859800.1142701772
5330.0 1580000.0380752184
5350.0 1731599.9794850964
5370.0 1728400.0143998521
5390.0 1676600.030305539
5410.0 1644399.991992977
5430.0 1655600.0191129586
5450.0 1687200.109379437
5470.0 1722999.986751543
5490.0 1741600.001691281
5510.0 1680800.109220083
5530.0 1807200.016380665
5550.0 1853600.04230401
5570.0 1781600.0445399107
5590.0 1652000.029710382
5610.0 1775399.984874424
5630.0 1845799.9548326987
5650.0 1895800.071094444
5670.0 1842200.0012857812
5690.0 1877400.0006160706
5710.0 1800199.9619171827
5730.0 1965000.0040751083
5750.0 1946400.155585118
5770.0 1960000.0597661582
5790.0 1862400.031741088
5810.0 1954399.9910636046
5830.0 2011400.0316796598
5850.0 1920600.0393942245
5870.0 1889000.0087011484
5890.0 1129060.0626134898
5910.0 1778000.0172362078
5930.0 1901400.0454878188
5950.0 1915000.0490136063
5970.0 1952200.0802157535
5990.0 1940000.0733933018
6010.0 1916200.057706899
6030.0 1961600.0898563166
6050.0 1997999.9925501428
6070.0 1980800.059075949
6090.0 1928599.9404135842
6110.0 1922400.0619812345
6130.0 1783800.0740047423
6150.0 1898799.9884567612
6170.0 1662399.9810409052
6190.0 1896600.005380188
6210.0 1878400.132998464
6230.0 1816999.9747459928
6250.0 1765000.04779578
6270.0 1846599.9910985408
6290.0 1896200.0286611754
6310.0 1850200.1437620101
6330.0 1879400.0119652436
6350.0 1900000.0797212864
6370.0 1891600.0202541505
6390.0 1927200.0458701989
6410.0 1883599.9983740058
6430.0 1876399.9722393674
6450.0 1822800.0195095618
6470.0 1827200.0578934406
6490.0 1813000.0396987218
6510.0 1896400.02711988
6530.0 1939000.0286795115
6550.0 1899800.045556926
6570.0 1875400.0389307013
6590.0 1908200.0132529796
6610.0 1920400.0209716407
6630.0 1915399.9947650847
6650.0 1903400.138363789
6670.0 1869800.0543874598
6690.0 1880600.012194104
6710.0 1829600.0228478715
6730.0 1868200.090954968
6750.0 1838000.0616960113
6770.0 1867599.990195129
6790.0 1841800.0943481533
6810.0 1852000.0786730503
6830.0 1882200.0700683792
6850.0 1850400.0971913086
6870.0 1859600.056821959
6890.0 1873000.0377565143
6910.0 1877600.0610201778
6930.0 1864200.0254570863
6950.0 1865400.0097473415
6970.0 1887000.0889846093
6990.0 1857400.0525806432
7010.0 1849000.0174339444
7030.0 1870200.0017675457
7050.0 1866399.9933483917
7070.0 1805400.0984319933
7090.0 1781600.0420856425
7110.0 1790399.9422924274
7130.0 1736800.0074404003
7150.0 1694600.101357044
7170.0 1761200.026787317
7190.0 1732799.9443247272
7210.0 1735399.978076468
7230.0 1801200.0243107087
7250.0 1790799.9737963579
7270.0 1813000.011315938
7290.0 1795800.0415558463
7310.0 1809199.9787569507
7330.0 1781999.9881391246
7350.0 1789200.011291673
7370.0 1815800.0087435646
7390.0 1794399.9868477946
7410.0 1778000.044168489
7430.0 1799800.0173208464
7450.0 1788599.9647526415
7470.0 1801200.0502437558
7490.0 1792000.0580041944
7510.0 1801000.015164333
7530.0 1810800.0135611992
7550.0 1812199.9957909859
7570.0 1800600.0558792558
7590.0 1785600.0767914471
7610.0 1778200.0251248186
7630.0 1785999.9874027718
7650.0 1779000.0758610216
7670.0 1685599.9982783706
7690.0 1758600.0248094522
7710.0 1715799.9693938596
7730.0 1749000.0172322767
7750.0 1725999.993982839
7770.0 1761600.1155328911
7790.0 1753200.01359536
7810.0 1752599.999054776
7830.0 1726400.0134745766
7850.0 1731399.9473153183
7870.0 1751800.0511822186
7890.0 1738000.015303736
7910.0 1714600.0106647776
7930.0 1698400.0431508562
7950.0 1679200.0604305093
7970.0 1726600.0267411384
7990.0 1712800.0796519783
8010.0 1704600.0097867046
8030.0 1706200.1270335142
8050.0 1691399.9795957382
8070.0 1691599.963401329
8090.0 1676200.0447369735
8110.0 1682999.9569858008
8130.0 1697000.0096466183
8150.0 1692400.066299026
8170.0 1686000.0909668012
8190.0 1577599.919802935
8210.0 1639000.0621062357
8230.0 1650200.0253889903
8250.0 1656999.9292655813
8270.0 1673600.0354441134
8290.0 1661800.0907490724
8310.0 1628200.0691680552
8330.0 1598799.9963643292
8350.0 1621800.003789245
8370.0 1623600.0036116121
8390.0 1536800.04748027
8410.0 1619400.055828787
8430.0 1560000.0004069733
8450.0 1609200.0136370563
8470.0 1593200.0418907376
8490.0 1585199.9580675282
8510.0 1514799.9600344703
8530.0 1563600.0000390674
8550.0 1358199.9943710812
8570.0 1604200.081993901
8590.0 1589600.0373108536
8610.0 1583800.0340652193
8630.0 1590600.0247562237
8650.0 1578200.0771099972
8670.0 1361400.0673065784
8690.0 1501400.0120536669
8710.0 1571999.9359080219
8730.0 1565599.9930289101
8750.0 1566200.03242581
8770.0 1558800.0167970995
8790.0 1564400.0322900198
8810.0 1501800.0051533338
8830.0 1523999.9713877453
8850.0 1551000.0217188715
8870.0 1525200.02919835
8890.0 1548400.0390699427
8910.0 1548399.9646536105
8930.0 1525199.9752899115
8950.0 1515200.0188126403
8970.0 1519800.0205277277
8990.0 1525800.1114188377
9010.0 1463800.0934831486
9030.0 1506000.0934475057
9050.0 1529400.009263094
9070.0 1522600.0379390456
9090.0 1477400.0418618142
9110.0 1482600.0357993096
9130.0 1503799.9561782624
9150.0 1484799.9967726714
9170.0 1474000.0475452046
9190.0 1479799.9843688272
9210.0 1455000.0346926271
9230.0 1464200.0986580204
9250.0 1442199.9858997187
9270.0 1454000.0394857083
9290.0 1442800.055566518
9310.0 1461800.0534831497
9330.0 1457400.0188049735
9350.0 1448800.014978695
9370.0 1434000.0292787743
9390.0 1440800.0076559063
9410.0 1406400.012092323
9430.0 1428400.0335322123
9450.0 1401600.037836222
9470.0 1427199.9618316537
9490.0 1428200.0978011673
9510.0 1424200.0410512474
9530.0 1414200.0402288986
9550.0 1395200.0320930053
9570.0 1399800.10263155
9590.0 1416000.0393696437
9610.0 1394199.9857034758
9630.0 1399600.0748490114
9650.0 1352600.0773963311
9670.0 1357800.051968597
9690.0 1384000.0324012493
9710.0 1369199.9830710622
9730.0 1356799.997441091
9750.0 1358599.9762429043
9770.0 1365600.065331071
9790.0 1332400.0192997258
9810.0 1375199.9749276512
9830.0 1358800.0393062772
9850.0 1372199.9810480222
9870.0 1364000.0483872415
9890.0 1362600.0450829468
9910.0 1356800.0637252887
9930.0 1357999.955383243
9950.0 1354200.0124245824
9970.0 1353200.0134151669
9990.0 1350000.0414939977
10025.0 1339999.9785817584
10075.0 1329000.0368581612
10125.0 1326200.063188751
10175.0 1311800.0516421432
10225.0 1305000.082272039
10275.0 1304400.0444617523
10325.0 1281400.0065186713
10375.0 1275800.0459945113
10425.0 1278800.0605216688
10475.0 1263200.0540545438
10525.0 1263400.0257844676
10575.0 1246800.033275835
10625.0 1242199.9647476245
10675.0 1223600.046969081
10725.0 1221000.0315106087
10775.0 1210200.0371689664
10825.0 1182000.0749656255
10875.0 1189000.0576082647
10925.0 1187600.0611549916
10975.0 1153800.0143729008
11025.0 1151800.04648246
11075.0 1154000.0698084948
11125.0 1144799.9933907867
11175.0 1140200.0904097012
11225.0 1138799.957705976
11275.0 1115200.0305431029
11325.0 1122599.9839698875
11375.0 1102400.0024751837
11425.0 1091999.9763526954
11475.0 1109400.046200218
11525.0 1108000.034428725
11575.0 1094400.027786758
11625.0 1073080.021805033
11675.0 1077479.9850923214
11725.0 1087000.0042386092
11775.0 1062980.0440563424
11825.0 1048180.0196874513
11875.0 1042579.9628123295
11925.0 1063840.0101983815
11975.0 1014920.047068631
12025.0 1039179.9938838286
12075.0 1024279.9588492108
12125.0 1034840.0260932784
12175.0 1035759.9986139231
12225.0 1029840.0574973085
12275.0 1020580.0219550035
12325.0 1016120.0437508867
12375.0 1012199.985587727
12425.0 1000939.9925797932
12475.0 1003399.9850389998
12525.0 992600.0359194183
12575.0 992500.0485489711
12625.0 985640.0032870433
12675.0 974900.0668664564
12725.0 977080.029206989
12775.0 975440.0257169345
12825.0 945760.0019637091
12875.0 958020.0025870118
12925.0 944400.004226222
12975.0 954160.0335822662
13025.0 945139.9946643536
13075.0 946720.0542784495
13125.0 916519.9948093963
13175.0 920779.9880382983
13225.0 931600.0094874775
13275.0 916880.0052395372
13325.0 914959.9865375357
13375.0 913079.9921353911
13425.0 913640.0087425591
13475.0 910060.0511566058
13525.0 906180.0485392959
13575.0 894280.0069091889
13625.0 888399.9930221882
13675.0 893480.0595656894
13725.0 894840.0131097223
13775.0 888220.0590248713
13825.0 887620.0161499225
13875.0 876859.9799963334
13925.0 862920.0280273836
13975.0 866900.0370635865
14025.0 858620.0237344692
14075.0 862199.9918093957
14125.0 847160.0225265196
14175.0 852320.0033948061
14225.0 839300.0130635925
14275.0 813800.0430757941
14325.0 840280.0191910672
14375.0 841480.0184292975
14425.0 822600.0346410874
14475.0 838439.9874238194
14525.0 823020.0031453257
14570.0 821660.0073289605
14620.0 814140.0427290747
14675.0 812319.9941469856
14725.0 804760.0281281471
14775.0 805600.0173710593
14825.0 808739.9862651062
14875.0 777060.0159514466
14925.0 815400.0076270616
14975.0 808899.9982100889
15025.0 745280.0397723627
15075.0 775560.0116504469
15125.0 799620.0603255046
15175.0 801460.017632349
15225.0 795820.0424577463
15275.0 795180.0093610532
15325.0 797340.0417945228
15375.0 793460.007976347
15425.0 789740.01900574
15475.0 799620.0362964734
15525.0 782839.9900107746
15575.0 782100.0113273511
15625.0 791520.0087227152
15675.0 775500.0394950998
15725.0 770960.0295820682
15775.0 726920.0333759638
15825.0 766240.0315051466
15875.0 742540.0210888991
15925.0 760959.9793012462
15975.0 762980.0131411831
16050.0 760039.9962283828
16150.0 746900.038153352
16250.0 743099.9920934332
16350.0 737759.9725804796
16450.0 725280.026897074
16550.0 723020.0367194887
16650.0 706160.0154946996
16750.0 680800.0014304408
16850.0 676160.0212693422
16950.0 673200.0104509803
17050.0 650459.9821359323
17150.0 629840.0027940442
17250.0 622680.017053711
17350.0 607860.0078974888
17450.0 599599.9877706236
17550.0 589700.0227546789
17650.0 579460.0302556138
17750.0 564979.9967343902
17850.0 557220.0165947541
17950.0 548000.0168383016
18050.0 531059.992313614
18150.0 523979.9803002377
18250.0 510440.01316177606
18350.0 501579.99712639034
18450.0 482240.0064031267
18550.0 481399.99406583444
18650.0 469760.0028712691
18750.0 457160.0039739529
18850.0 455880.01818498666
18950.0 435740.02371884667
19050.0 441079.9971359906
19150.0 432120.0140042841
19250.0 425919.9989584777
19350.0 410199.99990394403
19450.0 399679.9952418185
19550.0 400819.9985854095
19650.0 394780.0157756752
19750.0 376620.0021276601
19850.0 374599.9986480192
19950.0 370280.00359994464
20050.0 371200.0064481146
20150.0 365680.00102596224
20250.0 354800.00750829803
20350.0 348919.9980033402
20450.0 347159.9980546114
20550.0 339400.003449086
20650.0 330399.98134426
20750.0 328540.00071928254
20850.0 322060.0112379841
20950.0 313520.00655343133
21050.0 312520.0137144589
21150.0 306260.00927786966
21250.0 302399.99849794735
21350.0 298720.01027273707
21450.0 294140.01269598363
21550.0 289660.00087443326
21650.0 283619.987302477
21750.0 277899.99866527814
21850.0 274519.9966291131
21950.0 271620.01303537353
22050.0 260780.00677043936
22150.0 264459.9989576984
22250.0 256360.01395594754
22350.0 253660.00716279072
22450.0 250360.00771096235
22550.0 247420.0035193456
22650.0 240380.0098028292
22750.0 240180.0123498748
22850.0 233200.00166389378
22950.0 214900.00861319402
23050.0 220759.99954415034
23150.0 218600.00221391278
23250.0 199640.0010574111
23350.0 204199.9999569188
23450.0 206540.00941848007
23550.0 188120.0102474894
23650.0 196240.002799728
23750.0 194160.0108513093
23850.0 178740.0101505234
23950.0 185280.00108642856
24050.0 184780.00694152428
24150.0 172300.00265367253
24250.0 175199.99888430315
24350.0 174960.00408426393
24450.0 166759.99995558584
24550.0 163139.9949458211
24650.0 166040.0083684456
24750.0 160439.99643394034
24850.0 154000.00201825256
24950.0 157340.00386083822
25050.0 155760.00165704882
25150.0 149260.00836935543
25250.0 147660.00710945416
25350.0 147680.00033071032
25450.0 144980.00355477317
25550.0 144080.00586663245
25650.0 141760.00453954338
25750.0 142360.00672816945
25850.0 137539.99937725672
25950.0 138000.00254673144
26050.0 137120.00253092163
26150.0 136800.00638790443
26250.0 132899.99956292758
26350.0 132360.0001195696
26450.0 130419.99778615034
26550.0 127280.00030586729
26650.0 125959.99559960111
26750.0 126120.00344277872
26850.0 124699.99894041229
26950.0 121800.00326566744
27050.0 120940.00615728501
27150.0 118900.00524415613
27250.0 117220.00445403208
27350.0 115880.0031717769
27450.0 115199.99623417262
27550.0 112799.99935374985
27650.0 111480.00407237333
27750.0 110380.00623330697
27850.0 108360.00000892012
27950.0 107280.0019861406
28050.0 103350.00103558441
28150.0 103723.99953508626
28250.0 102784.00191516896
28350.0 101431.99838817662
28450.0 101088.00538002289
28550.0 98414.00081031353
28650.0 98354.00048389129
28750.0 96790.00516666687
28850.0 95353.9977252045
28950.0 94744.0013695449
29050.0 92162.00106188814
29150.0 93078.00129606851
29250.0 88187.99880584564
29350.0 90085.99624325873
29450.0 86432.00241555764
29550.0 87880.00523122138
29650.0 84725.99864921748
29750.0 85734.00280871529
29850.0 83256.00159708849
29950.0 83832.00350427494
30050.0 80669.99673173612
30150.0 82171.99832666502
30250.0 79550.00292079731
30350.0 79838.00440276634
30450.0 77074.00016478983
30550.0 77866.00058113562
30650.0 76698.00363612776
30750.0 75627.99869459284
30850.0 74336.0038640244
30950.0 73224.001326153
31050.0 73715.99769471255
31150.0 71305.99736412035
31250.0 72007.9997332505
31350.0 69612.00012081701
31450.0 69980.00038224539
31550.0 68992.0015906131
31650.0 68764.00124434578
31750.0 67442.00084969896
31850.0 66830.00177541628
31950.0 66104.00017452863
32100.0 65602.0005887072
32300.0 63366.00282002464
32500.0 62720.00181424283
32700.0 61241.9989390622
32900.0 59455.99989685006
33100.0 58719.99956282123
33300.0 56984.0030865875
33500.0 56190.002501848656
33700.0 55288.00217153654
33900.0 53315.9985987157
34100.0 52672.00136496646
34300.0 52093.998772872445
34500.0 50214.001129321994
34700.0 49778.00199125488
34900.0 48858.001097789296
35100.0 47460.00264705817
35300.0 46484.00204006257
35500.0 45913.99952424269
35700.0 44522.00187230827
35900.0 43688.00127561375
36100.0 43260.000434370086
36300.0 42017.99784173537
36500.0 41164.002276181964
36700.0 40338.00009457182
36900.0 39447.999837593205
37100.0 38494.002569408694
37300.0 37953.99996207927
37500.0 37274.00089703824
37700.0 36353.99879512657
37900.0 35957.99918266809
38100.0 35066.001248467655
38300.0 34504.00011251557
38500.0 33820.001470382034
38700.0 33168.00024274523
38900.0 32433.99984524907
39100.0 31940.000365194835
39300.0 31302.001332412787
39500.0 30710.00003054887
39700.0 30178.001055195055
39900.0 29188.000043075797
40100.0 28948.00003433187
40300.0 28459.999428092753
40500.0 27691.99890697869
40700.0 27160.000474114513
40900.0 26814.001281686844
41100.0 26282.001439445674
41300.0 25818.00047354782
41500.0 25356.000642647035
41700.0 24768.000574482605
41900.0 24402.000450171345
42100.0 23703.99990439689
42300.0 23636.00002427572
42500.0 23076.000143868972
42700.0 22724.000168951716
42900.0 21612.00012729233
43100.0 20456.00006199914
43300.0 20484.000658488283
43500.0 19406.000607558046
43700.0 18787.99965910268
43900.0 18466.000332414198
44100.0 17575.99947258312
44300.0 17296.000401292273
44500.0 17004.00092987859
44700.0 16295.9999610684
44900.0 16245.999826759378
45100.0 15784.000564580529
45300.0 15350.000749933914
45500.0 15292.00011405395
45700.0 15161.999729914603
45900.0 14592.000220806609
46100.0 14630.000436850218
46300.0 14361.999900667832
46500.0 14281.999893943748
46700.0 14178.000736494958
46900.0 13928.000212013774
47100.0 13698.00012677057
47300.0 13717.999682918136
47500.0 13383.999629491194
47700.0 13200.000331365445
47900.0 13090.000001847682
48100.0 12718.000163949362
48300.0 12822.000043921687
48500.0 12552.000370699285
48700.0 12257.999882125816
48900.0 12082.000035946163
49100.0 12004.000537479367
49300.0 11736.000384332414
49500.0 11563.999756626425
49700.0 11449.999978836528
49900.0 11312.000061437797
50100.0 10982.000128779644
50300.0 10986.000234459847
50500.0 10750.0004592325
50700.0 10667.999962812251
50900.0 10516.000012795901
51100.0 10320.200627360238
51300.0 10269.400357289052
51500.0 10095.800331155555
51700.0 10007.000477838352
51900.0 9826.400181307736
52100.0 9732.000287899216
52300.0 9565.600360525508
52500.0 9469.00009778285
52700.0 9429.799992950384
52900.0 9172.799971345794
53100.0 9109.200466082824
53300.0 8970.599866945973
53500.0 8894.399896631734
53700.0 8772.999907128296
53900.0 8708.200297197469
54100.0 8582.200403307477
54300.0 8364.600133207045
54500.0 8373.999839323053
54700.0 8252.000421006904
54900.0 8155.20001573494
55100.0 8050.200217284638
55300.0 8041.800466645029
55500.0 7815.600207217817
55700.0 7801.600379298918
55900.0 7690.200031702969
56100.0 7587.799954623184
56300.0 7466.199921264137
56500.0 7433.199982798945
56700.0 7336.400508138561
56900.0 7193.200049300824
57100.0 7176.3998217690405
57300.0 7053.800417675744
57500.0 7017.3997561442675
57700.0 6892.400336154052
57900.0 6833.800120563259
58100.0 6746.600218903049
58300.0 6647.400091797872
58500.0 6590.800157844357
58700.0 6495.9999812102615
58900.0 6420.600434094853
59100.0 6352.800323037365
59300.0 6285.600130101713
59500.0 6200.200424207196
59700.0 6136.600160219218
59900.0 6074.600054905719
60100.0 6010.8001966183165
60300.0 5915.799895470913
60500.0 5827.999998568782
60700.0 5779.800050328877
60900.0 5711.200241519513
61100.0 5620.200132015322
61300.0 5594.400113303127
61500.0 5513.800141235569
61700.0 5456.400232243224
61900.0 5394.99999519541
62100.0 5332.400158865542
62300.0 5267.600022056686
62500.0 5190.000146228667
62700.0 5124.200212026636
62900.0 5085.000219104716
63100.0 5010.600013847047
63300.0 4971.799963860426
63500.0 4891.199989745321
63700.0 4850.799972904735
63900.0 4779.400241459798
64200.0 4690.800078882287
64600.0 4542.2001570485945
65000.0 4423.800241790826
65400.0 4320.800105486957
65800.0 4192.000009057439
66200.0 4086.1999286835694
66600.0 4008.600225690087
67000.0 3906.4000618774257
67400.0 3827.8000460711833
67800.0 3726.4000718879147
68200.0 3634.600016897418
68600.0 3579.000002302311
69000.0 3494.4000889261615
69400.0 3409.999898695962
69800.0 3356.800057048083
70200.0 3263.8000349101535
70600.0 3199.799937186241
71000.0 3132.1999870500663
71400.0 3069.8001348664593
71800.0 3009.8000812551736
72200.0 2932.199992073321
72600.0 2873.8002617708094
73000.0 2825.199976908014
73400.0 2754.5998662910115
73800.0 2705.9999877457944
74200.0 2640.8000705952372
74600.0 2592.2000525759654
75000.0 2542.8000875408516
75400.0 2486.800134265119
75800.0 2417.600027323569
76200.0 2363.39984688098
76600.0 2308.6000260471724
77000.0 2261.6001067842917
77400.0 2199.000115636719
77800.0 2157.6000540184737
78200.0 2108.400016063246
78600.0 2062.4000637946947
79000.0 2017.600081120276
79400.0 1981.2000272390435
79800.0 1937.3999600540449
80200.0 1905.0000901348535
80600.0 1867.400082891315
81000.0 1832.2000479204946
81400.0 1803.0000901405024
81800.0 1770.8000433876564
82200.0 1737.4000848975336
82600.0 1711.9999870946979
83000.0 1676.4000605927645
83400.0 1644.6000012302331
83800.0 1612.7999938822063
84200.0 1590.5999814889321
84600.0 1559.6000085950718
85000.0 1528.6000597977734
85400.0 1506.000022460742
85800.0 1477.6000532232683
86200.0 1453.600013682157
86600.0 1425.80007110043
87000.0 1404.9999718263307
87400.0 1377.8000629573426
87800.0 1352.6000142261084
88200.0 1328.3999863485794
88600.0 1307.800023626139
89000.0 1286.5999839291148
89400.0 1263.8000331612388
89800.0 1240.9999976149031
90200.0 1224.0000246408224
90600.0 1204.2000216727708
91000.0 1182.399976983621
91400.0 1161.6000580894129
91800.0 1144.3999889612414
92200.0 1125.0000004644794
92600.0 1106.600026282871
93000.0 1090.4000212268475
93400.0 1071.6000064855236
93800.0 1053.1999626246445
94200.0 1037.8000315863105
94600.0 1018.580005623254
95000.0 1005.0799753226846
95400.0 992.0800166703037
95800.0 970.8800018137256
96200.0 958.0200364581372
96600.0 940.3599859832212
97000.0 928.2199706757832
97400.0 913.4200426867278
97800.0 897.5000409082024
98200.0 885.6599995845725
98600.0 872.08002368424
99000.0 852.6199800272153
99400.0 842.8200294464289
99800.0 831.0399972130543
100200.0 818.200019787272
200000.0 53.92199960482573
400000.0 3.432800060266651
600000.0 0.6799000353575965
800000.0 0.21486000070164177
1000000.0 0.08776400325018868
1200000.0 0.04219600146304515
1400000.0 0.02270200136235611
1600000.0 0.013266000448767195
