wave flux
90.9000015258789 0.0
93.5 0.0
96.0999984741211 0.0
97.69999694824219 0.0
99.5999984741211 0.0
102.0 0.0
103.80000305175781 0.0
105.5999984741211 0.0
107.69999694824219 0.0
110.4000015258789 0.0
114.0 0.0
117.80000305175781 0.0
121.30000305175781 0.0
124.80000305175781 0.0
127.0999984741211 0.0
128.39999389648438 0.0
130.5 0.0
132.39999389648438 0.0
133.89999389648438 0.0
136.60000610351562 0.0
139.8000030517578 0.0
143.3000030517578 0.0
147.1999969482422 0.0
151.0 0.0
155.1999969482422 0.0
158.8000030517578 0.0
162.0 0.0
166.0 0.0
170.3000030517578 0.0
173.39999389648438 0.0
176.8000030517578 0.0
180.1999969482422 0.0
181.6999969482422 0.0
186.10000610351562 0.0
191.0 0.0
193.89999389648438 0.0
198.39999389648438 0.0
201.8000030517578 0.0
205.0 0.0
210.5 0.0
216.1999969482422 0.0
219.8000030517578 0.0
223.0 0.0
226.8000030517578 0.0
230.0 0.0
234.0 0.0
240.0 0.0
246.5 0.0
252.39999389648438 0.0
256.79998779296875 0.0
260.0 0.0
264.0 0.0
268.5 0.0
273.5 0.0
278.5 1.403999962696308e-24
284.0 8.487999898777767e-24
290.0 7.953080413036578e-23
296.0 3.955080043689559e-22
301.0 1.3626559664928054e-21
308.0 7.16455967967047e-21
318.0 6.80644008163882e-20
328.0 5.711000230821504e-19
338.0 4.266800013988429e-18
348.0 2.8616799407705754e-17
357.0 1.4585600498746576e-16
366.0 6.900720082432117e-16
375.0 3.0318399878394665e-15
385.0 1.4545201004480283e-14
395.0 6.470880388840344e-14
405.0 2.6753199748918187e-13
414.0 9.056560258107867e-13
422.0 2.5686800212814293e-12
430.0 7.0025199238727886e-12
441.0 2.620880045301089e-11
451.0 8.22800014017247e-11
460.0 2.2073202593302036e-10
470.0 6.316599847365737e-10
480.0 1.7286000243633991e-09
490.0 4.53684013916827e-09
500.0 1.1444439487651678e-08
506.0 2.0615601055474933e-08
512.0 3.592200152904697e-08
520.0 7.024880072025338e-08
530.0 1.5806800496881797e-07
540.0 3.4430800204885394e-07
550.0 7.302200179293835e-07
560.0 1.5051599984134029e-06
570.0 3.0234400477681105e-06
580.0 5.920240268289432e-06
590.0 1.1336000381684892e-05
600.0 2.121719968028664e-05
610.0 3.88867994354003e-05
620.0 6.980760347420388e-05
630.0 0.00012285599676431418
640.0 0.00021232001433657257
650.0 0.0003607000285240314
658.0 0.0005441200243380914
665.0 0.0007731759900046034
675.0 0.001260439967775561
685.0 0.0020228399553896157
695.0 0.003202040195103456
705.0 0.00499628020820795
716.0 0.008027599743789415
726.0 0.012187600393701809
735.0 0.017572400604507772
745.0 0.02608120004723492
755.0 0.03827520068367753
765.0 0.05557399949372045
775.0 0.0798620010999055
785.0 0.11362000041720663
795.0 0.1600399997577732
805.0 0.22350801808118687
815.0 0.3091679978823694
825.0 0.4241880298974573
835.0 0.5771960195133123
845.0 0.778963964163819
855.0 1.043320062921638
865.0 1.3867999895777336
875.0 1.8308800990829808
885.0 2.4006801132134634
895.0 3.126039891547654
905.0 4.04455987560713
915.0 71.83160284364286
925.0 481.75999618522076
935.0 741.3440113325483
945.0 1104.5600020984693
955.0 1554.3600034015767
965.0 1997.760110372339
975.0 1900.880086363662
985.0 2727.760124367158
995.0 3006.0000670392433
1005.0 3791.1601614336137
1015.0 4388.760096131587
1025.0 3845.9602109017956
1035.0 5783.239997436388
1045.0 6898.519842903999
1055.0 7960.880199072397
1065.0 8822.239874898092
1075.0 10464.440315059444
1085.0 11954.799970587645
1095.0 13082.40043272754
1105.0 23464.40009722742
1115.0 72357.19939082881
1125.0 118394.00625850774
1135.0 185699.99524913306
1145.0 190940.0063860495
1155.0 218179.9997503514
1165.0 226448.00866771388
1175.0 181192.0058549466
1185.0 166388.00712116223
1195.0 70335.60121623603
1205.0 64268.40044174469
1215.0 13798.400388427377
1225.0 66965.60390704666
1235.0 148288.00617992433
1245.0 278951.9943636821
1255.0 2200520.092170464
1265.0 4134160.0610374464
1275.0 12014400.59077963
1285.0 22753200.598912433
1295.0 25138800.49687078
1305.0 12216399.611373365
1315.0 30067198.14315769
1325.0 37536801.37656247
1335.0 34892000.683996625
1345.0 47334799.724842116
1355.0 44132802.17325097
1365.0 39373599.73625607
1375.0 43171198.77379656
1385.0 38700800.107939966
1395.0 41372001.335454494
1405.0 47046398.67946695
1415.0 46857599.57984697
1425.0 54654398.50578698
1435.0 47670002.55163413
1442.0 56470800.26762357
1447.0 61762000.61433592
1455.0 63413999.01203636
1465.0 57685202.21226972
1475.0 55828001.56210123
1485.0 60580798.568008944
1495.0 67197206.04676491
1505.0 68708404.36529669
1512.0 60108801.62435334
1517.0 67289201.52849196
1525.0 61835599.74790465
1535.0 65212796.17583681
1545.0 83297201.85716264
1555.0 65123203.09900822
1565.0 56041199.96550718
1575.0 75658398.67978244
1585.0 88181600.17134164
1595.0 96973195.03194104
1605.0 91256801.54546066
1615.0 88763598.55923147
1625.0 76788801.8344154
1635.0 81118401.69995259
1645.0 93628802.46929571
1655.0 70918398.6931289
1665.0 91672806.62839215
1672.0 58051605.47615424
1677.0 86853996.9119932
1685.0 99079602.3298205
1695.0 86389196.71120527
1705.0 83250800.28106202
1715.0 84936403.25147794
1725.0 83594002.54237138
1735.0 91098401.75738236
1745.0 88162797.81537564
1755.0 99393198.97649074
1765.0 80326400.53302613
1775.0 93614407.43719791
1785.0 92268407.20549358
1795.0 103684001.28739974
1805.0 96216403.31606759
1815.0 96330403.15821959
1825.0 90825996.45934379
1835.0 87204402.03800906
1845.0 79107599.09715942
1855.0 84993199.72029811
1865.0 86187602.77739178
1875.0 89464002.14398195
1885.0 88525199.10711701
1895.0 89195600.15413894
1905.0 83029597.06968062
1915.0 88598004.99985655
1925.0 89542799.73278858
1935.0 84008003.41847028
1945.0 91448402.47108877
1955.0 90071606.67915453
1967.0 93866802.5450333
1976.0 92075998.95909956
1984.0 88954398.82699355
1995.0 85806396.88887854
2005.0 83780406.7328229
2015.0 80181204.78760242
2025.0 79157999.2852877
2035.0 82688804.27696256
2045.0 86846799.27635969
2055.0 82159202.08185323
2065.0 80351999.57319614
2074.0 86094800.76226813
2078.0 88424000.71233006
2085.0 86422803.11147387
2095.0 83014804.65321034
2105.0 79693202.39756785
2115.0 79861996.41960777
2125.0 81555599.6143552
2135.0 67773199.29074815
2145.0 76892398.34687135
2155.0 77784002.9957992
2165.0 73341599.9700421
2175.0 72119200.3857665
2185.0 72899604.9098084
2195.0 77419202.73317121
2205.0 74062001.12621215
2215.0 67157599.79871738
2225.0 65978806.07685987
2235.0 74244803.16554587
2245.0 66211199.673360765
2255.0 64367205.58335246
2265.0 64974804.82956512
2275.0 69151198.27091327
2285.0 71588798.56535636
2295.0 66798403.25603143
2305.0 65625197.56384901
2315.0 63285198.76161698
2325.0 62714003.23063806
2335.0 58609601.92344005
2345.0 53527603.186931185
2355.0 62740802.539039716
2365.0 54174002.32950582
2375.0 58373199.17503448
2385.0 50073201.11434003
2395.0 55856402.891841225
2405.0 52861602.9692052
2415.0 54649999.321847096
2425.0 59341200.67077401
2435.0 56639599.79788798
2445.0 60632406.08031724
2455.0 58301602.63181315
2465.0 58108401.75782455
2475.0 55445201.76980508
2485.0 58394800.054324925
2495.0 56092400.35893624
2505.0 62899202.028220415
2513.0 55468001.33468327
2518.0 56787600.61010494
2525.0 52575999.92756841
2535.0 51556000.384543456
2545.0 51297200.96221781
2555.0 55251999.93805801
2565.0 54994798.974070765
2575.0 59295197.9255222
2585.0 59296403.91924232
2595.0 57821604.62464061
2605.0 55198800.37332338
2615.0 54376001.582933486
2625.0 58575998.5126856
2635.0 58807599.468511105
2645.0 66040402.66152702
2655.0 65102003.74384348
2665.0 58985203.18264047
2675.0 61864398.03534779
2685.0 61315599.48230616
2695.0 58607202.271520846
2705.0 60149203.54512161
2715.0 56886002.00159889
2725.0 57527602.37094457
2735.0 62125200.49185279
2745.0 52030403.23756394
2755.0 52972799.89302305
2765.0 54737199.77307757
2775.0 59178802.84622166
2785.0 57429602.378974855
2795.0 41988799.2740276
2805.0 47906800.49972223
2815.0 60426401.07830205
2825.0 61539199.02137237
2835.0 58933601.322863586
2845.0 56663603.015249446
2855.0 54680402.521478176
2865.0 58695601.00936654
2875.0 56896398.89534953
2885.0 58109200.558276854
2895.0 55583201.42663241
2910.0 61675201.913966335
2930.0 59069597.553293526
2950.0 58799599.91014659
2970.0 59702401.99626389
2990.0 59939999.30591218
3010.0 60736402.14248639
3030.0 59936803.653252296
3050.0 59314002.47494663
3070.0 58687199.48514434
3090.0 59368002.96701104
3110.0 57836001.29763629
3130.0 57517999.31946375
3150.0 58282401.17050572
3170.0 57834402.74465697
3190.0 55562400.30808319
3210.0 56594799.78763192
3230.0 55287601.7659441
3250.0 55888799.78317938
3270.0 55963203.08415971
3290.0 56299204.46765533
3310.0 56393604.6728011
3330.0 55153199.42696459
3350.0 54253600.39829984
3370.0 54153600.11799766
3390.0 53733200.742528304
3410.0 54445602.80341389
3430.0 54247600.15730207
3450.0 53774400.65095387
3470.0 53066400.720332414
3490.0 52762403.16598145
3510.0 53195203.67207565
3530.0 53142804.06184736
3550.0 53074798.83878678
3570.0 52012399.95903706
3590.0 51699204.317746006
3610.0 51472799.54751477
3630.0 51294801.06548366
3640.0 50954802.01451136
3650.0 51738802.095149204
3670.0 51464797.60024765
3690.0 49538001.96306522
3710.0 50371200.951731324
3730.0 51367599.37018826
3750.0 64815200.167419426
3770.0 69671200.17156424
3790.0 88009203.08824684
3810.0 104412003.44218653
3830.0 81246002.44556046
3850.0 115652004.5046444
3870.0 132831999.72387941
3890.0 70070803.18564157
3910.0 131692007.55860268
3930.0 135164002.216909
3950.0 131468007.4200734
3970.0 66618000.88309135
3990.0 125320001.01791663
4010.0 140264010.360139
4030.0 139640000.35956296
4050.0 137940005.32686603
4070.0 131040002.56216735
4090.0 99016395.88022582
4110.0 73940001.97277364
4130.0 122800000.63546535
4150.0 129168001.92193136
4170.0 127844003.08249588
4190.0 126543997.32810214
4210.0 125228005.29007788
4230.0 122511996.19911422
4250.0 121004004.27316886
4270.0 118004004.5032452
4290.0 117087999.45806278
4310.0 109204000.50199579
4330.0 79767999.45869641
4350.0 67236801.07906479
4370.0 105956003.27572455
4390.0 108315999.2851203
4410.0 107932000.09261055
4430.0 107108000.80920975
4450.0 106999999.85929738
4470.0 105584001.77808402
4490.0 103160006.52812722
4510.0 103243999.00405717
4530.0 101352005.33054736
4550.0 98971606.53072667
4570.0 99509602.27534576
4590.0 97401597.62189505
4610.0 97812003.57380646
4630.0 95131603.39378437
4650.0 95268401.96038637
4670.0 93908805.17340805
4690.0 91637604.44886138
4710.0 88709599.05968021
4730.0 90342800.10760128
4750.0 89270003.35943045
4770.0 87998403.0880407
4790.0 86642803.47932112
4810.0 84511201.49108517
4830.0 80157603.88044502
4850.0 60575199.152544774
4870.0 48491600.17954108
4890.0 75106397.33847755
4910.0 79132397.4433255
4930.0 78440402.84936844
4950.0 78563199.12040034
4970.0 78151203.60178725
4990.0 76902808.3969789
5010.0 75015602.5353365
5030.0 74975200.31006907
5050.0 73638004.78218898
5070.0 73582397.30681588
5090.0 72727600.67360176
5110.0 71860400.57844019
5130.0 70961199.81103592
5150.0 69875599.78447552
5170.0 68224804.45865326
5190.0 67620005.30901094
5210.0 67512798.79729986
5230.0 66147998.16151122
5250.0 66249203.85183307
5270.0 64394804.60960945
5290.0 64732800.43672128
5310.0 63448001.09851221
5330.0 62662797.711340435
5350.0 62690003.0396031
5370.0 61768397.24047421
5390.0 61143602.25733328
5410.0 60182002.65032995
5430.0 59715600.52787674
5450.0 59280800.69108105
5470.0 58596802.44556987
5490.0 58022001.098974906
5510.0 57377199.31073879
5530.0 56627199.32988035
5550.0 56200802.295515105
5570.0 55538400.078172214
5590.0 54956797.909291185
5610.0 54451999.97115767
5630.0 53897998.80966749
5650.0 53254002.00319393
5670.0 52671603.34732235
5690.0 52177597.90550392
5710.0 51635998.76247406
5730.0 51150404.404453374
5750.0 50548799.990685865
5770.0 50045603.13068036
5790.0 49482400.32023692
5810.0 48999201.14906413
5830.0 48496800.35205255
5850.0 48003600.51676844
5870.0 47450402.460822456
5890.0 46631200.28696407
5910.0 46515601.16172955
5930.0 46053199.89515738
5950.0 45500001.70315385
5970.0 45088399.871427186
5990.0 44546000.99267501
6010.0 44114402.09362194
6030.0 43741203.06241745
6050.0 43268799.933166355
6070.0 42876400.87314643
6090.0 42433999.70558393
6110.0 42002399.807459556
6130.0 41540800.47153148
6150.0 40728400.66155517
6170.0 40696802.8489506
6190.0 40382798.698061205
6210.0 39981199.18197589
6230.0 39558800.52669705
6250.0 38928801.41686509
6270.0 38824800.75454421
6290.0 38452401.18021857
6310.0 38001602.817227
6330.0 37679199.21126025
6350.0 37005999.74186846
6370.0 36754400.92678393
6390.0 36583601.82283538
6410.0 36163600.799849086
6430.0 35851200.195833504
6450.0 35229602.68645877
6470.0 35078000.796853244
6490.0 34547200.45315425
6510.0 34005600.64474416
6530.0 32797201.012157597
6550.0 28025200.46652119
6570.0 22499600.66294133
6590.0 30762401.26929318
6610.0 32228398.75671065
6630.0 32345201.667753622
6650.0 32192800.23786743
6670.0 31941200.938951492
6690.0 31710401.566342495
6710.0 31458000.260293506
6730.0 31136398.561763212
6750.0 30864802.12950883
6770.0 30623199.232436467
6790.0 30331599.725673195
6810.0 30059998.381619528
6830.0 29768401.491765685
6850.0 29507600.282685433
6870.0 29246802.323522873
6890.0 28994400.3516412
6910.0 28723598.68666847
6930.0 28452801.738935243
6950.0 28211200.320696786
6970.0 27950401.14397714
6990.0 27718799.692661967
7010.0 27397999.844938666
7030.0 27207202.19896135
7050.0 26964798.634315826
7070.0 26743999.715820797
7090.0 26513200.85269276
7110.0 26064801.334943093
7130.0 26010800.970988244
7150.0 25780000.130612023
7170.0 25579199.27512176
7190.0 25348401.019054152
7210.0 25146000.142701104
7230.0 24915199.19414635
7250.0 24674400.926668115
7270.0 24503601.059938025
7290.0 24263601.50331086
7310.0 24062000.988843434
7330.0 23861201.207455955
7350.0 23670400.785449065
7370.0 23478801.27750884
7390.0 23267998.656607542
7410.0 23047200.870655145
7430.0 22796399.272226535
7450.0 22635600.583978426
7470.0 22375600.133954957
7490.0 22244001.34315781
7510.0 22083201.848650694
7530.0 21922400.9113029
7550.0 21750799.4036719
7570.0 21569999.842719745
7590.0 21389200.310535524
7610.0 21218399.68178499
7630.0 21037599.35971606
7650.0 20856800.840340547
7670.0 20666799.015313376
7690.0 20506000.05532599
7710.0 20334399.77582925
7730.0 20184399.66237554
7750.0 20022800.783084158
7770.0 19481201.166385148
7790.0 19701200.630808063
7810.0 19541200.628048856
7830.0 19360401.362685323
7850.0 19180399.88573223
7870.0 18978801.36059475
7890.0 18787999.855494477
7910.0 18718000.15248344
7930.0 18588001.006596655
7950.0 18366400.960400485
7970.0 18315599.64906018
7990.0 17994000.151248347
8010.0 18023999.72307445
8030.0 17874000.58934607
8050.0 17743201.37047463
8070.0 17592401.012408964
8090.0 17452400.32989782
8110.0 17321600.259086806
8130.0 17190800.464125555
8150.0 17060000.728586894
8170.0 16929200.143080365
8190.0 16699201.225472601
8210.0 16619200.127734568
8230.0 16478400.928701123
8250.0 16389200.120514495
8270.0 16377600.803634353
8290.0 16246799.724249983
8310.0 16136800.668365486
8330.0 15937599.940797793
8350.0 15896000.705484167
8370.0 15785200.82415859
8390.0 15635200.017988643
8410.0 15493599.763494676
8430.0 15353600.40407329
8450.0 15052799.983076803
8470.0 14901200.068101503
8490.0 15042000.308041476
8510.0 14350400.746171394
8530.0 14961200.013533644
8550.0 13538800.67142699
8570.0 15032799.99295627
8590.0 13918000.308545258
8610.0 13576400.06403191
8630.0 15112800.80914112
8650.0 14380400.142517
8670.0 11933200.799896779
8690.0 14633600.138857003
8710.0 15296000.611815428
8730.0 14532800.726055972
8750.0 11360799.55809177
8770.0 13728800.06238647
8790.0 15214400.422187509
8810.0 15365200.54630038
8830.0 14825199.915793343
8850.0 12906399.543478686
8870.0 10898400.076731559
8890.0 13960400.135718819
8910.0 14782000.929779217
8930.0 14911200.268695451
8950.0 14920400.877664452
8970.0 14580400.239355862
8990.0 13638800.186787913
9010.0 10648400.180643007
9030.0 11660800.533584826
9050.0 13668800.709915888
9070.0 13938799.966550857
9090.0 13917999.343669085
9110.0 14096400.855173698
9130.0 14065599.590869885
9150.0 13965600.860221295
9170.0 13734799.851135261
9190.0 13255600.365837328
9210.0 12043199.73011828
9230.0 9299720.052704625
9250.0 11520800.296208931
9270.0 12553200.398736902
9290.0 13123199.623092907
9310.0 13171600.385593837
9330.0 13111599.471597884
9350.0 13050800.306897242
9370.0 12970800.799332319
9390.0 12810000.441104777
9410.0 12560800.1637983
9430.0 12639999.342493838
9450.0 12549199.99161658
9470.0 12409199.74122269
9490.0 12199200.242572222
9510.0 11750000.12343928
9530.0 10506000.164014142
9550.0 8408800.354826773
9570.0 10616799.446291238
9590.0 11507600.472550808
9610.0 11667600.379002651
9630.0 11566799.781824512
9650.0 11676800.491552014
9670.0 11536000.523055024
9690.0 11526000.811003359
9710.0 11505199.980717713
9730.0 11424399.928945642
9750.0 11334400.79679462
9770.0 11273600.64207781
9790.0 11192800.44094684
9810.0 11103599.994465867
9830.0 11012800.239712637
9850.0 10922800.016157286
9870.0 10842799.726223048
9890.0 10712000.019689806
9910.0 10672800.768751593
9930.0 10582000.473051945
9950.0 10501999.971629156
9970.0 10401200.125422824
9990.0 10232000.25149451
10025.0 9114599.84727422
10075.0 8629160.218812015
10125.0 9748680.545119187
10175.0 9739719.613890594
10225.0 9618000.213508252
10275.0 9462200.134372236
10325.0 9295800.183737656
10375.0 9143160.03473418
10425.0 8992680.477875583
10475.0 8802760.580542658
10525.0 8669880.1532092
10575.0 8540320.317691727
10625.0 8406919.990325449
10675.0 8167999.9942678865
10725.0 8095120.392859405
10775.0 7974880.215041344
10825.0 7822400.113163873
10875.0 7572320.168773756
10925.0 6291599.881155481
10975.0 6886039.8248820575
11025.0 7306719.694178537
11075.0 7256920.1265179
11125.0 7160680.093301578
11175.0 7054280.3233730085
11225.0 6947720.18440463
11275.0 6761719.788140671
11325.0 6665480.0228219265
11375.0 6617000.033028108
11425.0 6508760.1767883
11475.0 6430120.32132109
11525.0 6333800.1263140375
11575.0 6236479.864995172
11625.0 6110560.2043151
11675.0 5994480.188506891
11725.0 5960600.024159399
11775.0 5804760.063105509
11825.0 5755280.053261957
11875.0 5658280.176469947
11925.0 5616480.165097557
11975.0 5509560.114967224
12025.0 5445160.1429562215
12075.0 5358000.032943553
12125.0 5283680.126944284
12175.0 5214360.092695689
12225.0 5137119.801869296
12275.0 5057039.988529267
12325.0 4986799.982320652
12375.0 4919479.990813413
12425.0 4855240.255906966
12475.0 4773000.243599024
12525.0 4714920.19462528
12575.0 4629839.989139861
12625.0 4570760.203790386
12675.0 4506359.972219366
12725.0 4417280.260781123
12775.0 4197200.316033891
12825.0 3582079.9703282914
12875.0 4127880.314058689
12925.0 4184559.964377715
12975.0 4148320.1260683057
13025.0 4103160.116835801
13075.0 4049920.159316601
13125.0 3994680.1815073555
13175.0 3930600.106289265
13225.0 3888360.184180967
13275.0 3836280.1289114407
13325.0 3785120.034923522
13375.0 3734960.184797143
13425.0 3684800.224837916
13475.0 3635639.814094687
13525.0 3582560.1937683225
13575.0 3537480.210290409
13625.0 3493320.1638814025
13675.0 3445239.9047023486
13725.0 3391240.1437683012
13775.0 3358000.03779313
13825.0 3314919.928478295
13875.0 3274759.9681458245
13925.0 3228680.04561466
13975.0 3190440.077590046
14025.0 3150360.037171229
14075.0 3111200.1353476136
14125.0 3070200.1710991613
14175.0 3032039.8573597926
14225.0 2993959.8988083326
14275.0 2955880.048528554
14325.0 2918800.202302802
14375.0 2883639.9913436244
14425.0 2822800.2270180285
14475.0 2811479.981782274
14525.0 2765479.900921373
14570.0 2746320.0253175367
14620.0 2711320.1063793874
14675.0 2680160.0342630097
14725.0 2647080.102459183
14775.0 2609080.051012082
14825.0 2583000.1304395446
14875.0 2546000.010441095
14925.0 2526760.0222132946
14975.0 2493680.0732267876
15025.0 2460680.075013094
15075.0 2432600.047459019
15125.0 2407440.0141536132
15175.0 2378360.0348910266
15225.0 2351279.931536677
15275.0 2319199.9948058072
15325.0 2289199.8804619424
15375.0 2267120.113950658
15425.0 2223040.1258666934
15475.0 2211959.9792905916
15525.0 2184880.024668606
15575.0 2126720.008313267
15625.0 2156880.0078144115
15675.0 2087719.9724183988
15725.0 2034560.0995566389
15775.0 2090720.052375894
15825.0 2062640.086190571
15875.0 1899320.0370943327
15925.0 1985399.9555092524
15975.0 2018480.0526197674
16050.0 1947400.0348718036
16150.0 1832159.9900080499
16250.0 1920240.1320619525
16350.0 1814159.9559399518
16450.0 1699920.002175459
16550.0 1805920.0643897636
16650.0 1769760.0079286506
16750.0 1656680.0719622285
16850.0 1548600.0200822644
16950.0 1654520.0378395598
17050.0 1625440.0446793858
17150.0 1591279.936977065
17250.0 1540360.0215743063
17350.0 1357200.0064440842
17450.0 1453200.031579975
17550.0 1456040.0417980896
17650.0 1429040.033446172
17750.0 1401960.0101034215
17850.0 1372800.1031030926
17950.0 1343800.092871653
18050.0 1303720.0809084948
18150.0 1161639.9890056972
18250.0 1217639.983971627
18350.0 1233560.0623629629
18450.0 1212560.0330625277
18550.0 1185479.9955108238
18650.0 1151400.0807548277
18750.0 1022400.0262096153
18850.0 1100400.0870466507
18950.0 1094240.0144036391
19050.0 1078159.9477786378
19150.0 1057159.9794307544
19250.0 1033160.0211024146
19350.0 1000080.0687975048
19450.0 889516.0116210786
19550.0 962116.0169485802
19650.0 957560.0565164386
19750.0 941504.0217735714
19850.0 924455.9971437743
19950.0 907216.0051390252
20050.0 890476.0270001879
20150.0 874044.0077906346
20250.0 857811.9987383597
20350.0 841980.0120994913
20450.0 826939.9829658455
20550.0 811908.006452085
20650.0 796883.9999464442
20750.0 782652.0180418305
20850.0 768820.0336842474
20950.0 754996.0479129893
21050.0 741471.9786815239
21150.0 727547.9881899888
21250.0 714724.011159937
21350.0 702199.9927873963
21450.0 688884.0271584087
21550.0 669460.0234898862
21650.0 599919.9805926678
21750.0 640819.9928325497
21850.0 641972.0080834932
21950.0 633539.9888988878
22050.0 622523.9987806896
22150.0 611608.0058588978
22250.0 601976.0169982468
22350.0 591860.0145986796
22450.0 582036.0094798851
22550.0 572019.9836828001
22650.0 562795.98219996
22750.0 553572.0191868702
22850.0 544664.0235360574
22950.0 535748.0230553986
23050.0 527324.0418070166
23150.0 518808.0326846049
23250.0 510491.9704098382
23350.0 502376.0151071159
23450.0 494452.01130986935
23550.0 486636.00066924404
23650.0 478928.0020607543
23750.0 471412.0312077991
23850.0 463995.99147869134
23950.0 456688.0164162246
24050.0 449464.0014019491
24150.0 442448.02366781054
24250.0 435640.0033306064
24350.0 428823.9951926954
24450.0 421916.0069837929
24550.0 415699.99723025196
24650.0 408783.98549484176
24750.0 402576.02425268333
24850.0 397268.0109183714
24950.0 388144.0103497468
25050.0 385744.0044491153
25150.0 380027.9831544537
25250.0 368804.0122755012
25350.0 368211.98500038584
25450.0 364496.0196664435
25550.0 356887.98160872975
25650.0 343556.0124052455
25750.0 347263.995151095
25850.0 343955.98474729224
25950.0 338748.0319712201
26050.0 328532.00240818795
26150.0 312516.0061079918
26250.0 293716.0001349328
26350.0 313316.016397859
26450.0 315108.0066257999
26550.0 311192.0020788009
26650.0 303291.98620115704
26750.0 283059.99066494766
26850.0 294860.0159631209
26950.0 294852.0009602708
27050.0 291352.022582512
27150.0 287635.99703832716
27250.0 283536.0112446997
27350.0 279220.01319867565
27450.0 272920.0020095994
27550.0 252804.0010865993
27650.0 258003.9959910779
27750.0 263195.9976892054
27850.0 260988.00297480714
27950.0 257980.01121778155
28050.0 254472.01733917193
28150.0 250963.99113410764
28250.0 247656.00518697704
28350.0 244347.99662720185
28450.0 240456.0120256114
28550.0 236239.99054754354
28650.0 227140.0033684602
28750.0 212224.006306147
28850.0 224924.00422201017
28950.0 224416.00341518922
29050.0 222407.99883061208
29150.0 219408.00445031284
29250.0 216700.00779406202
29350.0 213892.01248675628
29450.0 211183.9944259976
29550.0 208475.99990552836
29650.0 205776.0075123912
29750.0 203076.01850269845
29850.0 200468.005500179
29950.0 197960.01175856704
30050.0 195359.99988644928
30150.0 192259.9887803513
30250.0 188352.00113938318
30350.0 174944.00303295493
30450.0 176536.00719386147
30550.0 181836.00077086012
30650.0 180636.0038327221
30750.0 178827.99850343674
30850.0 176528.00288339506
30950.0 174420.00766292555
31050.0 172311.99928391568
31150.0 170111.9932281283
31250.0 168104.00311747481
31350.0 166004.00378696434
31450.0 163995.99927282037
31550.0 162096.0066069383
31650.0 160096.0085309289
31750.0 158187.99975777182
31850.0 156288.0033335654
31950.0 154380.00288140296
32100.0 151672.00172715983
32300.0 148072.01005082647
32500.0 144656.01159648964
32700.0 140756.00770575373
32900.0 130148.00042064229
33100.0 131939.99573499343
33300.0 131139.9945962548
33500.0 128332.00530421571
33700.0 125331.99852584835
33900.0 122624.0038549669
34100.0 119916.00447176721
34300.0 117307.9975594112
34500.0 114708.00375725124
34700.0 112200.00547546601
34900.0 109791.99757360146
35100.0 107391.99790588091
35300.0 105084.00278699287
35500.0 102783.99582385027
35700.0 100584.0074095676
35900.0 98466.8022417108
36100.0 96322.80099562192
36300.0 94358.80336491729
36500.0 92265.59780462367
36700.0 90472.40288552278
36900.0 88279.2034668715
37100.0 86575.19652998315
37300.0 82493.60343602675
37500.0 79848.80278348808
37700.0 81406.40168679765
37900.0 79993.19998765437
38100.0 77889.19988040536
38300.0 76425.9971895766
38500.0 75384.40376539984
38700.0 73882.00257800899
38900.0 72178.80160364282
39100.0 69814.80345252188
39300.0 69563.20070355092
39500.0 68350.80271560089
39700.0 67058.40424925186
39900.0 65656.79870603197
40100.0 63503.59870913018
40300.0 61901.201673517025
40500.0 59019.60120003186
40700.0 60548.002052173986
40900.0 59755.60277249034
41100.0 58765.60440682469
41300.0 57592.400360560045
41500.0 56219.99917010461
41700.0 53295.99949447245
41900.0 54096.000242349764
42100.0 53494.39991250244
42300.0 52592.00146474426
42500.0 51640.399582836995
42700.0 50698.79992978488
42900.0 49787.201050091084
43100.0 48895.60028849848
43300.0 48023.200503493834
43500.0 46952.402738386896
43700.0 44400.7988707202
43900.0 44670.00177335964
44100.0 44627.60123006746
44300.0 43936.80157790047
44500.0 43175.1995177651
44700.0 42494.400908881726
44900.0 41692.00140570047
45100.0 40981.20169093427
45300.0 40270.39993908572
45500.0 39588.80140815
45700.0 38908.00284835589
45900.0 38236.397953086765
46100.0 37565.59872254531
46300.0 36744.80181032564
46500.0 34353.19965768681
46700.0 33841.59978797771
46900.0 34731.60199253728
47100.0 34530.00152343041
47300.0 34019.1991898127
47500.0 33478.39865424436
47700.0 32946.79937836464
47900.0 32416.801699754385
48100.0 31905.19966606047
48300.0 31393.5991532938
48500.0 30892.799928580003
48700.0 30402.000521101316
48900.0 29912.000026585425
49100.0 29441.198791994673
49300.0 28980.399446960822
49500.0 28528.799515430335
49700.0 28077.999613102864
49900.0 27647.201741792443
50100.0 27216.40064727171
50300.0 26785.599760388963
50500.0 26375.60032648253
50700.0 25964.80101233726
50900.0 25514.001442265373
51100.0 24913.200210943483
51300.0 23492.40002247841
51500.0 24232.399382551463
51700.0 24000.80133342696
51900.0 23700.80154991713
52100.0 23370.000191850842
52300.0 23019.198743056586
52500.0 22648.401509250925
52700.0 22288.399406213954
52900.0 22008.39981886615
53100.0 21706.800386183666
53300.0 21386.799204689243
53500.0 21066.00144759479
53700.0 20685.99975653858
53900.0 20394.400193347374
54100.0 20164.39906510686
54300.0 19914.401005000764
54500.0 19643.600958649517
54700.0 19362.79971618177
54900.0 19042.80040254471
55100.0 18712.00026327855
55300.0 18361.200529545786
55500.0 18231.200459682186
55700.0 18021.20038927532
55900.0 17780.40063681132
56100.0 17539.59975917473
56300.0 17299.600584086023
56500.0 17058.800207134616
56700.0 16808.799631529902
56900.0 16508.799792385482
57100.0 16088.000096810028
57300.0 16047.199925265006
57500.0 15897.200208590408
57700.0 15716.399998935574
57900.0 15496.40015094689
58100.0 15295.600168308158
58300.0 15075.600204494574
58500.0 14855.60085997387
58700.0 14634.799346144957
58900.0 14294.799955471493
59100.0 13504.00067458731
59300.0 13943.99984267186
59500.0 13593.99964870761
59700.0 13553.199711040794
59900.0 13523.199407864737
60100.0 13372.400089303546
60300.0 13202.399909486448
60500.0 13041.600983473845
60700.0 12871.60037176514
60900.0 12711.599766389198
61100.0 12550.799383810941
61300.0 12390.800469113346
61500.0 12230.800447401425
61700.0 12080.000879888748
61900.0 11920.800522373629
62100.0 11769.999688491136
62300.0 11620.000329852855
62500.0 11459.200095073344
62700.0 11249.20061561933
62900.0 10788.400600988227
63100.0 10929.199996399551
63300.0 10898.399999216994
63500.0 10778.400907766025
63700.0 10657.599994491144
63900.0 10527.599877961917
64200.0 10347.599721430368
64600.0 10106.800577754526
65000.0 9861.399773344969
65400.0 9628.23998644444
65800.0 9397.920311143795
66200.0 9174.60022824179
66600.0 8957.120645696117
67000.0 8733.87976838261
67400.0 8484.400575824953
67800.0 8104.919991192472
68200.0 8131.680578068977
68600.0 7969.360337901549
69000.0 7796.120135555621
69400.0 7608.720002850063
69800.0 7448.639894595187
70200.0 7285.239965096483
70600.0 7119.919846155542
71000.0 6952.6002119395425
71400.0 6814.360006525044
71800.0 6667.120254328467
72200.0 6520.880111563628
72600.0 6361.719957777231
73000.0 6236.399768947874
73400.0 6112.159916862404
73800.0 5974.000101277668
74200.0 5821.840272700489
74600.0 5513.519940737836
75000.0 5332.2000178834005
75400.0 5437.200206192556
75800.0 5365.960325930093
76200.0 5261.800110904162
76600.0 5156.559829723907
77000.0 5051.400163651513
77400.0 4945.240215348632
77800.0 4820.999880161513
78200.0 4748.9200452725
78600.0 4665.840092728803
79000.0 4575.599928361079
79400.0 4485.440188245561
79800.0 4397.279968415635
80200.0 4311.200095183253
80600.0 4227.960086638053
81000.0 4137.88019827883
81400.0 4024.720257578521
81800.0 3963.639857704281
82200.0 3908.4799604217746
82600.0 3838.4000459520075
83000.0 3766.2400887988542
83400.0 3695.080044542198
83800.0 3625.0800096076186
84200.0 3557.919929406693
84600.0 3492.7599338065847
85000.0 3428.6001549309904
85400.0 3365.5200492943986
85800.0 3302.4398901873565
86200.0 3232.3599874557726
86600.0 3125.2000601112795
87000.0 3107.199780359034
87400.0 3002.0398899216975
87800.0 2948.960068376941
88200.0 2955.8800834332233
88600.0 2909.800201970627
89000.0 2858.7201381492546
89400.0 2808.639962612209
89800.0 2759.5600522519817
90200.0 2711.4799070609556
90600.0 2664.3999587368835
91000.0 2618.320068845217
91400.0 2573.2400173627484
91800.0 2529.160155034782
92200.0 2485.1599286705464
92600.0 2438.0800061782584
93000.0 2397.920076366543
93400.0 2353.8400669950743
93800.0 2266.7600739915656
94200.0 2260.760038956347
94600.0 2239.679974365572
95000.0 2203.6001058778484
95400.0 2167.60004371481
95800.0 2136.52007311907
96200.0 2102.440119031212
96600.0 2067.439960922112
97000.0 2034.3601125712644
97400.0 2001.2800068131578
97800.0 1969.2000149406786
98200.0 1934.199998493553
98600.0 1901.1200640230004
99000.0 1876.1200223063045
99400.0 1847.0400348129301
99800.0 1817.959988410562
100200.0 1788.960085247221
200000.0 114.37600324107656
400000.0 7.097960369021809
600000.0 1.3881600748321272
800000.0 0.4353640166229818
1000000.0 0.1769720067436865
1200000.0 0.0848096040180957
1400000.0 0.045519597566018526
1600000.0 0.02655080038031048
