wave flux
90.9000015258789 0.0
93.5 0.0
96.0999984741211 0.0
97.69999694824219 0.0
99.5999984741211 0.0
102.0 0.0
103.80000305175781 0.0
105.5999984741211 0.0
107.69999694824219 0.0
110.4000015258789 0.0
114.0 0.0
117.80000305175781 0.0
121.30000305175781 0.0
124.80000305175781 0.0
127.0999984741211 0.0
128.39999389648438 0.0
130.5 0.0
132.39999389648438 0.0
133.89999389648438 0.0
136.60000610351562 0.0
139.8000030517578 0.0
143.3000030517578 0.0
147.1999969482422 0.0
151.0 0.0
155.1999969482422 0.0
158.8000030517578 0.0
162.0 0.0
166.0 0.0
170.3000030517578 0.0
173.39999389648438 0.0
176.8000030517578 0.0
180.1999969482422 0.0
181.6999969482422 0.0
186.10000610351562 0.0
191.0 0.0
193.89999389648438 0.0
198.39999389648438 0.0
201.8000030517578 0.0
205.0 0.0
210.5 0.0
216.1999969482422 0.0
219.8000030517578 0.0
223.0 0.0
226.8000030517578 0.0
230.0 0.0
234.0 0.0
240.0 0.0
246.5 0.0
252.39999389648438 0.0
256.79998779296875 0.0
260.0 0.0
264.0 0.0
268.5 0.0
273.5 0.0
278.5 0.0
284.0 0.0
290.0 2.4591600838911006e-23
296.0 1.3956399867101938e-22
301.0 4.973352023090504e-22
308.0 2.677183873357677e-21
318.0 2.5929359024886735e-20
328.0 2.201584147399118e-19
338.0 1.6525600837800376e-18
348.0 1.1130080795460677e-17
357.0 5.722920485577308e-17
366.0 2.700207880618301e-16
375.0 1.1822080588304878e-15
385.0 5.649304670227549e-15
395.0 2.4919438322246436e-14
405.0 1.0268000722360557e-13
414.0 3.4656399048067306e-13
422.0 9.784399808158774e-13
430.0 2.6468402042582072e-12
441.0 9.918800496003726e-12
451.0 3.103271891731101e-11
460.0 8.309120034518489e-11
470.0 2.3733442497625326e-10
480.0 6.491800369650606e-10
490.0 1.7045680402278982e-09
500.0 4.303560237407076e-09
506.0 1.5870000673689652e-08
512.0 3.2490321763452985e-08
520.0 6.191719923862128e-08
530.0 1.3567439569606196e-07
540.0 2.8473921820270437e-07
550.0 5.950280174890512e-07
560.0 1.1969921172127832e-06
570.0 2.3503757605587158e-06
580.0 4.431680342139148e-06
590.0 8.424559965146074e-06
600.0 1.5450560407865864e-05
610.0 2.7860880765798616e-05
620.0 4.914560194626189e-05
630.0 8.51600033276058e-05
640.0 0.00014459600186242285
650.0 0.00024285361442431092
658.0 0.0003627880096249251
665.0 0.0005104719635557408
675.0 0.0008220479978586067
685.0 0.0013059520713470307
695.0 0.0020497519898450903
705.0 0.003163360126085392
716.0 0.00504396001219152
726.0 0.007603399834963745
735.0 0.010886000934190081
745.0 0.016057439895132135
755.0 0.023434080697396362
765.0 0.033835198904377875
775.0 0.04841279778278651
785.0 0.06859799845293924
795.0 0.09587519904974455
805.0 0.1336560058227888
815.0 0.18459362218521358
825.0 0.2524200089997031
835.0 0.34135999646929643
845.0 0.4615720313231704
855.0 0.6169600198472538
865.0 0.8191719877591177
875.0 1.0783840713071788
885.0 1.4136319221671365
895.0 1.839767893662585
905.0 2.3676000176759016
915.0 255.02000203484135
925.0 1790.120035787433
935.0 2476.56008277944
945.0 3678.880052319073
955.0 5867.160048909024
965.0 7567.360296328532
975.0 6894.720171891316
985.0 10140.239925786509
995.0 10642.240156945705
1005.0 13549.520337464579
1015.0 15702.56068352203
1025.0 13758.480074070989
1035.0 19803.52064222139
1045.0 25731.6000361982
1055.0 30699.601855357116
1065.0 32142.400506630776
1075.0 38536.80115831906
1085.0 44066.00059297131
1095.0 46382.003304468744
1105.0 320908.0019050879
1115.0 3403479.967905201
1125.0 4252839.949264922
1135.0 6629999.799783204
1145.0 6031920.094026182
1155.0 7236359.7908186475
1165.0 7766240.569297301
1175.0 5963239.919235774
1185.0 5051159.9344705595
1195.0 89617.60574900429
1205.0 95597.20307993531
1215.0 17468.88075298263
1225.0 96154.4037633793
1235.0 390927.99180376093
1245.0 7905000.113000421
1255.0 21438799.379697163
1265.0 12011200.633536542
1275.0 38734800.67451001
1285.0 56075600.69891468
1295.0 41306800.49391623
1305.0 14919200.046529828
1315.0 48694000.00584342
1325.0 64125604.13177771
1335.0 42858000.0010687
1345.0 77460001.41542147
1355.0 76659604.68774445
1365.0 61179197.0424098
1375.0 72207606.72739711
1385.0 74550405.03388241
1395.0 77669601.1586011
1405.0 79401600.10023627
1415.0 71924398.6092062
1425.0 83770003.0129933
1435.0 75023201.34557205
1442.0 85254398.45898384
1447.0 95960001.82830338
1455.0 93175199.27426977
1465.0 84577601.63938774
1475.0 79791202.35453217
1485.0 91393999.7982189
1495.0 98821596.91365413
1505.0 99159998.74366714
1512.0 84400800.7889789
1517.0 96182007.84718253
1525.0 83807602.7108371
1535.0 74319600.69957046
1545.0 99025601.37642445
1555.0 83514798.49623433
1565.0 77055999.25688384
1575.0 81316801.21259592
1585.0 93733199.60585077
1595.0 102063198.6186646
1605.0 92331199.14089538
1615.0 92432005.87256357
1625.0 82470401.24417324
1635.0 87546002.6157672
1645.0 91686401.90893757
1655.0 79476402.72962302
1665.0 89228002.9290256
1672.0 45616003.78041597
1677.0 86521202.34628813
1685.0 100558401.0528772
1695.0 95298398.59200874
1705.0 85589601.1248385
1715.0 82060000.26017964
1725.0 81789199.30774783
1735.0 90397602.6346279
1745.0 88643603.33801699
1755.0 103187994.09850939
1765.0 83978403.43829261
1775.0 94860003.54795153
1785.0 92033597.55627708
1795.0 109218402.93591554
1805.0 103268795.21764071
1815.0 101928803.13427337
1825.0 97537601.56323637
1835.0 92546402.24814162
1845.0 84618403.41210707
1855.0 85931202.52480505
1865.0 87818799.27061473
1875.0 98134393.98667099
1885.0 93759202.9303335
1895.0 91981201.11555158
1905.0 89050001.3620499
1915.0 91715205.19412199
1925.0 94411204.47157618
1935.0 94382400.32615967
1945.0 97830800.66072868
1955.0 95461598.1767112
1967.0 103513605.45643981
1976.0 104862403.11695556
1984.0 99062405.20248374
1995.0 94545601.17099458
2005.0 96254401.09689383
2015.0 88468403.53998423
2025.0 93520393.26934339
2035.0 91750405.27518614
2045.0 97608801.54422607
2055.0 89728399.0727732
2065.0 88755204.91200295
2074.0 98061604.49650373
2078.0 98263997.80130675
2085.0 97604399.82514675
2095.0 92961198.88157788
2105.0 89942798.00300649
2115.0 89408398.61442538
2125.0 91874799.45601486
2135.0 75615998.71637598
2145.0 85006795.27754113
2155.0 89772794.69630533
2165.0 84294399.78756085
2175.0 82242803.47519197
2185.0 80878001.72068503
2195.0 87952408.28654493
2205.0 83233603.98563723
2215.0 74171199.61773817
2225.0 70340800.89371195
2235.0 80892398.31636643
2245.0 72016401.89501147
2255.0 68488400.78806342
2265.0 72010405.03444839
2275.0 76550799.21487963
2285.0 79610801.47432062
2295.0 75122800.32322483
2305.0 71126001.67327069
2315.0 66498798.43509165
2325.0 65931204.297581196
2335.0 58460796.15288544
2345.0 53248000.688677676
2355.0 65583602.04155477
2365.0 53100002.31554331
2375.0 59195603.26406484
2385.0 48536802.89789082
2395.0 56814800.71883329
2405.0 52729599.59729156
2415.0 56446397.96913918
2425.0 63872799.99367429
2435.0 60710799.48303232
2445.0 66389598.85766167
2455.0 63442796.81502565
2465.0 62851202.54263833
2475.0 60300401.531133376
2485.0 65084401.94530435
2495.0 62266799.61414205
2505.0 70840401.6555793
2513.0 60457997.761627294
2518.0 63803600.43692197
2525.0 57390005.47336721
2535.0 57726001.33836536
2545.0 57175598.70894201
2555.0 62087603.85476587
2565.0 59892796.94687456
2575.0 66275203.24423156
2585.0 64254398.77313083
2595.0 61460004.59151588
2605.0 57771202.21868593
2615.0 57104402.691893436
2625.0 62926000.91326155
2635.0 63880401.950532176
2645.0 74523596.0988543
2655.0 72939202.2195023
2665.0 64438801.47437971
2675.0 68842402.70582496
2685.0 66293202.782799326
2695.0 64564002.67536603
2705.0 67328402.53943199
2715.0 63053600.468813725
2725.0 64356002.42915946
2735.0 70349195.46702531
2745.0 55136396.81803932
2755.0 56297998.36728404
2765.0 58795205.014061846
2775.0 65626002.005156115
2785.0 64396400.111306585
2795.0 44524800.361211896
2805.0 52133200.676191054
2815.0 66913602.65943297
2825.0 69542801.20504318
2835.0 64977198.857247025
2845.0 62586001.61968423
2855.0 60546403.82740386
2865.0 65849600.65822611
2875.0 63038004.40009839
2885.0 64402799.435164265
2895.0 60600801.274920665
2910.0 69364406.16883412
2930.0 66077600.4674032
2950.0 65860800.998636596
2970.0 67383601.11020392
2990.0 67941999.24228568
3010.0 69734001.16081268
3030.0 68395598.43360354
3050.0 67134804.27818634
3070.0 66218404.22770211
3090.0 67618000.71820001
3110.0 65130797.80639623
3130.0 64413597.25814679
3150.0 65713997.4639789
3170.0 64933198.428396545
3190.0 62300403.58167579
3210.0 63817599.55448217
3230.0 62382798.452885255
3250.0 62778400.00199128
3270.0 62571603.14515515
3290.0 62966398.63843569
3310.0 63130400.97457301
3330.0 61538798.78429149
3350.0 60539999.09770452
3370.0 60405600.74072189
3390.0 59781598.912749715
3410.0 60932803.74789589
3430.0 60573997.43126126
3450.0 60119600.901348546
3470.0 59014799.65705916
3490.0 58531201.27977497
3510.0 59151202.68804775
3530.0 59372002.13470126
3550.0 59199199.117382325
3570.0 58097999.18360719
3590.0 57715999.381121926
3610.0 57375599.24069735
3630.0 56925202.460919045
3640.0 56593597.616354905
3650.0 58025998.3342817
3670.0 56643598.33235383
3690.0 58250797.69833049
3710.0 74002798.45083791
3730.0 96004397.34904672
3750.0 127136007.77170432
3770.0 126359994.30988923
3790.0 138408000.6018199
3810.0 149484002.83925167
3830.0 125907995.291438
3850.0 150524007.94662842
3870.0 152747993.2496392
3890.0 121332006.83459364
3910.0 148164007.68058094
3930.0 145232000.93260968
3950.0 147188002.47291553
3970.0 113272001.30431199
3990.0 143712005.49217883
4010.0 141528000.04598868
4030.0 139044005.43858638
4050.0 138536005.09002978
4070.0 135643999.8949102
4090.0 130836002.36551575
4110.0 108859994.22052105
4130.0 129684000.05177593
4150.0 130491997.18502142
4170.0 127391993.82468314
4190.0 126600008.65353164
4210.0 125408002.32841566
4230.0 123416000.55707437
4250.0 121215995.34255612
4270.0 119624000.84671485
4290.0 118832001.06523325
4310.0 115624001.26287283
4330.0 108415999.87245587
4350.0 95215997.72419219
4370.0 113256006.21885628
4390.0 110279997.96632855
4410.0 109863996.47883177
4430.0 109088003.54610837
4450.0 107796005.4941264
4470.0 106204003.50069696
4490.0 103913600.5947624
4510.0 103523206.53246039
4530.0 102017598.23156601
4550.0 99320405.95609385
4570.0 100232004.1427662
4590.0 97690799.85304816
4610.0 98776398.48390268
4630.0 95546797.04667854
4650.0 96366800.96547465
4670.0 94744000.71417803
4690.0 93904003.12630121
4710.0 91606394.7843461
4730.0 91700802.83463943
4750.0 90698004.9767289
4770.0 89946400.38807124
4790.0 88862802.19527245
4810.0 87507595.75278549
4830.0 86011605.29014356
4850.0 80553198.25678326
4870.0 68259201.92416222
4890.0 83262807.63362207
4910.0 82551604.00657332
4930.0 80868804.49417181
4950.0 80661198.72590995
4970.0 79986799.60104565
4990.0 78720002.69861156
5010.0 76569599.80535825
5030.0 76392001.87859242
5050.0 75111599.17451356
5070.0 74979999.43154627
5090.0 74164001.43161511
5110.0 73080404.34067725
5130.0 72488798.21751441
5150.0 71206801.82624942
5170.0 70046004.9565251
5190.0 69487602.47544749
5210.0 68899600.51253006
5230.0 67578803.74715334
5250.0 67582797.27251285
5270.0 66015203.48109607
5290.0 66337605.41190726
5310.0 64763200.3094809
5330.0 64660802.60041833
5350.0 64389602.018505126
5370.0 63551204.727681376
5390.0 62883600.93490383
5410.0 61997602.414421104
5430.0 61340799.862323
5450.0 60985600.681678735
5470.0 60237999.22455287
5490.0 59671203.86934948
5510.0 58884399.34553909
5530.0 58364400.20636743
5550.0 57899201.55556272
5570.0 57251599.123516396
5590.0 56704800.767845035
5610.0 56237199.88422971
5630.0 55619600.717390575
5650.0 54794398.777087465
5670.0 54346002.20968841
5690.0 53897599.10823248
5710.0 53360801.39437249
5730.0 52812401.74363893
5750.0 52235602.5022683
5770.0 51718001.76565085
5790.0 51071201.16350078
5810.0 50603598.35619141
5830.0 50075199.2052443
5850.0 49618400.0267462
5870.0 48913999.8232741
5890.0 48381602.70248831
5910.0 48084799.44402273
5930.0 47656397.57716554
5950.0 46921200.450457126
5970.0 46602799.79739932
5990.0 46004403.535842836
6010.0 45735200.8581109
6030.0 45297600.755492136
6050.0 44790002.03555984
6070.0 44362400.53361997
6090.0 43914002.40757401
6110.0 43495600.67217788
6130.0 43048002.0073486
6150.0 42180401.33460273
6170.0 42212001.05476329
6190.0 41823599.29566636
6210.0 41425999.37994358
6230.0 40958402.43735469
6250.0 40180800.48092628
6270.0 40240800.74176104
6290.0 39823999.64371641
6310.0 39315601.58063106
6330.0 39047202.475019515
6350.0 38251200.1482475
6370.0 37992800.70555106
6390.0 37892802.732458554
6410.0 37474399.88856486
6430.0 37185201.0215709
6450.0 36586800.47165634
6470.0 36538400.04540361
6490.0 36030801.02636879
6510.0 35682399.648510374
6530.0 35273202.30798388
6550.0 33428401.132251
6570.0 27696399.587958187
6590.0 34126399.458325155
6610.0 34098000.620446905
6630.0 33831200.70300362
6650.0 33552801.427809734
6670.0 33195202.402684174
6690.0 32906002.01066408
6710.0 32637601.3340171
6730.0 32298402.030911177
6750.0 32030001.445843745
6770.0 31750801.027330384
6790.0 31443200.69134462
6810.0 31164000.40460175
6830.0 30845600.042611346
6850.0 30586399.324848842
6870.0 30308001.024998624
6890.0 30048801.83253993
6910.0 29760400.373929575
6930.0 29472002.21946174
6950.0 29242801.36669043
6970.0 28974400.114498038
6990.0 28735200.469131492
7010.0 28426002.98180482
7030.0 28227599.338820387
7050.0 27919201.0846644
7070.0 27690800.50727332
7090.0 27490799.856907677
7110.0 27171600.03780802
7130.0 26973200.464775726
7150.0 26754002.227590274
7170.0 26524799.950592063
7190.0 26286400.715692066
7210.0 26067200.171697184
7230.0 25788799.672386706
7250.0 25589599.196146492
7270.0 25390399.347184822
7290.0 25151999.395841066
7310.0 24911999.52959063
7330.0 24723599.987740114
7350.0 24534400.32404772
7370.0 24335199.960223712
7390.0 24116000.2538425
7410.0 23897600.035703305
7430.0 23647600.446525782
7450.0 23459201.646861523
7470.0 23209999.976779383
7490.0 23070798.999624085
7510.0 22852400.988446932
7530.0 22713201.38893561
7550.0 22533999.970943928
7570.0 22344000.890723865
7590.0 22154800.591690253
7610.0 21985600.668072805
7630.0 21787201.508815214
7650.0 21578001.62377587
7670.0 21418800.11256075
7690.0 21239600.17683737
7710.0 21040400.560566142
7730.0 20901201.02755168
7750.0 20722798.909364745
7770.0 20182800.742283788
7790.0 20383599.190951027
7810.0 20234399.468087826
7830.0 20055199.49531893
7850.0 19846001.36530558
7870.0 19646800.48055115
7890.0 19447600.50804658
7910.0 19407601.197280936
7930.0 19259200.062241226
7950.0 19030001.25692844
7970.0 18960000.775785573
7990.0 18620800.950260524
8010.0 18651600.480587225
8030.0 18502401.12851556
8050.0 18353199.764514383
8070.0 18203199.982427523
8090.0 18064001.04722523
8110.0 17905599.854955036
8130.0 17785601.16780589
8150.0 17636401.107887395
8170.0 17506400.188731372
8190.0 17317200.072777856
8210.0 17189599.24813433
8230.0 17040400.058942754
8250.0 17009600.66767061
8270.0 16931200.47824381
8290.0 16752000.395111404
8310.0 16622799.934328666
8330.0 16402800.517294932
8350.0 16303600.437919866
8370.0 15984400.362758245
8390.0 15934400.948176412
8410.0 15765200.109809428
8430.0 16035200.037334023
8450.0 15746800.108432366
8470.0 15226000.493086612
8490.0 16516800.29411786
8510.0 14946800.16590644
8530.0 16708400.534965996
8550.0 14566799.70282229
8570.0 16870000.008392684
8590.0 15839199.49487025
8610.0 15370000.064136751
8630.0 17063200.669396147
8650.0 16794001.5935817
8670.0 14000000.84927578
8690.0 16705601.02826184
8710.0 16817999.54962122
8730.0 16548001.14000336
8750.0 13692399.629324103
8770.0 16117199.668025572
8790.0 16359600.232764272
8810.0 16248801.480326446
8830.0 16000399.939224493
8850.0 15437200.85109756
8870.0 13225601.010397699
8890.0 15650400.354316175
8910.0 15591201.497938259
8930.0 15452800.373513093
8950.0 15432801.006397784
8970.0 15302800.186830807
8990.0 15082800.425325135
9010.0 12899600.09058177
9030.0 14089599.888116738
9050.0 14784400.565951874
9070.0 14554399.912170596
9090.0 14423600.187255826
9110.0 14445199.525867604
9130.0 14356799.729790581
9150.0 14306800.606153198
9170.0 14156800.649839085
9190.0 13967600.561825762
9210.0 13706800.46313839
9230.0 11331999.805673089
9250.0 13366000.095363474
9270.0 13327599.9331075
9290.0 13539200.127100844
9310.0 13479200.230235573
9330.0 13359201.025332488
9350.0 13289200.099573145
9370.0 13189999.354058195
9390.0 13049200.12351549
9410.0 12830800.141665949
9430.0 12890800.19240284
9450.0 12811600.171545051
9470.0 12711600.284920258
9490.0 12621599.852179311
9510.0 12501600.464122742
9530.0 12190800.24696549
9550.0 10207760.670202987
9570.0 12101599.6972974
9590.0 12162399.593853552
9610.0 12073200.334000885
9630.0 11863999.968886036
9650.0 11923999.77301793
9670.0 11793200.118323337
9690.0 11753999.851273984
9710.0 11684800.002550146
9730.0 11594799.670726974
9750.0 11514800.170350527
9770.0 11435599.640619114
9790.0 11355600.151340816
9810.0 11265599.484379323
9830.0 11175600.559584346
9850.0 11096399.74008013
9870.0 11026400.12399831
9890.0 10926400.25417695
9910.0 10877199.470053755
9930.0 10797200.148422148
9950.0 10727200.79913366
9970.0 10657999.74144601
9990.0 10588000.124858567
10025.0 10147120.793070646
10075.0 9649920.517226193
10125.0 10039279.42502434
10175.0 9919999.643551731
10225.0 9768479.84586278
10275.0 9603039.98899887
10325.0 9437440.062973049
10375.0 9281920.054569578
10425.0 9132399.831779754
10475.0 8964720.393982269
10525.0 8810280.50353749
10575.0 8681680.180961454
10625.0 8545160.391965315
10675.0 8341240.488049727
10725.0 8247720.426569745
10775.0 8129439.888091292
10825.0 7993000.019923585
10875.0 7867080.222156141
10925.0 7126439.585376418
10975.0 7528240.222050906
11025.0 7509519.824269795
11075.0 7392839.621241139
11125.0 7276160.164488514
11175.0 7162559.833790613
11225.0 7051879.781113646
11275.0 6884959.802249286
11325.0 6793360.2373455195
11375.0 6727760.279329132
11425.0 6623080.192110087
11475.0 6526480.192478691
11525.0 6427800.385644898
11575.0 6330040.317868266
11625.0 6218359.9555563545
11675.0 6119360.196609195
11725.0 6046999.984583506
11775.0 5924000.437372022
11825.0 5858320.021773857
11875.0 5769559.949099147
11925.0 5698040.1494698245
11975.0 5605199.866627314
12025.0 5530440.097211377
12075.0 5447760.129187247
12125.0 5369000.131421044
12175.0 5293240.009076196
12225.0 5215480.124330904
12275.0 5137719.967055348
12325.0 5065960.043614323
12375.0 4994199.972866936
12425.0 4925439.9441473195
12475.0 4844600.017045064
12525.0 4785840.136787884
12575.0 4710000.043577445
12625.0 4649160.120487196
12675.0 4587480.3246797705
12725.0 4523639.873279379
12775.0 4443640.270045309
12825.0 4050240.3567067888
12875.0 4329120.078863509
12925.0 4279360.096121535
12975.0 4220599.882884621
13025.0 4163760.372391639
13075.0 4106920.051264893
13125.0 4051080.182425339
13175.0 3987240.0066689975
13225.0 3942479.997289481
13275.0 3889560.0528716566
13325.0 3837719.878941927
13375.0 3785960.205845568
13425.0 3735040.0113957627
13475.0 3685199.909778037
13525.0 3634280.0621569147
13575.0 3587520.0711713308
13625.0 3540679.985975174
13675.0 3492760.3144487925
13725.0 3445920.0985538634
13775.0 3406000.189583855
13825.0 3362159.8931560535
13875.0 3318400.2713969154
13925.0 3275399.961366323
13975.0 3233640.0733811883
14025.0 3192719.883595483
14075.0 3152799.9621734773
14125.0 3111960.1560948566
14175.0 3073040.143085447
14225.0 3034200.0602798946
14275.0 2996280.112112942
14325.0 2958439.9650624455
14375.0 2921520.133651912
14425.0 2875520.0346800354
14475.0 2848760.032370266
14525.0 2808840.1327332095
14570.0 2782920.1306634205
14620.0 2752159.915568326
14675.0 2718240.043846025
14725.0 2684399.9594970476
14775.0 2649400.0495987465
14825.0 2620559.9791890187
14875.0 2585640.0895611686
14925.0 2555800.0111458013
14975.0 2522880.0004741056
15025.0 2485960.1386299008
15075.0 2455959.9726638678
15125.0 2424120.0816089623
15175.0 2396200.06335545
15225.0 2393199.8749310235
15275.0 2325279.875592594
15325.0 2302360.1438050447
15375.0 2316440.065641445
15425.0 2229520.010387
15475.0 2274680.0545831816
15525.0 2258759.8592174947
15575.0 2135760.017560111
15625.0 2228999.9557362827
15675.0 2168920.0717428885
15725.0 2074919.954626928
15775.0 2165160.000613319
15825.0 2143319.9939920525
15875.0 1969080.0952074616
15925.0 2089400.0585428902
15975.0 2085560.0224994866
16050.0 2041560.0622345966
16150.0 1927640.0789586906
16250.0 1964960.0453166298
16350.0 1906960.0373487154
16450.0 1802960.094789291
16550.0 1836280.0703262528
16650.0 1796360.071328465
16750.0 1742440.089357688
16850.0 1649440.1221800512
16950.0 1680680.0172428933
17050.0 1644760.0755678574
17150.0 1609840.0764089997
17250.0 1574000.0777735338
17350.0 1470840.1252380204
17450.0 1505079.9637534355
17550.0 1476239.9788332554
17650.0 1446239.996267614
17750.0 1416399.97393085
17850.0 1387400.0344100888
17950.0 1359560.0709205295
18050.0 1328560.0779937694
18150.0 1248559.9787933403
18250.0 1270720.0546680035
18350.0 1251880.034050979
18450.0 1226880.0635001366
18550.0 1201960.0625926005
18650.0 1178040.0460377068
18750.0 1102959.9939609952
18850.0 1131119.976332836
18950.0 1110200.0314528425
19050.0 1089280.0782941936
19150.0 1068280.0414606133
19250.0 1047360.0399288663
19350.0 1027367.9671721385
19450.0 963827.9703102321
19550.0 988396.0575323638
19650.0 970451.9653984547
19750.0 952100.0163743786
19850.0 934348.0196471503
19950.0 916988.0193628469
20050.0 900035.9836990444
20150.0 883376.0289914951
20250.0 867215.993945275
20350.0 851356.0421078642
20450.0 835895.9782904705
20550.0 820736.0191263041
20650.0 805875.9906134035
20750.0 791416.0172956066
20850.0 777348.0357316068
20950.0 763480.0229531841
21050.0 749919.971436204
21150.0 736352.0192612123
21250.0 723484.0521714521
21350.0 710716.032003372
21450.0 698556.036037939
21550.0 686372.0010597649
21650.0 645548.0056873931
21750.0 662036.0144384902
21850.0 651868.0438350539
21950.0 640799.9978494219
22050.0 629924.0003869595
22150.0 619155.9657704234
22250.0 608888.0294233984
22350.0 598711.966403134
22450.0 588735.9760624534
22550.0 578859.9980185184
22650.0 569383.9943445378
22750.0 560008.0086454961
22850.0 551339.9754637077
22950.0 542364.0030385994
23050.0 533688.0322035082
23150.0 525111.9991896318
23250.0 516728.0003671584
23350.0 508452.01314604824
23450.0 500276.03336944734
23550.0 492292.0081593246
23650.0 484316.03463669564
23750.0 476731.9789255657
23850.0 469148.02818505565
23950.0 461571.9955252334
24050.0 453788.01773761463
24150.0 446104.0199257575
24250.0 441812.00809675927
24350.0 432343.99718562886
24450.0 424951.997070157
24550.0 421867.9938092082
24650.0 413083.9923967126
24750.0 406999.99039294344
24850.0 404924.01793093386
24950.0 389124.01238888147
25050.0 393247.9987497241
25150.0 387571.98378328927
25250.0 370264.0085440007
25350.0 376096.0168800027
25450.0 371312.0310952262
25550.0 365320.00530966744
25650.0 347220.0120318204
25750.0 355151.9846881932
25850.0 350560.0036685858
25950.0 345575.98785680917
26050.0 339175.99524459336
26150.0 321776.0057867313
26250.0 315176.01435192476
26350.0 325716.00673506496
26450.0 322140.00236681686
26550.0 317555.99939474015
26650.0 312456.001133336
26750.0 294248.0100434464
26850.0 303679.99202800816
26950.0 299987.99873948604
27050.0 295703.99485014123
27150.0 291612.0025306
27250.0 287528.0222091799
27350.0 283536.00137946097
27450.0 279544.0048079754
27550.0 264435.99962061003
27650.0 269344.0099599719
27750.0 268267.995367399
27850.0 264583.99913581525
27950.0 260992.00537166785
28050.0 257491.99661272852
28150.0 254000.00114757754
28250.0 250516.01506057396
28350.0 247223.99823027692
28450.0 243832.00655200207
28550.0 240640.00819058254
28650.0 236340.00527889226
28750.0 223831.99285951338
28850.0 231056.00243417468
28950.0 227972.00676000072
29050.0 225172.01026716543
29150.0 222179.99311380554
29250.0 219288.01240719314
29350.0 216496.0009670906
29450.0 213704.0013643711
29550.0 210912.00978315072
29650.0 208212.00869139013
29750.0 205520.0098506914
29850.0 202928.00701932414
29950.0 200336.00201252213
30050.0 197744.01393163137
30150.0 195251.99704825092
30250.0 192751.9918775195
30350.0 183851.99672163787
30450.0 185251.99619852623
30550.0 185576.00074463483
30650.0 183375.99949954802
30750.0 181076.00400085648
30850.0 178692.0045314398
30950.0 176592.01189236154
31050.0 174399.99679659156
31150.0 172300.00098329867
31250.0 170208.01094536894
31350.0 168107.99949850095
31450.0 166016.00248077398
31550.0 164115.99966723024
31650.0 162124.00053710083
31750.0 160132.00253374391
31850.0 158231.99851684447
31950.0 156339.99959775177
32100.0 153548.0090291656
32300.0 149947.99612247729
32500.0 146364.00825470462
32700.0 142972.00107880452
32900.0 135972.00499145777
33100.0 135779.995351298
33300.0 133088.00696693663
33500.0 130095.99900863391
33700.0 127104.00253049235
33900.0 124219.9960881849
34100.0 121520.00086410937
34300.0 118828.00116958904
34500.0 116227.99690089763
34700.0 113636.00499823272
34900.0 111144.00510567315
35100.0 108752.00658644112
35300.0 106360.0084383727
35500.0 104060.0085286835
35700.0 101764.00612357813
35900.0 99875.99812527346
36100.0 97347.60042400974
36300.0 95792.39845894184
36500.0 93176.39980955842
36700.0 91901.20264971307
36900.0 89126.00543211061
37100.0 88150.00499980296
37300.0 85581.59689694514
37500.0 82256.40105800981
37700.0 82922.80472934121
37900.0 81296.80031269927
38100.0 78829.996614314
38300.0 77573.20498783974
38500.0 76558.00495884397
38700.0 75042.00095816249
38900.0 73495.19783886537
39100.0 70685.99999558221
39300.0 70820.80018012291
39500.0 69455.59976813282
39700.0 68137.99890867282
39900.0 66810.40393961182
40100.0 64962.80111932713
40300.0 63193.60229057124
40500.0 61587.60250629423
40700.0 61842.404969534684
40900.0 60695.60246281878
41100.0 59558.00058530233
41300.0 58450.40345994199
41500.0 57352.002231905295
41700.0 54862.79754892722
41900.0 55236.79916312283
42100.0 54250.0003785975
42300.0 53262.40012783326
42500.0 52294.801673745525
42700.0 51356.39831165834
42900.0 50428.80023933324
43100.0 49521.203390888986
43300.0 48642.80120492603
43500.0 47774.40138800901
43700.0 45835.199424462924
43900.0 45956.80113329397
44100.0 45300.00185168584
44300.0 44511.59886211171
44500.0 43733.99955284277
44700.0 43055.60226064692
44900.0 42237.19880193317
45100.0 41518.79896722048
45300.0 40810.40247832881
45500.0 40122.000629036374
45700.0 39442.79960912016
45900.0 38775.198934159125
46100.0 38125.999427413095
46300.0 37467.60014794324
46500.0 35917.59900614837
46700.0 35269.201629787
46900.0 35601.59936575417
47100.0 35063.19947638769
47300.0 34494.798544595295
47500.0 33935.59903036605
47700.0 33387.201014137376
47900.0 32838.800168346665
48100.0 32309.60175313312
48300.0 31801.200789835257
48500.0 31281.99921987028
48700.0 30802.80062035623
48900.0 30293.60017898162
49100.0 29835.20029967105
49300.0 29336.000613328386
49500.0 28917.60088938192
49700.0 28398.399890129647
49900.0 28029.200696199314
50100.0 27590.000304781195
50300.0 27080.800885903274
50500.0 26752.400699963677
50700.0 26343.19966649268
50900.0 25813.199405373198
51100.0 25513.99921051717
51300.0 24504.801739072995
51500.0 24765.60038463881
51700.0 24246.401195131264
51900.0 24067.20017375983
52100.0 23738.799711131458
52300.0 23380.40086902853
52500.0 22969.600117307866
52700.0 22461.200201903175
52900.0 22362.000060893417
53100.0 22041.999177583846
53300.0 21713.600385553043
53500.0 21403.60155752676
53700.0 20904.40132439339
53900.0 20625.20043668201
54100.0 20486.0009354063
54300.0 20196.000985301333
54500.0 19906.80056723478
54700.0 19618.39964585855
54900.0 19339.199903968576
55100.0 19028.400483948768
55300.0 18479.20088013378
55500.0 18539.999925788787
55700.0 18280.80056490651
55900.0 18021.599621191253
56100.0 17771.599687216123
56300.0 17523.19979778672
56500.0 17283.199893839457
56700.0 17044.000076620676
56900.0 16803.999070502236
57100.0 16224.00029113895
57300.0 16335.60082122217
57500.0 16135.599120313753
57700.0 15916.400860848264
57900.0 15706.399748842403
58100.0 15496.399557669549
58300.0 15277.200298532916
58500.0 15077.999944391742
58700.0 14878.000456095438
58900.0 14658.000509898944
59100.0 14098.000534975256
59300.0 14279.599279960337
59500.0 13799.599832945962
59700.0 13850.401269992839
59900.0 13741.200149986773
60100.0 13571.200045254107
60300.0 13392.000628505508
60500.0 13222.001011237291
60700.0 13052.000112464446
60900.0 12882.80053061418
61100.0 12722.800497977156
61300.0 12581.201125580783
61500.0 12422.000288963178
61700.0 12261.999612689191
61900.0 12102.800369100232
62100.0 11952.800578522065
62300.0 11794.399773055644
62500.0 11635.200477999693
62700.0 11476.000112285372
62900.0 11045.99959808253
63100.0 11185.999930223657
63300.0 11076.000706384437
63500.0 10936.80045877031
63700.0 10816.800375115326
63900.0 10676.79993996897
64200.0 10487.600574594248
64600.0 10228.560513346718
65000.0 9979.11989127968
65400.0 9752.43958141629
65800.0 9514.76046064711
66200.0 9290.39982126569
66600.0 9075.880082849346
67000.0 8865.360708754828
67400.0 8640.679685079489
67800.0 8331.000202961388
68200.0 8250.480426747463
68600.0 8083.959576994544
69000.0 7901.360593048667
69400.0 7698.680172168682
69800.0 7550.160526866546
70200.0 7382.559993659175
70600.0 7218.799874751718
71000.0 7030.200345550027
71400.0 6905.520377149695
71800.0 6755.840212107468
72200.0 6609.160280936793
72600.0 6432.399991535364
73000.0 6325.639919538131
73400.0 6194.0402289617705
73800.0 6062.040205843216
74200.0 5924.35995806369
74600.0 5707.760201109558
75000.0 5510.16003196077
75400.0 5555.320337018649
75800.0 5456.559850661867
76200.0 5344.8802021347365
76600.0 5235.120132624987
77000.0 5129.359983647482
77400.0 5023.5202582379425
77800.0 4870.680006470264
78200.0 4823.920330577739
78600.0 4730.160079779306
79000.0 4636.399754830472
79400.0 4545.55994863212
79800.0 4455.800086403095
80200.0 4368.959886332551
80600.0 4284.120027299405
81000.0 4201.279967303607
81400.0 4072.440224125672
81800.0 4030.6001005077815
82200.0 3964.760139070094
82600.0 3888.999900639534
83000.0 3816.080063780947
83400.0 3744.2399601039856
83800.0 3674.4002735762374
84200.0 3605.559900081915
84600.0 3538.7202923473583
85000.0 3473.79994521665
85400.0 3409.9601020709774
85800.0 3346.0398523266986
86200.0 3286.200125021211
86600.0 3176.28007461391
87000.0 3165.4399917627984
87400.0 3082.4400312042108
87800.0 3029.6001427084248
88200.0 3001.8400344587594
88600.0 2944.9199437143916
89000.0 2897.000012592777
89400.0 2846.159938581839
89800.0 2796.2400224107027
90200.0 2747.3202085122302
90600.0 2695.4798627604796
91000.0 2653.559922536158
91400.0 2607.6399144023044
91800.0 2562.7999828176826
92200.0 2519.799992136261
92600.0 2466.960075756294
93000.0 2434.9600169126206
93400.0 2394.0399809131395
93800.0 2314.2001409758477
94200.0 2309.199973372607
94600.0 2276.280047783901
95000.0 2233.440004113178
95400.0 2194.5200258763834
95800.0 2165.520002195441
96200.0 2129.679933786116
96600.0 2094.759920414664
97000.0 2060.8399327201205
97400.0 2027.8401044907619
97800.0 1994.9200082547663
98200.0 1961.0000375820507
98600.0 1921.0799122199458
99000.0 1901.1601976832942
99400.0 1871.160031807867
99800.0 1841.2400889482774
100200.0 1812.320051769378
200000.0 115.77600434219913
400000.0 7.1737201278135405
600000.0 1.4014400794393207
800000.0 0.43930798770690466
1000000.0 0.17848000530600708
1200000.0 0.0854788003121719
1400000.0 0.04585919967639744
1600000.0 0.02674280019329256
