wave flux
90.9000015258789 0.0
93.5 0.0
96.0999984741211 0.0
97.69999694824219 0.0
99.5999984741211 0.0
102.0 0.0
103.80000305175781 0.0
105.5999984741211 0.0
107.69999694824219 0.0
110.4000015258789 0.0
114.0 0.0
117.80000305175781 0.0
121.30000305175781 0.0
124.80000305175781 0.0
127.0999984741211 0.0
128.39999389648438 0.0
130.5 0.0
132.39999389648438 0.0
133.89999389648438 0.0
136.60000610351562 0.0
139.8000030517578 0.0
143.3000030517578 0.0
147.1999969482422 0.0
151.0 0.0
155.1999969482422 0.0
158.8000030517578 0.0
162.0 0.0
166.0 0.0
170.3000030517578 0.0
173.39999389648438 0.0
176.8000030517578 0.0
180.1999969482422 0.0
181.6999969482422 0.0
186.10000610351562 0.0
191.0 0.0
193.89999389648438 0.0
198.39999389648438 0.0
201.8000030517578 0.0
205.0 0.0
210.5 0.0
216.1999969482422 0.0
219.8000030517578 0.0
223.0 0.0
226.8000030517578 0.0
230.0 0.0
234.0 0.0
240.0 0.0
246.5 0.0
252.39999389648438 0.0
256.79998779296875 0.0
260.0 0.0
264.0 0.0
268.5 0.0
273.5 0.0
278.5 0.0
284.0 0.0
290.0 0.0
296.0 0.0
301.0 0.0
308.0 0.0
318.0 0.0
328.0 0.0
338.0 0.0
348.0 0.0
357.0 0.0
366.0 0.0
375.0 0.0
385.0 0.0
395.0 0.0
405.0 0.0
414.0 0.0
422.0 0.0
430.0 1.3063999401636448e-24
441.0 8.303999886929623e-24
451.0 4.142579765231571e-23
460.0 1.641014103406502e-22
470.0 7.09681988439633e-22
480.0 2.8754202094560783e-21
490.0 1.0968759784431794e-20
500.0 3.9520403729150366e-20
506.0 1.1032339681793756e-19
512.0 2.5563399558251753e-19
520.0 6.513860026759557e-19
530.0 2.0235000018389365e-18
540.0 5.91595965462969e-18
550.0 1.679760035036277e-17
560.0 4.55455975672743e-17
570.0 1.1896799217866213e-16
580.0 2.9629201575688365e-16
590.0 7.298720219997306e-16
600.0 1.7216399924082757e-15
610.0 3.940540110853372e-15
620.0 8.761199619843585e-15
630.0 1.8936000042293888e-14
640.0 3.9908402004362553e-14
650.0 8.204000248002385e-14
658.0 1.4351801334789013e-13
665.0 2.310079987569664e-13
675.0 4.4850602121654777e-13
685.0 8.526199749569377e-13
695.0 1.5873000444377554e-12
705.0 2.8886600665688226e-12
716.0 5.502780225526299e-12
726.0 9.676400250541224e-12
735.0 1.584500110831732e-11
745.0 2.6981399945029202e-11
755.0 4.5255600828062194e-11
765.0 7.484800211688323e-11
775.0 1.2181999790851893e-10
785.0 1.9591802297428495e-10
795.0 3.07964015073793e-10
805.0 4.844400122116572e-10
815.0 7.514399927895212e-10
825.0 1.1488400064690993e-09
835.0 1.7361599976884367e-09
845.0 2.5946399563140537e-09
855.0 3.837919910428489e-09
865.0 5.619000102341746e-09
875.0 8.12859992252191e-09
885.0 1.1694200073213933e-08
895.0 1.6643800923780497e-08
905.0 2.346659894617089e-08
915.0 2.5893600335828823e-05
925.0 8.895200250210491e-05
935.0 0.0001266460025640594
945.0 0.00017946000666527135
955.0 0.0002623900077135307
965.0 0.0003669720224103739
975.0 0.0005055600131350659
985.0 0.0006948000657831673
995.0 0.0009456200075260558
1005.0 0.0013123800561904988
1015.0 0.0017657398476913346
1025.0 0.0023186200179010096
1035.0 0.0031532799391517075
1045.0 0.004175400072629557
1055.0 0.005488599783779537
1065.0 0.0071748000871792485
1075.0 0.009359399605188662
1085.0 0.012142600915087128
1095.0 0.01561000030664149
1105.0 0.043120001422173454
1115.0 0.1381479976761918
1125.0 0.20778999951596036
1135.0 0.3101760231763488
1145.0 0.40437399212138125
1155.0 0.4627000216792965
1165.0 0.6254400147731678
1175.0 0.7838200258294837
1185.0 0.8497799532912568
1195.0 0.5935000202463612
1205.0 0.5931399455639789
1215.0 0.22047600384167576
1225.0 0.747919996967418
1235.0 1.6505600094770174
1245.0 2.627219946059702
1255.0 3.574220311155419
1265.0 3.7157401907619634
1275.0 4.6932001794461975
1285.0 5.737800120707982
1295.0 6.894400049059222
1305.0 7.176799633123157
1315.0 8.960400382428354
1325.0 9.891400460897026
1335.0 11.142599723427983
1345.0 12.831000643371954
1355.0 14.49280024897846
1365.0 16.0288009903644
1375.0 17.539599970873848
1385.0 19.24359978393947
1395.0 21.587799968141123
1405.0 25.382600938743497
1415.0 28.097000412296445
1425.0 31.435399068436148
1435.0 35.68260075095029
1442.0 42.715999788649945
1447.0 40.69019887259774
1455.0 46.68799994427934
1465.0 53.966001419596815
1475.0 54.723997991707904
1485.0 63.04600322549635
1495.0 78.76999478306925
1505.0 92.22400197726625
1512.0 81.90000484785743
1517.0 100.12800649200832
1525.0 127.09998877458601
1535.0 312.7240117592057
1545.0 351.2000080651392
1555.0 494.0400388104738
1565.0 474.21996893402763
1575.0 739.3200245715524
1585.0 873.7999884593678
1595.0 1006.9600056512177
1605.0 1088.4800519356984
1615.0 1218.5800101353766
1625.0 1345.0799999414576
1635.0 1589.560102139896
1645.0 2116.779961575422
1655.0 1407.420033751351
1665.0 2400.8400068109495
1672.0 1757.4200316275248
1677.0 2660.700097105348
1685.0 4199.000142838705
1695.0 5911.2000630169105
1705.0 7774.800145410413
1715.0 10790.599924686447
1725.0 13379.59984183639
1735.0 20127.799346266653
1745.0 25068.59826948429
1755.0 40673.00066527748
1765.0 24908.20112380688
1775.0 35557.9998442974
1785.0 49672.00163190362
1795.0 74014.00073137377
1805.0 55419.999676747175
1815.0 44941.999563184414
1825.0 51330.002224496595
1835.0 58994.00042677375
1845.0 33136.00140106236
1855.0 66808.00261097486
1865.0 98338.00561591641
1875.0 97265.99670451735
1885.0 105261.99974562437
1895.0 130208.00001527832
1905.0 115612.00688257233
1915.0 131012.00518032773
1925.0 100068.00452352228
1935.0 50163.9984722536
1945.0 149243.99822616854
1955.0 159000.00194162564
1967.0 205080.01262565912
1976.0 166334.0024935424
1984.0 162244.0094695375
1995.0 189641.9985486491
2005.0 186275.99826281553
2015.0 209848.00124952404
2025.0 160156.0011643634
2035.0 251088.0073695636
2045.0 292044.00557862694
2055.0 266230.00419026334
2065.0 259620.00549931038
2074.0 267776.0046959188
2078.0 451620.0226603834
2085.0 424840.0171286964
2095.0 554720.0223802858
2105.0 862900.0328380775
2115.0 1131380.0050707178
2125.0 965479.9814734645
2135.0 903619.9964749819
2145.0 1283960.0194568129
2155.0 1289080.0398649503
2165.0 1066380.0398499141
2175.0 1098040.0023575488
2185.0 1515080.0625926016
2195.0 1503260.0001113885
2205.0 1392979.9627938184
2215.0 964580.0439675739
2225.0 1211660.0732600354
2235.0 1694480.0851669142
2245.0 1573600.0360575786
2255.0 1099760.0237517222
2265.0 985039.9909326208
2275.0 1175759.9467116268
2285.0 1601180.0374547443
2295.0 1207559.9949170887
2305.0 1603000.0729433056
2315.0 1337040.0237366545
2325.0 1242159.9581598148
2335.0 819800.042289736
2345.0 466680.0104987323
2355.0 1176779.9914425234
2365.0 548920.026701287
2375.0 798279.9714492494
2385.0 377160.0039752157
2395.0 529320.019485166
2405.0 526159.9999063604
2415.0 685179.997344795
2425.0 1383560.0562217017
2435.0 1356220.083579441
2445.0 1703800.0605982465
2455.0 1821799.948825509
2465.0 1545120.0483702233
2475.0 1340100.0110959332
2485.0 758560.0025488317
2495.0 1004480.0268920873
2505.0 1587579.9714299745
2513.0 692640.0112975257
2518.0 461580.01668289304
2525.0 479299.9961153798
2535.0 569900.0425809212
2545.0 704419.9953136749
2555.0 1442760.035180123
2565.0 1247599.9745824435
2575.0 1773000.0318872521
2585.0 1587600.101462167
2595.0 1401099.9644231158
2605.0 1110380.0178569562
2615.0 998220.0209445928
2625.0 1478179.9878299453
2635.0 2735600.1968827127
2645.0 3791400.040810147
2655.0 4925000.212374098
2665.0 3054999.917356522
2675.0 3607200.0983709474
2685.0 4126600.138034434
2695.0 3034199.8458275246
2705.0 3773200.1783472183
2715.0 2657200.0574618937
2725.0 2272000.191401098
2735.0 2746600.096752767
2745.0 1343220.0369352682
2755.0 1943000.0718468723
2765.0 2645399.890929537
2775.0 2884000.1223699385
2785.0 1470300.0391867782
2795.0 551159.9977151274
2805.0 703780.0014036391
2815.0 2524999.883300229
2825.0 4088000.065463735
2835.0 3824600.1138690505
2845.0 2627399.9911169377
2855.0 1256199.9974468031
2865.0 3646200.029886894
2875.0 4710599.936939017
2885.0 4118799.9401445882
2895.0 4782400.091168634
2910.0 6261600.300709978
2930.0 5528800.245633313
2950.0 5404600.025327246
2970.0 5872799.766649825
2990.0 5782599.983316921
3010.0 6054200.026863373
3030.0 6227200.431983838
3050.0 6467400.092989089
3070.0 6509200.153251796
3090.0 6382600.168444051
3110.0 6694800.140102093
3130.0 6538200.100004519
3150.0 6251000.136412478
3170.0 6650399.983106559
3190.0 5964799.789484958
3210.0 6629000.304084775
3230.0 5578000.217069078
3250.0 7108600.475195301
3270.0 8117199.688828698
3290.0 7847399.841373424
3310.0 7778600.175269563
3330.0 7768599.900812887
3350.0 7599399.980770074
3370.0 6330599.936194308
3390.0 7121200.093233788
3410.0 7196999.9467935795
3430.0 7390600.427291505
3450.0 7655400.015619622
3470.0 7784199.998251966
3490.0 8199200.106859723
3510.0 8488400.094245449
3530.0 7982400.394186257
3550.0 9096000.531852638
3570.0 7353600.012010852
3590.0 7300799.842702508
3610.0 7821200.288084962
3630.0 7883399.679446093
3640.0 7917600.009660419
3650.0 8905200.30765185
3670.0 8946200.166148184
3690.0 8676199.845428588
3710.0 8978599.763337573
3730.0 7542199.83774631
3750.0 8313799.809426992
3770.0 9394400.0221194
3790.0 10080399.912019836
3810.0 10491000.673595484
3830.0 7267800.21464273
3850.0 9797600.069959072
3870.0 9879799.85716852
3890.0 9325200.49818722
3910.0 10872000.111518944
3930.0 6154600.349766362
3950.0 9827999.99407778
3970.0 6729800.216390983
3990.0 12241999.310626835
4010.0 12981999.304970374
4030.0 12973999.794535596
4050.0 12585200.342747228
4070.0 12337600.241204135
4090.0 13106000.041581608
4110.0 12104000.01050306
4130.0 13254000.122295523
4150.0 13492000.186601544
4170.0 13440000.271131638
4190.0 12967999.762356708
4210.0 13002001.004405895
4230.0 12380799.943781031
4250.0 12702000.237332227
4270.0 12072800.64538226
4290.0 11204800.207441354
4310.0 9636200.313151067
4330.0 12305999.742950354
4350.0 11487600.907139882
4370.0 13276000.190062532
4390.0 12386000.355517251
4410.0 12949999.96314069
4430.0 13353999.69160203
4450.0 13243999.964698289
4470.0 13698000.504960552
4490.0 13743999.906041672
4510.0 14730000.438079733
4530.0 13567999.602759926
4550.0 13850000.838806054
4570.0 14570000.156731391
4590.0 13834000.49980138
4610.0 14116000.109880503
4630.0 13888000.017430838
4650.0 14004000.221223284
4670.0 14271999.522874938
4690.0 13957999.89912045
4710.0 13394000.537757032
4730.0 14026001.055662708
4750.0 14132000.496422693
4770.0 14090000.798432332
4790.0 14004000.093743902
4810.0 13858000.96708998
4830.0 13927999.418752067
4850.0 12845999.795198916
4870.0 11218400.423556177
4890.0 13242000.561372694
4910.0 13266000.695077494
4930.0 13014000.12827615
4950.0 13418000.180574538
4970.0 13544000.55932613
4990.0 12736000.689051853
5010.0 12275999.87844268
5030.0 12889999.966496538
5050.0 12830000.366724653
5070.0 13232000.512415977
5090.0 12826000.369096763
5110.0 12968000.488425251
5130.0 12675999.92774801
5150.0 12312000.697207747
5170.0 11466600.151307521
5190.0 11460999.95968964
5210.0 12210000.482209826
5230.0 12321999.88144046
5250.0 12600000.20508152
5270.0 11373800.253909418
5290.0 12422000.407185156
5310.0 12658000.224829214
5330.0 11679200.266301613
5350.0 12341999.508793166
5370.0 12293999.765476333
5390.0 12175999.438158236
5410.0 11786000.358834604
5430.0 12062000.40357423
5450.0 12253999.711535804
5470.0 12047999.894151231
5490.0 11961999.991228487
5510.0 11969999.956987541
5530.0 11967999.9674699
5550.0 12068000.248894913
5570.0 11754000.500534138
5590.0 11556799.942328678
5610.0 11762000.08279928
5630.0 11810000.043200858
5650.0 11736000.362217415
5670.0 11482200.028179714
5690.0 11591999.904618638
5710.0 11413400.611902388
5730.0 11882000.034025462
5750.0 11560000.48962595
5770.0 11620000.2816622
5790.0 11380999.906449584
5810.0 11505999.889871502
5830.0 11570000.203778341
5850.0 11352200.322382217
5870.0 11335000.088221312
5890.0 10750400.628420116
5910.0 11200599.687642807
5930.0 11144000.052878957
5950.0 11135200.753078768
5970.0 11108600.394815644
5990.0 11001200.641091904
6010.0 10835599.983900195
6030.0 10800800.000691567
6050.0 10931399.94480794
6070.0 10871199.832557952
6090.0 10673799.661103303
6110.0 10558400.200472383
6130.0 10251200.000213066
6150.0 10297800.29343423
6170.0 10055800.273893718
6190.0 10416800.375389487
6210.0 10408800.10570583
6230.0 10181399.954427946
6250.0 9890799.916914178
6270.0 10215199.930846598
6290.0 10208400.27317231
6310.0 9943000.384246057
6330.0 9953799.80559148
6350.0 9936600.052318301
6370.0 9879400.10837723
6390.0 9901400.359603137
6410.0 9690599.86228675
6430.0 9746000.62329401
6450.0 9612400.300936524
6470.0 9585200.526088592
6490.0 9445200.379633399
6510.0 9570199.917779889
6530.0 9512400.155527603
6550.0 9069800.378610114
6570.0 7907800.4736926565
6590.0 9240599.563413976
6610.0 9380800.017511437
6630.0 9322999.798462763
6650.0 9288000.282552611
6670.0 9177600.138212623
6690.0 9243600.167055642
6710.0 9102400.033057766
6730.0 9129400.058298348
6750.0 9022200.419579616
6770.0 9007000.414634539
6790.0 8953399.78788442
6810.0 8885999.523333801
6830.0 8887200.159147965
6850.0 8735800.49586362
6870.0 8770400.183565618
6890.0 8743000.024659783
6910.0 8678399.805417128
6930.0 8634999.8568884
6950.0 8590200.25624561
6970.0 8558799.711118
6990.0 8521400.078762297
7010.0 8306799.829600261
7030.0 8382799.722698262
7050.0 8378600.14020845
7070.0 8308400.186856404
7090.0 8259799.917778232
7110.0 8208600.632316392
7130.0 8130399.713248234
7150.0 8074400.321787181
7170.0 8028400.2707423335
7190.0 7872199.903469742
7210.0 7946600.388115354
7230.0 7915400.04660552
7250.0 7917000.07864891
7270.0 7884399.991120718
7290.0 7709000.43535731
7310.0 7773800.171907098
7330.0 7727000.4306483995
7350.0 7731600.01291921
7370.0 7701999.887520587
7390.0 7540800.413001116
7410.0 7435400.160715077
7430.0 7476199.722246604
7450.0 7469000.264898383
7470.0 7484000.135178374
7490.0 7408199.998879361
7510.0 7394000.003274831
7530.0 7372400.4092834825
7550.0 7364199.879978312
7570.0 7287600.185444015
7590.0 7257999.802136218
7610.0 7203400.105144709
7630.0 7205800.029243019
7650.0 7155800.0381582985
7670.0 7002000.523217634
7690.0 7068400.617170111
7710.0 6999600.014533475
7730.0 6990200.169281362
7750.0 6902800.095353003
7770.0 6908000.417901013
7790.0 6930000.224946987
7810.0 6876800.387365299
7830.0 6799599.939796809
7850.0 6773399.929789178
7870.0 6793199.954199762
7890.0 6751800.1956316
7910.0 6678799.7056837985
7930.0 6552400.395160067
7950.0 6556200.101216002
7970.0 6613199.776275235
7990.0 6590000.378887352
8010.0 6508799.825157237
8030.0 6477399.707927675
8050.0 6424800.198631243
8070.0 6443000.1309024375
8090.0 6346400.204672486
8110.0 6374199.840296318
8130.0 6368599.749749458
8150.0 6322600.160931753
8170.0 6289000.42181112
8190.0 6120200.074545742
8210.0 6122800.026086833
8230.0 6096999.789024762
8250.0 6107200.052756781
8270.0 6139400.331452018
8290.0 6096399.938577351
8310.0 5997999.994493666
8330.0 5942600.35205248
8350.0 5962199.788631565
8370.0 5969799.979141737
8390.0 5878800.255155491
8410.0 5915000.25354336
8430.0 5820199.963605106
8450.0 5796000.45621068
8470.0 5765799.704404199
8490.0 5689400.00148233
8510.0 5445800.2780677425
8530.0 5599200.09908427
8550.0 4852800.250872205
8570.0 5681400.060262595
8590.0 5568999.927225063
8610.0 5536200.098733949
8630.0 5592800.226750448
8650.0 5498399.801758887
8670.0 4786400.126801783
8690.0 5386200.103298554
8710.0 5462200.142130333
8730.0 5416200.137621995
8750.0 5207200.015415497
8770.0 5381399.745514079
8790.0 5368200.334153335
8810.0 5273400.112488655
8830.0 5300200.114717698
8850.0 5225400.2387701925
8870.0 4999200.210446045
8890.0 5246000.065457532
8910.0 5249400.298569243
8930.0 5169200.093398761
8950.0 5177000.188463914
8970.0 5158999.92407349
8990.0 5133999.98796182
9010.0 4774999.837227878
9030.0 4974600.2154526
9050.0 5091599.970360197
9070.0 4990200.344142676
9090.0 4870399.983983182
9110.0 4932600.106223682
9130.0 4992999.941869114
9150.0 4962200.132031343
9170.0 4930000.220507144
9190.0 4919199.985331463
9210.0 4773799.937057864
9230.0 4469600.18035476
9250.0 4684799.964372637
9270.0 4763200.135623574
9290.0 4789000.053167507
9310.0 4786000.10474755
9330.0 4750800.064817813
9350.0 4729000.249019176
9370.0 4706199.840404633
9390.0 4685400.08303981
9410.0 4492999.883498585
9430.0 4605799.837883607
9450.0 4562200.127415312
9470.0 4601200.062201689
9490.0 4590199.869903535
9510.0 4541600.022321268
9530.0 4464799.956672165
9550.0 4144200.170588788
9570.0 4425800.141178585
9590.0 4468200.058908724
9610.0 4418000.268091275
9630.0 4377000.066057227
9650.0 4371599.9378295755
9670.0 4333599.909278167
9690.0 4350199.995949671
9710.0 4347800.054799008
9730.0 4330400.199831688
9750.0 4274200.12183878
9770.0 4276800.0799580775
9790.0 4250800.192396001
9810.0 4252200.1753807515
9830.0 4223999.995638862
9850.0 4207399.872573258
9870.0 4170799.9982516696
9890.0 4144200.1849842216
9910.0 4118400.1235806807
9930.0 4138799.9497193573
9950.0 4119200.2647472485
9970.0 4101799.900982625
9990.0 4077400.1392641696
10025.0 3979200.1499441317
10075.0 3867199.9829033646
10125.0 3941600.0888084015
10175.0 3877200.2038619895
10225.0 3857000.249093196
10275.0 3830200.1545566865
10325.0 3759600.0837568175
10375.0 3723399.9742224687
10425.0 3696200.217494075
10475.0 3619600.178427515
10525.0 3607800.174241943
10575.0 3557400.1219288264
10625.0 3513600.0498467227
10675.0 3415600.015581637
10725.0 3419600.214894609
10775.0 3377999.9743813924
10825.0 3308800.2614222155
10875.0 3284200.054411055
10925.0 3130800.057907594
10975.0 3175800.042782127
11025.0 3208999.992797673
11075.0 3196799.8136829343
11125.0 3150800.0439600083
11175.0 3114000.010198188
11225.0 3095799.921841707
11275.0 3019600.040507541
11325.0 3003000.2320967447
11375.0 2980599.9599732277
11425.0 2929199.990506437
11475.0 2942400.1528508915
11525.0 2912400.011936706
11575.0 2868999.96522773
11625.0 2812600.06769867
11675.0 2786199.995787613
11725.0 2799600.024455137
11775.0 2722000.164431987
11825.0 2701399.9599123737
11875.0 2667799.9682443994
11925.0 2693400.110037272
11975.0 2597200.130053365
12025.0 2607800.083587176
12075.0 2572400.0587516036
12125.0 2561400.019816345
12175.0 2559200.0282991976
12225.0 2531800.060435977
12275.0 2496400.002813745
12325.0 2478199.9879874885
12375.0 2453799.954211198
12425.0 2428000.1459681485
12475.0 2412000.002991225
12525.0 2380600.0805165744
12575.0 2354600.0984819094
12625.0 2334000.0832992257
12675.0 2309200.125550802
12725.0 2294200.0132837826
12775.0 2255399.9631917733
12825.0 2065400.037753075
12875.0 2210800.070450968
12925.0 2199000.0933278203
12975.0 2190600.0883200923
13025.0 2161800.098189683
13075.0 2152400.0424044924
13125.0 2113600.1730786352
13175.0 2091400.0956686623
13225.0 2091799.9811712578
13275.0 2057199.9387601693
13325.0 2047599.9393236064
13375.0 2027000.131491651
13425.0 2016800.136097837
13475.0 1997000.0748273009
13525.0 1977799.9968683794
13575.0 1946000.002176103
13625.0 1937199.9961614679
13675.0 1917000.0003986573
13725.0 1894000.1126695115
13775.0 1882000.0477464234
13825.0 1868400.0003932281
13875.0 1858400.070351793
13925.0 1837200.024450367
13975.0 1820600.1035854626
14025.0 1797600.0806503706
14075.0 1790999.9859220677
14125.0 1761199.9702496775
14175.0 1760599.9993798127
14225.0 1725800.0982324476
14275.0 1698799.9595745942
14325.0 1708600.1377348437
14375.0 1702200.0258967064
14425.0 1639000.1121783494
14475.0 1667799.9485380342
14525.0 1627399.9785358934
14570.0 1632199.9897411163
14620.0 1616800.0075723254
14675.0 1606000.0537216
14725.0 1575200.1046184245
14775.0 1563800.1102077872
14825.0 1557000.0353395909
14875.0 1515999.9981631038
14925.0 1544799.9643766284
14975.0 1519799.988342701
15025.0 1478399.9785140727
15075.0 1472199.9796681302
15125.0 1484799.9914461663
15175.0 1477200.055879682
15225.0 1450399.9932416757
15275.0 1448800.0636295008
15325.0 1433000.0809552292
15375.0 1420400.0412145332
15425.0 1406199.9702039654
15475.0 1396999.993781617
15525.0 1379800.0135143914
15575.0 1364400.0201038714
15625.0 1366600.0236299774
15675.0 1335600.0370661018
15725.0 1328600.0699301695
15775.0 1289599.9825625499
15825.0 1300400.0337189436
15875.0 1252000.03293531
15925.0 1273800.0225614735
15975.0 1271000.0162924973
16050.0 1250599.9880187835
16150.0 1214600.0092825626
16250.0 1217000.0315424805
16350.0 1176999.968425601
16450.0 1137200.0630631032
16550.0 1149799.9839195579
16650.0 1127200.049642689
16750.0 1081200.0592010547
16850.0 1037400.0153727663
16950.0 1063200.0133471566
17050.0 1033120.0123947985
17150.0 1014200.0022152109
17250.0 983760.015831101
17350.0 914380.0469203232
17450.0 938360.0499760705
17550.0 933759.9914986207
17650.0 914580.0371253833
17750.0 897460.0131229084
17850.0 882240.0459290295
17950.0 866439.9876186124
18050.0 843159.9612452294
18150.0 784340.001116146
18250.0 798299.9664035984
18350.0 795400.0177450833
18450.0 776300.0357199514
18550.0 764820.0250471252
18650.0 743400.0027307455
18750.0 680900.0242568576
18850.0 715420.0082915046
18950.0 694419.9996925119
19050.0 696800.0165553715
19150.0 681699.9924574419
19250.0 669100.0474507861
19350.0 649859.9931459443
19450.0 600800.0022879313
19550.0 628780.02108543
19650.0 619720.0075514009
19750.0 606660.0155090382
19850.0 598800.0240767964
19950.0 587880.0256623513
20050.0 579380.0554927281
20150.0 570940.0430303705
20250.0 556960.0113380167
20350.0 544000.0095357728
20450.0 540620.0368551193
20550.0 529760.0027945609
20650.0 517740.0085502964
20750.0 510460.00614888716
20850.0 501620.0023854826
20950.0 490460.0057024866
21050.0 485140.03463032114
21150.0 475540.02196180844
21250.0 467120.034910128
21350.0 459920.0081791862
21450.0 452900.02663358604
21550.0 443100.0128709248
21650.0 409520.00462054944
21750.0 424239.9946632285
21850.0 420439.99866618664
21950.0 416599.9970591045
22050.0 406200.0024015995
22150.0 401979.9872782278
22250.0 395560.03342963685
22350.0 389019.9800692676
22450.0 382679.9964162156
22550.0 374720.0009348008
22650.0 369200.0069161251
22750.0 364379.9969700931
22850.0 356679.99086503376
22950.0 351540.0191408158
23050.0 347280.0231171691
23150.0 340940.0025967429
23250.0 335459.994623113
23350.0 329720.0134541387
23450.0 325859.99946694495
23550.0 319459.99318021897
23650.0 315600.0150538236
23750.0 308839.9926370788
23850.0 303620.0115878446
23950.0 300840.0106441346
24050.0 295800.00229542586
24150.0 289899.99145374395
24250.0 286640.00367540226
24350.0 281719.9968855129
24450.0 277999.9971336695
24550.0 271699.9999703459
24650.0 269860.0155828298
24750.0 264840.0041215132
24850.0 259319.99607593945
24950.0 257360.0005822962
25050.0 253899.99277681715
25150.0 250000.01087541782
25250.0 246700.00794569255
25350.0 242919.99428747862
25450.0 238599.99064586606
25550.0 235080.00728841167
25650.0 231139.99616224074
25750.0 229480.00470784667
25850.0 224019.98946602418
25950.0 222500.0105102404
26050.0 219279.99704146752
26150.0 214500.01196800126
26250.0 201480.0043194289
26350.0 208500.0041830437
26450.0 206159.99313759676
26550.0 203779.99993506522
26650.0 199719.99604268692
26750.0 197080.00324337673
26850.0 196120.00522675
26950.0 193780.01063267735
27050.0 191120.01094623678
27150.0 188339.9936300797
27250.0 185780.00310173942
27350.0 183299.99268249574
27450.0 180840.0009911312
27550.0 175720.00342289827
27650.0 174540.01231347356
27750.0 173379.997420142
27850.0 171200.01378170028
27950.0 169219.99133512998
28050.0 166840.0009042102
28150.0 164760.0002588398
28250.0 162480.00803365008
28350.0 160519.99810567024
28450.0 157839.9993175155
28550.0 155959.99543216682
28650.0 153040.0000795075
28750.0 148600.00079824898
28850.0 149540.00792305815
28950.0 148120.00983599588
29050.0 146240.0049470258
29150.0 144260.00051078797
29250.0 142060.00179217392
29350.0 140600.00089016207
29450.0 138680.00483208272
29550.0 137120.00288559607
29650.0 135340.00795249525
29750.0 133639.9981576113
29850.0 131960.00149276474
29950.0 130080.00417306894
30050.0 128479.99752706813
30150.0 127020.00170002643
30250.0 125140.0081297244
30350.0 120999.99658627491
30450.0 120840.00141092586
30550.0 120599.99878396232
30650.0 119080.00096908414
30750.0 117900.00204581585
30850.0 116120.00566822369
30950.0 114819.99968339477
31050.0 113540.00256903241
31150.0 111420.00679185594
31250.0 110760.00169875647
31350.0 109460.00532151852
31450.0 108179.99982860796
31550.0 106580.00373356845
31650.0 105500.00426394452
31750.0 104219.9960700702
31850.0 103027.99871974257
31950.0 101936.00581505809
32100.0 99954.00016251138
32300.0 97715.99661901353
32500.0 95400.00065269288
32700.0 93150.00045459124
32900.0 89258.00216719897
33100.0 88465.9989327683
33300.0 86701.99787422187
33500.0 84952.0078464516
33700.0 82912.00269090338
33900.0 80998.00103846347
34100.0 79113.99911134952
34300.0 77634.00357352276
34500.0 76034.00136680908
34700.0 74312.00173371042
34900.0 72734.00187819489
35100.0 71168.00239688947
35300.0 69547.99695623017
35500.0 68134.00333512705
35700.0 66614.00309147815
35900.0 65193.9989631933
36100.0 63935.99905938071
36300.0 62592.0011973422
36500.0 61079.99635298856
36700.0 59800.00007943286
36900.0 58341.999967226504
37100.0 57161.998483750955
37300.0 55765.99842497891
37500.0 54052.00255255878
37700.0 53914.00085273759
37900.0 52842.00061439223
38100.0 51794.00040193771
38300.0 50864.003392724335
38500.0 49912.00187058349
38700.0 48829.99921953835
38900.0 47838.001063110154
39100.0 46984.002100423575
39300.0 46104.00063468448
39500.0 45098.00048805291
39700.0 44328.00142086342
39900.0 43272.00062767124
40100.0 42486.001601777854
40300.0 41776.000720757926
40500.0 40302.00092754373
40700.0 40191.999064587864
40900.0 39470.0020573809
41100.0 38794.00195821818
41300.0 38104.00065530253
41500.0 37318.000879532156
41700.0 36575.99985866303
41900.0 35990.00148178612
42100.0 35201.99990042868
42300.0 34772.00111292273
42500.0 34083.99878153133
42700.0 33522.00015068337
42900.0 32778.00187805989
43100.0 32060.000093530558
43300.0 31510.000830284425
43500.0 30766.00166964889
43700.0 30026.0011472003
43900.0 29672.001742662862
44100.0 28941.999271265115
44300.0 28542.001080006245
44500.0 28082.00111583593
44700.0 27447.999163262597
44900.0 27086.00097192136
45100.0 26610.000033426477
45300.0 26064.00189643506
45500.0 25702.00000096925
45700.0 25302.000349919257
45900.0 24769.999794327912
46100.0 24453.99955584378
46300.0 24038.00136526512
46500.0 23331.999232178565
46700.0 23137.999386987052
46900.0 22944.00013923217
47100.0 22578.001171642158
47300.0 22270.00047773224
47500.0 21892.000585320566
47700.0 21534.000679279645
47900.0 21210.00044876692
48100.0 20838.000297216695
48300.0 20561.99967953763
48500.0 20214.000439986714
48700.0 19896.001423229765
48900.0 19600.00084477071
49100.0 19293.999952532253
49300.0 18990.00071770793
49500.0 18690.001021227505
49700.0 18404.000292346816
49900.0 18158.0010440868
50100.0 17839.99967898641
50300.0 17597.99942195642
50500.0 17288.000477643753
50700.0 17050.000171092903
50900.0 16808.000463699733
51100.0 16518.00107010373
51300.0 16172.000236002103
51500.0 16053.999514522447
51700.0 15850.000047164307
51900.0 15588.000201786408
52100.0 15350.00055906153
52300.0 15121.99972110328
52500.0 14925.99936754151
52700.0 14719.999557015772
52900.0 14470.000349102635
53100.0 14284.001012034925
53300.0 14066.00056652065
53500.0 13878.00007078228
53700.0 13662.000370752348
53900.0 13484.000129504187
54100.0 13304.000836425219
54300.0 13083.999703383448
54500.0 12930.000357459097
54700.0 12732.000173099477
54900.0 12561.999937943117
55100.0 12404.000880092954
55300.0 12230.000207836316
55500.0 12047.999955754725
55700.0 11903.999949208915
55900.0 11702.000073510924
56100.0 11574.000000354614
56300.0 11406.000079088139
56500.0 11269.99991900425
56700.0 11120.000404898194
56900.0 10950.000650624685
57100.0 10814.000554823742
57300.0 10676.000615197645
57500.0 10527.999945158952
57700.0 10388.000131040528
57900.0 10250.600200094355
58100.0 10119.800618347697
58300.0 9983.00051053185
58500.0 9859.000361649845
58700.0 9721.600279615528
58900.0 9577.600039818833
59100.0 9389.199939277843
59300.0 9349.199966903367
59500.0 9197.599800869106
59700.0 9109.199833875873
59900.0 8994.199956738114
60100.0 8873.200009770258
60300.0 8767.200172302375
60500.0 8655.999773708812
60700.0 8540.199943272299
60900.0 8427.400288217346
61100.0 8309.799928761584
61300.0 8221.39984202463
61500.0 8123.400405049119
61700.0 8020.4002730467955
61900.0 7920.600074202756
62100.0 7822.6003546014
62300.0 7706.00023289021
62500.0 7620.800398792366
62700.0 7527.800272432025
62900.0 7427.7999455707895
63100.0 7335.800164009647
63300.0 7262.000154110417
63500.0 7171.400114229527
63700.0 7082.40005054194
63900.0 6995.800075497696
64200.0 6872.200036640817
64600.0 6703.400085423794
65000.0 6541.799954615032
65400.0 6393.399929176042
65800.0 6244.59987240243
66200.0 6096.0002724259275
66600.0 5956.199735020188
67000.0 5816.3999007804305
67400.0 5680.400231874332
67800.0 5546.399784228626
68200.0 5427.600191066135
68600.0 5304.60011722326
69000.0 5185.599855335695
69400.0 5067.600020598899
69800.0 4957.600279736369
70200.0 4843.399948522953
70600.0 4740.400026930615
71000.0 4637.199831828854
71400.0 4535.999869350842
71800.0 4437.800398653767
72200.0 4341.5999846724535
72600.0 4248.39998832916
73000.0 4159.200042313374
73400.0 4068.799809993748
73800.0 3985.5998266703537
74200.0 3900.200159612419
74600.0 3793.600248359126
75000.0 3717.000208385094
75400.0 3662.3999304386466
75800.0 3588.80018017761
76200.0 3515.40008348073
76600.0 3444.000015453041
77000.0 3372.5999907455152
77400.0 3306.200146525285
77800.0 3240.6002534211843
78200.0 3176.200065021707
78600.0 3112.8001525811014
79000.0 3051.199955262615
79400.0 2990.800185591096
79800.0 2933.2002154484994
80200.0 2874.800132212274
80600.0 2818.999938970367
81000.0 2765.600066296837
81400.0 2711.0000785214856
81800.0 2659.6000299479133
82200.0 2610.8000346904473
82600.0 2561.20007430133
83000.0 2512.800106828135
83400.0 2464.999905045072
83800.0 2419.4000778315803
84200.0 2374.799931272993
84600.0 2331.199959137629
85000.0 2288.4001967380336
85400.0 2246.80020927828
85800.0 2205.9999778406004
86200.0 2165.399896363587
86600.0 2126.7999712875185
87000.0 2089.000019132288
87400.0 2048.8000438096633
87800.0 2012.0000582285334
88200.0 1977.9999810419142
88600.0 1943.1999236363065
89000.0 1908.600011685852
89400.0 1875.7999835600071
89800.0 1842.1999745137734
90200.0 1811.400049947188
90600.0 1780.6000766335305
91000.0 1748.7999961532669
91400.0 1719.1999349284486
91800.0 1690.400037960989
92200.0 1661.60006677782
92600.0 1633.8000083515667
93000.0 1606.200123340996
93400.0 1579.200021577065
93800.0 1552.5999715065734
94200.0 1527.5999833516757
94600.0 1501.8000312180811
95000.0 1477.2000805291643
95400.0 1452.4000585420067
95800.0 1429.4000951952441
96200.0 1405.5999226057424
96600.0 1382.8000735474704
97000.0 1361.0000251705412
97400.0 1338.1999853888083
97800.0 1316.4000534260722
98200.0 1296.399970853799
98600.0 1275.800045174663
99000.0 1255.799986174354
99400.0 1234.9999832117524
99800.0 1216.2000222342344
100200.0 1197.4000012340496
200000.0 77.3079990331255
400000.0 4.8465997558737
600000.0 0.9524000413058624
800000.0 0.29959999933028586
1000000.0 0.12206000469334946
1200000.0 0.05854600011884054
1400000.0 0.031453999305698706
1600000.0 0.018364001902184096
