wave flux
90.9000015258789 0.0
93.5 0.0
96.0999984741211 0.0
97.69999694824219 0.0
99.5999984741211 0.0
102.0 1.43800007775502e-22
103.80000305175781 6.442999817766518e-22
105.5999984741211 2.3169999405367805e-21
107.69999694824219 9.520999894906258e-21
110.4000015258789 5.3850000028836353e-20
114.0 4.807000029854446e-19
117.80000305175781 4.246000257793688e-18
121.30000305175781 2.820999924969945e-17
124.80000305175781 1.6970000151175504e-16
127.0999984741211 5.251000417121474e-16
128.39999389648438 9.776999659487359e-16
130.5 2.602999883739428e-15
132.39999389648438 6.1640003681616534e-15
133.89999389648438 1.1970000314474872e-14
136.60000610351562 3.8290001030781024e-14
139.8000030517578 1.43899995781816e-13
143.3000030517578 5.747000166522006e-13
147.1999969482422 2.504000182456665e-12
151.0 9.818999960675615e-12
155.1999969482422 4.128999856447186e-11
158.8000030517578 1.33799988724838e-10
162.0 3.6539999005500576e-10
166.0 1.2190000207895273e-09
170.3000030517578 4.194000018701595e-09
173.39999389648438 9.880000492768807e-09
176.8000030517578 2.445000043308918e-08
180.1999969482422 5.858000306458041e-08
181.6999969482422 8.530000374062655e-08
186.10000610351562 2.4849999604707197e-07
191.0 7.740000194863845e-07
193.89999389648438 1.4769999914563878e-06
198.39999389648438 3.8839998085755756e-06
201.8000030517578 7.841000723972047e-06
205.0 1.4880000481423649e-05
210.5 4.282000072250673e-05
216.1999969482422 0.00012099999894677556
219.8000030517578 0.00022719999162574626
223.0 0.00039070000141233554
226.8000030517578 0.0007339000059846131
230.0 0.1448000069970301
234.0 0.3305999880767169
240.0 0.6733000642299073
246.5 1.467000020335379
252.39999389648438 2.892000110427303
256.79998779296875 4.3840002495072214
260.0 7.897000057621946
264.0 12.720000843201111
268.5 20.629999509980514
273.5 32.98000130925446
278.5 50.34999916028841
284.0 112.50000412445887
290.0 186.19999459113458
296.0 293.000009491986
301.0 416.5000016458575
308.0 927.4000982172814
318.0 2227.0001461028987
328.0 4018.0001011142967
338.0 7918.9999459876235
348.0 14229.99990571787
357.0 64039.998688139545
366.0 150400.0082499957
375.0 205300.01428401057
385.0 338399.99216713465
395.0 765300.0207587797
405.0 1047000.0159578837
414.0 1556000.0404466346
422.0 1933999.8981465485
430.0 2573999.9264738145
441.0 3542999.839745934
451.0 4308000.310910168
460.0 5156000.451150985
470.0 6871000.319389043
480.0 8788999.872740645
490.0 10959999.596440148
500.0 13720000.830022968
506.0 47249998.61079175
512.0 456600025.3893548
520.0 451000030.008976
530.0 420900019.410128
540.0 409800005.5143905
550.0 567400028.7760323
560.0 744399999.9818465
570.0 812400008.8436009
580.0 720400036.3525813
590.0 839700030.5905163
600.0 697299973.2132905
610.0 932099989.9364783
620.0 1115000053.935706
630.0 1109000018.050429
640.0 1021000018.7849423
650.0 749200006.8604808
658.0 895800048.2168742
665.0 1142000033.185129
675.0 1269000066.8803134
685.0 1006999956.6680236
695.0 1496999883.6932616
705.0 1180000042.810647
716.0 1662000001.485074
726.0 1602000132.661123
735.0 1652999967.4717326
745.0 1687999947.4326415
755.0 1728999957.4256442
765.0 1816000013.2428372
775.0 1958000158.9150648
785.0 2077000119.4853334
795.0 2100999858.88784
805.0 2040000105.5569046
815.0 2024999964.0464082
825.0 2233000053.9948063
835.0 1682000110.4168892
845.0 2159000113.0950956
855.0 2151999976.6362963
865.0 2263000045.6509066
875.0 2351000232.4134407
885.0 2483000070.970035
895.0 2548000084.857032
905.0 2484999949.272237
915.0 4911000114.033873
925.0 19039999638.25441
935.0 26420001886.499683
945.0 28350000553.884773
955.0 28380002126.045994
965.0 28500001179.53454
975.0 8721999992.6175
985.0 20120000119.111874
995.0 22160000081.93527
1005.0 25439999817.965137
1015.0 26640001122.204082
1025.0 24450001156.95884
1035.0 24309999057.14238
1045.0 30189999752.213398
1055.0 28360000077.769733
1065.0 24320000145.83061
1075.0 26289998501.90612
1085.0 24650000034.387978
1095.0 26460000271.097633
1105.0 25279999367.308735
1115.0 24740000847.934902
1125.0 19359999427.576435
1135.0 24530000310.064766
1145.0 23409999645.85855
1155.0 23170002974.164574
1165.0 22620001689.47056
1175.0 13099999941.76678
1185.0 20770000039.640076
1195.0 20650001513.99017
1205.0 18269998339.778023
1215.0 17810000443.966686
1225.0 19919998992.924694
1235.0 21170000931.84144
1245.0 20010001057.502678
1255.0 20340002936.641216
1265.0 20790000683.706745
1275.0 21290001015.435368
1285.0 21190001207.17474
1295.0 18580001216.932613
1305.0 19239999892.343193
1315.0 20820000674.228645
1325.0 19960001275.205265
1335.0 19330001850.975536
1345.0 19490002363.87134
1355.0 19210001367.841454
1365.0 18539999405.695892
1375.0 17980000811.048004
1385.0 17269999963.68672
1395.0 11619999813.360737
1405.0 12969999738.318745
1415.0 16330001052.772022
1425.0 15289999685.398155
1435.0 16069999118.32047
1442.0 16190000492.397888
1447.0 16029999824.848139
1455.0 15410000425.23648
1465.0 14780000026.63209
1475.0 15070000768.966059
1485.0 14970000924.434496
1495.0 14590000661.387098
1505.0 13980000034.040007
1512.0 13200000214.847307
1517.0 13510000021.521746
1525.0 13260000504.999582
1535.0 11499999993.842836
1545.0 10350000612.764849
1555.0 10209999755.055042
1565.0 11469999898.701862
1575.0 12200000420.454237
1585.0 12240000514.198256
1595.0 12100000104.781834
1605.0 11599999587.439428
1615.0 11200001144.017698
1625.0 11349999968.826675
1635.0 11729999969.5468
1645.0 11750000291.566206
1655.0 11640000782.709028
1665.0 11570000195.812977
1672.0 10850000223.044827
1677.0 12389999003.434475
1685.0 11749999308.157957
1695.0 11230000523.953
1705.0 11140000326.095295
1715.0 10560000715.265368
1725.0 10360000101.092903
1735.0 10680001430.316772
1745.0 10510000875.972454
1755.0 10469999551.700104
1765.0 10439999745.643711
1775.0 9973000141.619759
1785.0 10119999446.858736
1795.0 10050000202.978199
1805.0 10119999221.251534
1815.0 9523999792.8508
1825.0 9645000082.897297
1835.0 9551999738.306656
1845.0 8835000005.124187
1855.0 9045000264.963879
1865.0 9123000461.906296
1875.0 9114000567.70162
1885.0 8412000882.903077
1895.0 7999000543.298064
1905.0 8438000401.590221
1915.0 8150000544.700116
1925.0 7708000740.679511
1935.0 8180000481.445309
1945.0 8348000180.080175
1955.0 7533000425.854607
1967.0 8018999415.420071
1976.0 8329999860.473408
1984.0 7858000293.416991
1995.0 7690000285.73823
2005.0 7879000273.142983
2015.0 7882000267.999244
2025.0 7986999547.555399
2035.0 7458999612.013973
2045.0 7468000651.847005
2055.0 6791999989.079781
2065.0 6722000217.530434
2074.0 7188000031.942451
2078.0 6843999919.729814
2085.0 7201000219.96639
2095.0 6883000216.947789
2105.0 7051000010.344754
2115.0 7090999929.5291
2125.0 7101000494.411084
2135.0 7010999684.441785
2145.0 6747000071.995266
2155.0 6882999963.056621
2165.0 6776000128.223419
2175.0 6715999967.765503
2185.0 6610999740.441787
2195.0 6634000137.670991
2205.0 6562000225.671174
2215.0 6471999822.351507
2225.0 6352000108.373269
2235.0 6238000203.910641
2245.0 6229000188.174104
2255.0 6117999940.299763
2265.0 6089999597.681313
2275.0 6034999652.32757
2285.0 5953000377.584887
2295.0 5294000570.176796
2305.0 5763999536.702022
2315.0 5671000599.387629
2325.0 5623000020.841151
2335.0 5523999703.87152
2345.0 5532000363.254988
2355.0 5454000327.260151
2365.0 5391000285.646209
2375.0 5294000282.942189
2385.0 5202000257.361514
2395.0 5151000145.50568
2405.0 5115000302.080485
2415.0 5045999901.247192
2425.0 5016000335.5496
2435.0 4917000357.669427
2445.0 4886000305.833347
2455.0 4846000133.667962
2465.0 4774000097.393559
2475.0 4697999708.341648
2485.0 4549999952.95897
2495.0 3312000173.9642053
2505.0 4328999933.443931
2513.0 4330999978.170117
2518.0 4402999716.21523
2525.0 4441000240.617783
2535.0 4412000541.179473
2545.0 4298999855.008853
2555.0 4282000316.6542478
2565.0 4249000120.2495813
2575.0 4207000202.304501
2585.0 4159000236.948888
2595.0 4111000143.0640383
2605.0 4080999908.0496745
2615.0 4012000180.9089394
2625.0 3979999776.3315096
2635.0 3942999869.713889
2645.0 3887000040.983324
2655.0 3851000318.8799996
2665.0 3762000328.178249
2675.0 3718999937.4071417
2685.0 3720000116.3285804
2695.0 3626000336.371952
2705.0 3589000043.2919393
2715.0 3560000211.177948
2725.0 3537000123.9816117
2735.0 3486000365.5301065
2745.0 3465999933.6504283
2755.0 3434000019.147217
2765.0 3384000181.468223
2775.0 3375000021.200301
2785.0 3321999893.234435
2795.0 3228000228.1809573
2805.0 3241000182.5294876
2815.0 3228000108.7004323
2825.0 3189000004.0431747
2835.0 3115999989.082753
2845.0 3123000048.637435
2855.0 3075000066.807476
2865.0 3047000163.584982
2875.0 3016000132.0543914
2885.0 2988000074.590496
2895.0 2952999884.9567747
2910.0 2892000098.5388536
2930.0 2850000043.5476847
2950.0 2772999992.0138597
2970.0 2723999993.9086633
2990.0 2659000123.516588
3010.0 2582000203.2777886
3030.0 2542000258.3146772
3050.0 2503999993.4692917
3070.0 2462000051.816912
3090.0 2380000076.436229
3110.0 2362000012.582051
3130.0 2305999953.352233
3150.0 2264999842.7180123
3170.0 2216000032.56857
3190.0 2171999946.668409
3210.0 2130000011.339698
3230.0 2084000076.8538957
3250.0 2054000008.6830282
3270.0 2003999986.8161418
3290.0 1967999961.217981
3310.0 1931000164.241087
3330.0 1887999940.7770119
3350.0 1851000083.5284553
3370.0 1816000065.7701793
3390.0 1791000150.6466727
3410.0 1757999972.492262
3430.0 1725000121.4713671
3450.0 1687000187.8411293
3470.0 1657000156.0553768
3490.0 1626000071.7637942
3510.0 1597999947.781481
3530.0 1572999876.7114425
3550.0 1543000128.6338165
3570.0 1516000089.9346635
3590.0 1481000045.3510005
3610.0 1454000075.1414385
3630.0 1428999996.8987534
3640.0 1420000097.7846055
3650.0 1376000074.0676432
3670.0 1357000097.2823977
3690.0 1323999953.9025075
3710.0 1295000133.5893705
3730.0 1277000000.336495
3750.0 1309999952.5381641
3770.0 1287000123.5759668
3790.0 1283000145.6552382
3810.0 1296000073.5074627
3830.0 1216000048.7584746
3850.0 1267000144.1707072
3870.0 1231000023.2611864
3890.0 1164999862.460069
3910.0 1207000045.5366144
3930.0 1172000099.5296826
3950.0 1157999978.8247263
3970.0 1079000084.2808087
3990.0 1125999916.1440563
4010.0 1106000071.2591105
4030.0 1080000005.1903942
4050.0 1072000029.7750522
4070.0 1039000063.5910683
4090.0 1011999993.4153004
4110.0 962400047.2462426
4130.0 992499967.9698493
4150.0 980800017.300452
4170.0 970900041.64249
4190.0 955000021.1703913
4210.0 941900039.4097322
4230.0 927400080.5974153
4250.0 907100026.3478521
4270.0 887400002.1672719
4290.0 876499996.325453
4310.0 858600015.7123257
4330.0 837500026.282086
4350.0 791900062.1434641
4370.0 820599980.2896458
4390.0 809800039.6523895
4410.0 797200005.051074
4430.0 790400019.3760427
4450.0 776700028.0676821
4470.0 758000021.6446267
4490.0 754300081.5539619
4510.0 742199975.7352135
4530.0 732600055.4557536
4550.0 720000011.7189441
4570.0 710199994.748261
4590.0 698600015.1774513
4610.0 687600020.9380895
4630.0 676400013.0460222
4650.0 649999955.1087929
4670.0 655700098.897096
4690.0 646599985.2726258
4710.0 632800005.3532082
4730.0 631999983.3135078
4750.0 621599985.5934182
4770.0 616400027.825242
4790.0 607300034.8696291
4810.0 597400017.9691292
4830.0 587800025.2437489
4850.0 577200005.9635028
4870.0 541199992.7484026
4890.0 564300026.2853861
4910.0 555999994.3628567
4930.0 543500026.7082258
4950.0 538600011.2878217
4970.0 534100008.49785805
4990.0 526499987.309373
5010.0 512099983.6721793
5030.0 511100040.76869476
5050.0 502900020.4054115
5070.0 497899998.1750287
5090.0 490800007.66147363
5110.0 483900031.24223566
5130.0 476500023.5697089
5150.0 470099998.3614797
5170.0 464100003.61079496
5190.0 458300009.94439745
5210.0 452299986.7864706
5230.0 446100023.88619584
5250.0 439700043.21272016
5270.0 433599996.21586514
5290.0 428500004.48398024
5310.0 422700010.87577546
5330.0 417299993.2886572
5350.0 411800007.9986319
5370.0 406399983.6826265
5390.0 400700001.2990171
5410.0 394900018.75721
5430.0 390700009.6536918
5450.0 385499997.4958807
5470.0 380499998.4606881
5490.0 375599988.8355894
5510.0 370900009.3339238
5530.0 366000016.4895621
5550.0 361600002.88709205
5570.0 356800024.82879645
5590.0 352000009.6985503
5610.0 347999992.3155658
5630.0 343600003.4249423
5650.0 339100006.8692505
5670.0 334000005.43628794
5690.0 327599993.04860115
5710.0 323500002.95815074
5730.0 319600012.7529093
5750.0 315000020.3212163
5770.0 312099996.739988
5790.0 308299988.56356275
5810.0 304500007.46234804
5830.0 300700023.1863333
5850.0 297800015.51454884
5870.0 289599996.39772326
5890.0 290200001.0033567
5910.0 287499994.4722474
5930.0 284300012.36801213
5950.0 280999993.1531827
5970.0 278400002.022595
5990.0 274499990.924265
6010.0 271499979.84480387
6030.0 268000016.78088933
6050.0 264999998.58276698
6070.0 262100006.1622638
6090.0 258999999.43359828
6110.0 255900011.45075855
6130.0 253000001.62941206
6150.0 249599995.94488785
6170.0 246800010.84970272
6190.0 244200022.39026704
6210.0 241499982.82770386
6230.0 238599998.58575395
6250.0 235799985.86541197
6270.0 233099991.25335866
6290.0 230500019.07450873
6310.0 227700009.04661
6330.0 225299993.61132562
6350.0 222599999.0369376
6370.0 220200001.75533575
6390.0 217700015.8484973
6410.0 215100009.53705475
6430.0 212800003.16165838
6450.0 210400006.64958295
6470.0 207699990.7560509
6490.0 205400005.56540558
6510.0 203299997.493486
6530.0 200899992.7151666
6550.0 198000008.93916708
6570.0 183599993.86984155
6590.0 193699990.67389375
6610.0 192299999.29061612
6630.0 190299998.5166478
6650.0 188100009.63048577
6670.0 184999991.5759807
6690.0 183000012.3066159
6710.0 182000004.4089938
6730.0 179700011.76474065
6750.0 178100000.12527058
6770.0 176299994.6554093
6790.0 173900005.2608726
6810.0 172499994.5603517
6830.0 170599998.95956734
6850.0 168899988.4764702
6870.0 167100000.35802317
6890.0 165100008.94680598
6910.0 163300008.217044
6930.0 161900003.89583498
6950.0 160200011.58655292
6970.0 158499998.30209664
6990.0 156800001.7188731
7010.0 155200000.90389863
7030.0 153400008.37527165
7050.0 151900000.40696922
7070.0 148700000.08611977
7090.0 148900000.44803086
7110.0 146900003.97085494
7130.0 145500002.0764564
7150.0 144300002.0577409
7170.0 142699997.50664932
7190.0 141399998.52112317
7210.0 139900004.02734846
7230.0 137400004.30788916
7250.0 136900006.34071806
7270.0 135700005.66131458
7290.0 133600002.85933998
7310.0 132999996.85290718
7330.0 131600005.58523926
7350.0 130300004.10190369
7370.0 129099996.32463051
7390.0 127800000.72899678
7410.0 126500007.39268504
7430.0 125200004.53883336
7450.0 124000000.52911334
7470.0 122499996.14602183
7490.0 121399997.05096579
7510.0 120300005.2264601
7530.0 119199997.40965188
7550.0 118000005.59416826
7570.0 116899999.46623525
7590.0 115600001.44303717
7610.0 114500007.2394224
7630.0 113500005.02802701
7650.0 112400003.46095178
7670.0 111300009.02565154
7690.0 110199998.94436866
7710.0 109200008.57632454
7730.0 108100002.60265425
7750.0 107099996.10664296
7770.0 106099999.10329726
7790.0 105100000.30428796
7810.0 104099999.72341014
7830.0 103099997.374318
7850.0 102200002.9000494
7870.0 101099998.5266236
7890.0 100100001.9983611
7910.0 99299996.83003956
7930.0 98329999.0490023
7950.0 97460006.87171549
7970.0 96499998.87368304
7990.0 95649997.59090929
8010.0 94689999.18836902
8030.0 93829993.86111279
8050.0 93010000.73003305
8070.0 92160002.30424847
8090.0 91239993.6409708
8110.0 90079998.69946945
8130.0 89680002.18630673
8150.0 88750003.18862015
8170.0 88049999.42171828
8190.0 87029998.322963
8210.0 85929999.90712756
8230.0 85090000.49694657
8250.0 84570001.75469771
8270.0 83340000.269857
8290.0 82979998.06852965
8310.0 82289998.7710992
8330.0 81510004.71785976
8350.0 80559997.64084572
8370.0 79920000.31664327
8390.0 79330002.02342768
8410.0 78559999.86716248
8430.0 77879997.03326154
8450.0 76979999.43127593
8470.0 76199999.8649456
8490.0 76089996.74493694
8510.0 74460004.62426889
8530.0 74970003.57595612
8550.0 72629999.211475
8570.0 74199997.01664639
8590.0 71890002.60530628
8610.0 71139998.99318227
8630.0 72630004.06013863
8650.0 71450000.4014212
8670.0 67629998.57195061
8690.0 70929996.06859067
8710.0 70569999.44978595
8730.0 69350001.20024519
8750.0 65010000.22606085
8770.0 68010003.00921486
8790.0 68210002.84721974
8810.0 67619999.38170168
8830.0 67020003.95546908
8850.0 65280005.71642449
8870.0 61810003.9499941
8890.0 65290001.46670004
8910.0 64809998.12724168
8930.0 64220006.548863485
8950.0 63740000.37118258
8970.0 63249998.82641361
8990.0 62369999.94615268
9010.0 58500004.41524193
9030.0 60460000.726062015
9050.0 61149997.968919404
9070.0 60360000.41366358
9090.0 60040001.05961212
9110.0 59660000.840131186
9130.0 59190002.38054342
9150.0 58709999.11413323
9170.0 58150001.316978626
9190.0 57740003.858198605
9210.0 56590001.63027166
9230.0 52750000.37027604
9250.0 55900002.18417521
9270.0 55849998.14895531
9290.0 55409998.91799781
9310.0 54849999.27659487
9330.0 54409998.82996362
9350.0 54020002.406918354
9370.0 53640001.912029006
9390.0 53240001.83241634
9410.0 52790001.700720415
9430.0 52370001.071508944
9450.0 51960001.77023062
9470.0 51410001.20725393
9490.0 51130001.9910158
9510.0 50449997.25578425
9530.0 49630002.8755798
9550.0 46390000.83492442
9570.0 49340002.9506108
9590.0 49180001.54952736
9610.0 48680000.31901071
9630.0 48230000.51283663
9650.0 48030000.50152305
9670.0 47659997.775601454
9690.0 47270000.850955956
9710.0 46480003.4158084
9730.0 46500002.25336311
9750.0 46190000.64512818
9770.0 45839999.400498964
9790.0 45480000.935725994
9810.0 45100002.76968767
9830.0 44789999.84447383
9850.0 44440002.849231
9870.0 44090003.57968029
9890.0 43710002.38145106
9910.0 43269999.337096855
9930.0 43100000.65961263
9950.0 42770001.23272732
9970.0 42439998.18985102
9990.0 42130001.02304348
10025.0 40989998.630239144
10075.0 39800000.30368547
10125.0 39899998.492226675
10175.0 39300000.12856435
10225.0 38570000.888856314
10275.0 37870000.120385796
10325.0 37079998.911195844
10375.0 36499999.3576878
10425.0 35840002.8181382
10475.0 35199997.85896055
10525.0 34560001.62976242
10575.0 33949999.51987953
10625.0 33340001.19524998
10675.0 32720001.39645056
10725.0 32169999.932049602
10775.0 31609999.224250898
10825.0 30789999.197647657
10875.0 30510001.213885203
10925.0 28849999.882494938
10975.0 29340001.50104027
11025.0 28869998.686906803
11075.0 28460000.438180562
11125.0 27979999.302366275
11175.0 27510002.597720545
11225.0 27030000.26389991
11275.0 26580002.129957322
11325.0 26119998.84550493
11375.0 25699998.071459264
11425.0 25269998.77570248
11475.0 24850001.356171396
11525.0 24450001.43577735
11575.0 24040001.28384738
11625.0 23639998.774329145
11675.0 23240000.710848767
11725.0 22890001.552354366
11775.0 22519999.80123492
11825.0 22149999.935400456
11875.0 21800000.58838489
11925.0 21450000.218299497
11975.0 21010000.373811796
12025.0 20780000.776452675
12075.0 20450000.031378776
12125.0 20130000.284752347
12175.0 19810000.70116153
12225.0 19499999.296452925
12275.0 19200000.227773797
12325.0 18900000.307622284
12375.0 18609999.92469209
12425.0 18329999.653789606
12475.0 18040000.30474105
12525.0 17739999.557988584
12575.0 17490000.127523772
12625.0 17230000.431475226
12675.0 16980001.162591796
12725.0 16719999.541974064
12775.0 16330000.284789015
12825.0 15620000.400211796
12875.0 15980000.690936692
12925.0 15749999.411414526
12975.0 15460001.470065735
13025.0 15280001.052549658
13075.0 15059999.322375469
13125.0 14840001.350956647
13175.0 14630000.36706312
13225.0 14420000.16130258
13275.0 14210000.72488257
13325.0 14000000.409995781
13375.0 13799999.83579901
13425.0 13590000.407130742
13475.0 13409999.731995251
13525.0 13209999.417809438
13575.0 13030000.380638042
13625.0 12840000.056315884
13675.0 12670000.436926698
13725.0 12480000.134926548
13775.0 12320000.006728677
13825.0 12150000.197757183
13875.0 11980000.120029656
13925.0 11810000.560700784
13975.0 11649999.43297337
14025.0 11490000.720958438
14075.0 11340000.339753699
14125.0 11179999.60517092
14175.0 11029999.87135655
14225.0 10879999.770072859
14275.0 10730000.835242901
14325.0 10589999.889203629
14375.0 10450000.435382627
14425.0 10310000.187036086
14475.0 10169999.906857917
14525.0 10030000.347040229
14570.0 9916000.874578426
14620.0 9782999.575307926
14675.0 9642000.370976029
14725.0 9515999.704243911
14775.0 9390000.342899518
14825.0 9271000.435501287
14875.0 9151000.33656638
14925.0 9032999.877335437
14975.0 8917000.176853316
15025.0 8799000.341885675
15075.0 8677000.557260623
15125.0 8574999.85877705
15175.0 8465000.159482956
15225.0 8362999.911366373
15275.0 8244999.862972257
15325.0 8138999.888826642
15375.0 8052000.090468462
15425.0 7919999.90639582
15475.0 7854000.052558737
15525.0 7760000.246892892
15575.0 7600999.844804026
15625.0 7588000.045845517
15675.0 7458000.193049584
15725.0 7308000.063388284
15775.0 7318000.110758657
15825.0 7228000.289841292
15875.0 6977000.551429795
15925.0 7044000.123793877
15975.0 6985000.142987996
16050.0 6844000.288953506
16150.0 6591000.279872101
16250.0 6537000.618436486
16350.0 6364999.995456088
16450.0 6129000.046647162
16550.0 6087999.687248751
16650.0 5946999.98810242
16750.0 5791000.121163601
16850.0 5576999.982135794
16950.0 5546999.880428318
17050.0 5401999.690600728
17150.0 5299000.373507721
17250.0 5180999.840135419
17350.0 4959000.109488711
17450.0 4951000.253830957
17550.0 4844000.253077687
17650.0 4737999.869298054
17750.0 4633999.8429939225
17850.0 4530999.894283583
17950.0 4436000.008850653
18050.0 4340999.999204148
18150.0 4160000.0992269604
18250.0 4150999.9146383046
18350.0 4069999.9094299693
18450.0 3984000.245801428
18550.0 3897999.9744824423
18650.0 3801999.9713520925
18750.0 3656000.170447813
18850.0 3663999.9693308095
18950.0 3587999.9634477226
19050.0 3508000.151550548
19150.0 3445000.0796071575
19250.0 3375000.0549325505
19350.0 3308000.2666951437
19450.0 3164000.0315344613
19550.0 3174000.1495506754
19650.0 3113999.9855803344
19750.0 3052999.9847415797
19850.0 2992999.985489455
19950.0 2935000.120758881
20050.0 2878000.1175650475
20150.0 2821999.9939708808
20250.0 2767999.898671527
20350.0 2715000.0850777593
20450.0 2663000.0307984627
20550.0 2607999.973110108
20650.0 2563999.927735248
20750.0 2515000.149537411
20850.0 2468999.989304715
20950.0 2421999.978026028
21050.0 2377000.0800283793
21150.0 2325999.9876989257
21250.0 2291000.045446501
21350.0 2249000.0275118486
21450.0 2208000.027210171
21550.0 2168000.059257897
21650.0 2074999.9837311176
21750.0 2089999.9563105376
21850.0 2053000.000967382
21950.0 2017000.135731462
22050.0 1982000.002543144
22150.0 1947000.106115401
22250.0 1911999.9524327824
22350.0 1878999.9842799546
22450.0 1846000.0647153263
22550.0 1814000.0167644827
22650.0 1783000.0974407839
22750.0 1752000.0445172924
22850.0 1722000.058297027
22950.0 1693000.0329941094
23050.0 1663999.9348831144
23150.0 1636000.092746734
23250.0 1609000.0474374837
23350.0 1581999.9878133861
23450.0 1555000.03048418
23550.0 1530000.0050286606
23650.0 1503999.947664815
23750.0 1479000.0788135948
23850.0 1455000.0662009316
23950.0 1431000.0662841739
24050.0 1407999.9806075802
24150.0 1384999.992395512
24250.0 1362999.974291001
24350.0 1339999.9954701655
24450.0 1317999.958494511
24550.0 1298999.9878858621
24650.0 1277000.0975072798
24750.0 1255000.051944276
24850.0 1239999.9420547253
24950.0 1213999.991343158
25050.0 1202000.0048245024
25150.0 1184000.089023214
25250.0 1154999.9467145482
25350.0 1146000.0174217916
25450.0 1129999.9618588674
25550.0 1112000.08031395
25650.0 1082000.0291673874
25750.0 1077999.9633541142
25850.0 1061999.9937479014
25950.0 1046000.0316542451
26050.0 1029000.015350907
26150.0 996600.0129595428
26250.0 972400.0296947875
26350.0 984299.9483663846
26450.0 970300.0149540268
26550.0 955299.9898112448
26650.0 940999.9644504215
26750.0 908799.9612003703
26850.0 913299.9788788548
26950.0 901099.9980973813
27050.0 888100.0024457157
27150.0 875199.9945544226
27250.0 862499.9663283332
27350.0 850100.044462058
27450.0 837999.9329340679
27550.0 809099.9887622589
27650.0 811000.0083727237
27750.0 802700.0171878255
27850.0 791399.9889984991
27950.0 780200.0141438473
28050.0 769200.054679037
28150.0 758499.9615732882
28250.0 748000.002663646
28350.0 737600.0231766119
28450.0 727400.019979657
28550.0 717100.0078526601
28650.0 706100.0079713234
28750.0 680900.0324870375
28850.0 688300.0177883412
28950.0 678899.99914029
29050.0 669700.0320359607
29150.0 660699.9776663249
29250.0 651800.0116756461
29350.0 642999.9947257078
29450.0 634400.0513578451
29550.0 625999.9982219181
29650.0 617700.0227172179
29750.0 609500.0333731436
29850.0 601399.9856768901
29950.0 593500.0191520742
30050.0 585700.012515399
30150.0 577900.0408671363
30250.0 570500.0223224219
30350.0 551699.9933527737
30450.0 551600.0399412452
30550.0 548600.0221273332
30650.0 541500.0010087983
30750.0 534399.9895876904
30850.0 527600.0004510637
30950.0 521099.9924015481
31050.0 514500.0224428457
31150.0 507900.0067475239
31250.0 501400.02410880016
31350.0 495199.9853840136
31450.0 489000.0058095121
31550.0 482899.99038235005
31650.0 476899.9835922793
31750.0 470900.022214683
31850.0 465100.006465268
31950.0 459400.002301364
32100.0 450900.0208016764
32300.0 439999.9985747644
32500.0 429299.9913862553
32700.0 419000.00912575703
32900.0 402400.02263022127
33100.0 398400.0138058751
33300.0 389499.9890049953
33500.0 380500.00088925776
33700.0 371599.99179478944
33900.0 363700.0051066543
34100.0 355300.0084568779
34300.0 347100.0153073718
34500.0 339200.018107372
34700.0 331499.98059259204
34900.0 323900.0082868311
35100.0 316600.00573090103
35300.0 309499.993902598
35500.0 302500.0165206944
35700.0 295800.02209817665
35900.0 289600.0094480494
36100.0 282900.00335849205
36300.0 277100.0140657004
36500.0 270600.0081087561
36700.0 265300.0131129493
36900.0 258900.00106410825
37100.0 253800.01207869116
37300.0 247100.01347226952
37500.0 239899.9952373731
37700.0 238399.99234377884
37900.0 233499.98615716057
38100.0 227899.99051730998
38300.0 223400.00336004118
38500.0 219300.01160635892
38700.0 214799.99112003358
38900.0 210500.00154341792
39100.0 204700.00498985575
39300.0 202100.00907206265
39500.0 198000.0027290019
39700.0 194099.9950770163
39900.0 190300.00163762388
40100.0 185800.00938305078
40300.0 181300.00292078545
40500.0 176499.99709455963
40700.0 175800.0092372817
40900.0 172400.01024212522
41100.0 169099.99457847778
41300.0 165700.00801489607
41500.0 162700.00483064813
41700.0 157500.01238439637
41900.0 156599.99964459616
42100.0 153600.00681105218
42300.0 150800.00474116334
42500.0 147899.99537144686
42700.0 145199.9960120264
42900.0 142300.0092014818
43100.0 139900.00284214068
43300.0 137400.00185204085
43500.0 134900.00231522354
43700.0 130599.99858636777
43900.0 129800.00369805316
44100.0 127700.00189275679
44300.0 125399.99845184233
44500.0 123199.99849449245
44700.0 121100.00341658313
44900.0 119000.00338947654
45100.0 116899.99847901569
45300.0 114799.99628355597
45500.0 112800.00173596045
45700.0 110899.9937436823
45900.0 109000.00767978774
46100.0 107100.00624417984
46300.0 105299.99883290287
46500.0 101400.00768957866
46700.0 99879.99343237514
46900.0 99810.00391814274
47100.0 98299.99873753954
47300.0 96650.00449672058
47500.0 95030.00596250624
47700.0 93459.99504032268
47900.0 91909.9987385195
48100.0 90390.0056590961
48300.0 88910.00147350562
48500.0 87450.00006965407
48700.0 86030.00028150906
48900.0 84629.99787119009
49100.0 83260.0006374203
49300.0 81920.00337166857
49500.0 80610.00094958214
49700.0 79319.99726622939
49900.0 78060.00379881386
50100.0 76820.00188923626
50300.0 75600.00410724473
50500.0 74419.99926585726
50700.0 73250.00417964239
50900.0 72060.00404994244
51100.0 70960.00292642355
51300.0 68589.99984214497
51500.0 68810.0048073681
51700.0 67669.99816106944
51900.0 66720.0022102013
52100.0 65700.00525411915
52300.0 64699.99876444243
52500.0 63700.005803823704
52700.0 62640.001882496836
52900.0 61819.996577843114
53100.0 60889.99970418883
53300.0 59990.00065655462
53500.0 59100.0029910535
53700.0 58110.00044030383
53900.0 57259.99907244877
54100.0 56520.002364703054
54300.0 55690.000253266655
54500.0 54880.00392123768
54700.0 54079.998634010066
54900.0 53300.00157085861
55100.0 52489.997126454764
55300.0 51519.99980122071
55500.0 51030.00434786987
55700.0 50300.00283808925
55900.0 49589.999311914326
56100.0 48890.00091486648
56300.0 48189.99918182605
56500.0 47519.99920988221
56700.0 46850.000979228025
56900.0 46189.99982475057
57100.0 45169.99827511066
57300.0 44909.99887339585
57500.0 44300.00061740966
57700.0 43679.99750599588
57900.0 43079.99755467907
58100.0 42500.0027149867
58300.0 41910.00257162951
58500.0 41369.99796648217
58700.0 40809.99895004237
58900.0 40219.99990665434
59100.0 38889.99908958791
59300.0 39170.000541661866
59500.0 38229.99843757042
59700.0 38030.00250402002
59900.0 37630.000959821286
60100.0 37130.000764706376
60300.0 36640.00133955388
60500.0 36159.99939876559
60700.0 35690.00294470796
60900.0 35220.00016080709
61100.0 34760.00036738097
61300.0 34310.00029997613
61500.0 33859.99986195874
61700.0 33429.99990235657
61900.0 32999.999896521156
62100.0 32569.9998448992
62300.0 32159.999696642848
62500.0 31749.999823387763
62700.0 31330.001449448784
62900.0 30449.998817268937
63100.0 30519.99912323787
63300.0 30170.00119984542
63500.0 29790.001793157993
63700.0 29420.001636554585
63900.0 29050.002374142547
64200.0 28510.00006347812
64600.0 27810.000616867008
65000.0 27129.999398165066
65400.0 26469.99996526402
65800.0 25840.0002859599
66200.0 25220.000762156324
66600.0 24620.000546544485
67000.0 24029.999136623082
67400.0 23460.00107895664
67800.0 22690.00028052706
68200.0 22380.000784793785
68600.0 21860.000872743534
69000.0 21359.999983069563
69400.0 20869.999230919853
69800.0 20400.000175112422
70200.0 19940.001157111827
70600.0 19490.00018368606
71000.0 19039.999780096143
71400.0 18630.000626340046
71800.0 18210.00014438167
72200.0 17810.000168994884
72600.0 17399.998889095434
73000.0 17040.000795160988
73400.0 16669.999882035
73800.0 16309.99948118042
74200.0 15940.000646611681
74600.0 15420.00108741718
75000.0 14950.000460013702
75400.0 14959.999961547273
75800.0 14660.000702077612
76200.0 14349.999394558838
76600.0 14049.999948069399
77000.0 13760.00050663467
77400.0 13480.000354957434
77800.0 13160.00061756614
78200.0 12930.000840717164
78600.0 12670.000097383218
79000.0 12420.001015535317
79400.0 12169.999933587724
79800.0 11920.000089093513
80200.0 11690.000334761335
80600.0 11460.000170960848
81000.0 11230.000657077657
81400.0 10960.000439232996
81800.0 10790.000281896653
82200.0 10589.999457549979
82600.0 10380.000341376242
83000.0 10180.00005774302
83400.0 9990.000005700142
83800.0 9800.000516077838
84200.0 9615.000131869003
84600.0 9434.000126257903
85000.0 9256.000496963714
85400.0 9084.000192398322
85800.0 8914.999747270573
86200.0 8749.999636531142
86600.0 8519.000687080685
87000.0 8431.000072146007
87400.0 8224.000273054042
87800.0 8073.000411504432
88200.0 7981.000546087084
88600.0 7837.000123392542
89000.0 7695.999984637758
89400.0 7559.000098833962
89800.0 7425.00023703512
90200.0 7293.000413833826
90600.0 7165.000226432055
91000.0 7039.999986659011
91400.0 6917.000237218556
91800.0 6795.999921696108
92200.0 6679.000034322872
92600.0 6563.000349356463
93000.0 6450.999808876907
93400.0 6341.000409786482
93800.0 6171.000304090654
94200.0 6120.000117932457
94600.0 6024.000276557603
95000.0 5922.000408924814
95400.0 5820.999872869347
95800.0 5726.999884303217
96200.0 5632.000280734107
96600.0 5538.00027893492
97000.0 5448.000060493404
97400.0 5357.99975013094
97800.0 5271.000339969395
98200.0 5185.0003054775825
98600.0 5095.000310258002
99000.0 5018.9998431426875
99400.0 4938.0000893907045
99800.0 4858.999944467491
100200.0 4781.0000840385665
200000.0 296.099997993906
400000.0 18.049998875403496
600000.0 3.5070000112221296
800000.0 1.0969999970263689
1000000.0 0.44510001429714735
1200000.0 0.21310000822011038
1400000.0 0.1143000012566752
1600000.0 0.06662000354461586
