wave flux
90.9000015258789 0.0
93.5 0.0
96.0999984741211 0.0
97.69999694824219 0.0
99.5999984741211 0.0
102.0 0.0
103.80000305175781 0.0
105.5999984741211 0.0
107.69999694824219 0.0
110.4000015258789 0.0
114.0 0.0
117.80000305175781 0.0
121.30000305175781 0.0
124.80000305175781 0.0
127.0999984741211 0.0
128.39999389648438 0.0
130.5 0.0
132.39999389648438 0.0
133.89999389648438 0.0
136.60000610351562 0.0
139.8000030517578 0.0
143.3000030517578 0.0
147.1999969482422 0.0
151.0 0.0
155.1999969482422 0.0
158.8000030517578 0.0
162.0 0.0
166.0 0.0
170.3000030517578 0.0
173.39999389648438 0.0
176.8000030517578 0.0
180.1999969482422 0.0
181.6999969482422 0.0
186.10000610351562 0.0
191.0 0.0
193.89999389648438 0.0
198.39999389648438 0.0
201.8000030517578 0.0
205.0 0.0
210.5 0.0
216.1999969482422 0.0
219.8000030517578 0.0
223.0 0.0
226.8000030517578 0.0
230.0 0.0
234.0 0.0
240.0 0.0
246.5 0.0
252.39999389648438 0.0
256.79998779296875 0.0
260.0 0.0
264.0 0.0
268.5 0.0
273.5 0.0
278.5 0.0
284.0 0.0
290.0 0.0
296.0 0.0
301.0 0.0
308.0 0.0
318.0 9.66400047551607e-24
328.0 1.9162720017327714e-22
338.0 2.0225821137366364e-21
348.0 1.8360559223698458e-20
357.0 1.1979120082403294e-19
366.0 7.100668625332256e-19
375.0 3.853480058785819e-18
385.0 1.96604003123735e-18
395.0 9.706400454722008e-18
405.0 4.411120063490439e-17
414.0 1.611520086742629e-16
422.0 4.850720396021689e-16
430.0 1.396599945602387e-15
441.0 5.5952001076500834e-15
451.0 1.853620095385494e-14
460.0 5.193080352374106e-14
470.0 1.5528200809952152e-13
480.0 4.4168603717975993e-13
490.0 1.1999200355744419e-12
500.0 3.1207399844986328e-12
506.0 7.1840002787385044e-12
512.0 1.3900000543662986e-11
520.0 2.786460034957906e-11
530.0 6.483400279843184e-11
540.0 1.4316799570514727e-10
550.0 3.110419998341045e-10
560.0 6.509199816598496e-10
570.0 1.3239000476431101e-09
580.0 2.587200143198823e-09
590.0 5.048600222218113e-09
600.0 9.497200445084283e-09
610.0 1.748320151968158e-08
620.0 3.145599893284513e-08
630.0 5.542200250233428e-08
640.0 9.572399891667894e-08
650.0 1.624620004581785e-07
658.0 2.4462001024328206e-07
665.0 3.465239698319061e-07
675.0 5.628800140728536e-07
685.0 8.995400548120397e-07
695.0 1.4162200861177148e-06
705.0 2.1888401138909315e-06
716.0 3.5018001453841994e-06
726.0 5.276600103803432e-06
735.0 7.549399995609467e-06
745.0 1.110819964761209e-05
755.0 1.6153399743566803e-05
765.0 2.3238601103309106e-05
775.0 3.307600128145354e-05
785.0 4.661600432046077e-05
795.0 6.439200145010168e-05
805.0 8.94260032306719e-05
815.0 0.00012273999752220152
825.0 0.0001664719963225928
835.0 0.00022390201012073387
845.0 0.00029874001104572334
855.0 0.00039540002670623565
865.0 0.0005192600013606334
875.0 0.000674999992719982
885.0 0.000876199975019025
895.0 0.0011264399662196851
905.0 0.001433000060236383
915.0 0.5557400119811717
925.0 1.9154599245209822
935.0 2.514039931378325
945.0 3.2940002190126334
955.0 4.455800122082383
965.0 5.680000415847844
975.0 6.801599739371392
985.0 8.682000014446514
995.0 10.433000381895257
1005.0 13.520000427919019
1015.0 16.576400598851226
1025.0 18.901601328364585
1035.0 24.430000266021356
1045.0 29.800000263548622
1055.0 36.030001015267196
1065.0 42.65199807902872
1075.0 51.890002658190895
1085.0 62.42200113440469
1095.0 73.14199985482705
1105.0 188.4700039826701
1115.0 548.060000456046
1125.0 765.5599938525147
1135.0 1051.8599926532233
1145.0 1290.1800202054658
1155.0 1398.1600261700733
1165.0 1842.4399828239896
1175.0 2138.600105026801
1185.0 2232.799995372061
1195.0 1360.600021130854
1205.0 1291.3200436220159
1215.0 338.54000461708046
1225.0 1451.740013058041
1235.0 3156.400026885357
1245.0 6063.400050526312
1255.0 12208.800526766345
1265.0 12211.60023740611
1275.0 17541.00067299863
1285.0 24096.00207962328
1295.0 28584.0015764298
1305.0 25775.999829936696
1315.0 35196.00338511813
1325.0 40652.00039187402
1335.0 44464.00037229415
1345.0 53017.99976875554
1355.0 54166.00100450424
1365.0 59405.99833346388
1375.0 64280.0028299351
1385.0 68029.999664596
1395.0 76790.0021831669
1405.0 84512.00051439894
1415.0 88140.00141225584
1425.0 97075.99876162257
1435.0 97800.00018074225
1442.0 112364.00165598799
1447.0 117982.00796509538
1455.0 130274.00848265774
1465.0 131530.00867617762
1475.0 142843.99616662646
1485.0 155831.99649886368
1495.0 172597.99331881813
1505.0 188040.00017544022
1512.0 189999.99976325745
1517.0 203419.99608867508
1525.0 216040.00515886134
1535.0 329740.00635882193
1545.0 590539.9944654714
1555.0 576080.0019666007
1565.0 522039.992494338
1575.0 807160.0215015456
1585.0 1043560.0338067319
1595.0 1153180.003400114
1605.0 1233839.976472004
1615.0 1519540.0012483785
1625.0 1661440.0032270027
1635.0 2646800.1155436565
1645.0 5575400.170264942
1655.0 3050400.0271980367
1665.0 6681600.2506615
1672.0 3670999.99540901
1677.0 8873599.636757454
1685.0 12244599.841668628
1695.0 8286800.487062951
1705.0 10641600.448079308
1715.0 15394000.771303909
1725.0 16156000.252408573
1735.0 20506001.60183753
1745.0 19446000.095380887
1755.0 24200000.9272599
1765.0 15743999.840517815
1775.0 22169999.511204902
1785.0 22657999.789608154
1795.0 28511999.961703975
1805.0 23463999.126131218
1815.0 24828000.12560812
1825.0 22045999.15157758
1835.0 21200000.54816107
1845.0 17795999.373031937
1855.0 21156000.022506285
1865.0 24710000.981247876
1875.0 23882001.248508412
1885.0 24706000.64784205
1895.0 26343999.930789925
1905.0 23997999.551439136
1915.0 26632000.481989577
1925.0 25786000.596198995
1935.0 18632000.670915596
1945.0 28128000.212907195
1955.0 28603999.360230155
1967.0 31558000.20372196
1976.0 30650000.163756195
1984.0 28906001.3114222
1995.0 28525999.121320568
2005.0 26189999.57813345
2015.0 26049998.922810532
2025.0 23816000.326002397
2035.0 27780000.968361553
2045.0 30384001.031616226
2055.0 28828000.043060023
2065.0 27711999.274644896
2074.0 32282000.94179727
2078.0 34396000.051446564
2085.0 32905999.738444835
2095.0 30637999.946944274
2105.0 28244001.624463376
2115.0 29256001.13415798
2125.0 30322001.170600485
2135.0 24080001.71618548
2145.0 29152001.73906632
2155.0 29008000.125289805
2165.0 26553999.951155234
2175.0 26290000.236625575
2185.0 28314000.255211987
2195.0 30716002.37508398
2205.0 29052000.393615384
2215.0 25360000.95902325
2225.0 25269999.1569765
2235.0 30206000.64614149
2245.0 26856001.268252183
2255.0 24690000.501026966
2265.0 24516001.523140494
2275.0 26750001.128776442
2285.0 28612000.62531295
2295.0 25539999.899057098
2305.0 26767999.74290082
2315.0 25813998.854573976
2325.0 25167999.8370403
2335.0 21907999.355553064
2345.0 17815999.685595315
2355.0 25086000.543451395
2365.0 18806000.71494032
2375.0 22104000.22839335
2385.0 16226000.373994427
2395.0 19055999.940597255
2405.0 18548001.305787817
2415.0 19061999.640991673
2425.0 23628001.01934574
2435.0 22580000.546204593
2445.0 24862000.05073747
2455.0 24544000.139925327
2465.0 24635999.429681458
2475.0 22433999.62132964
2485.0 22732000.239128876
2495.0 21373998.809380855
2505.0 26878000.947341118
2513.0 21686000.23167398
2518.0 21821999.53493296
2525.0 19570001.427257076
2535.0 18284000.17984369
2545.0 17205999.86619874
2555.0 19967999.438802212
2565.0 19927999.03246838
2575.0 23521999.917004306
2585.0 23907999.90738563
2595.0 23210000.13328479
2605.0 21578001.03181898
2615.0 20264000.779396582
2625.0 24739999.847967844
2635.0 25542000.567300636
2645.0 30826001.630548816
2655.0 31790000.200112104
2665.0 26296001.170041043
2675.0 28913999.144757234
2685.0 28953999.250286724
2695.0 26188001.532058224
2705.0 27880001.259955905
2715.0 25092000.583092287
2725.0 25677999.90013075
2735.0 28294000.435676713
2745.0 20885999.75795822
2755.0 22639999.10630826
2765.0 24276001.85386559
2775.0 27572001.164643735
2785.0 24612000.562672902
2795.0 12284000.447150469
2805.0 15640000.973902218
2815.0 28700001.156820484
2825.0 30941999.02358189
2835.0 29290001.09307548
2845.0 27633999.546551026
2855.0 24850001.467009205
2865.0 29222001.0949536
2875.0 28585999.476447165
2885.0 28844000.242831927
2895.0 27300000.444343302
2910.0 32001999.25705504
2930.0 30135998.84436405
2950.0 29880000.433450878
2970.0 31207999.23044157
2990.0 31268000.021007203
3010.0 31824000.43090106
3030.0 31478001.737097263
3050.0 31431999.637477085
3070.0 31779998.129938476
3090.0 32188000.939259786
3110.0 31202000.95175371
3130.0 31038001.165783003
3150.0 31956001.768219013
3170.0 31756000.62208134
3190.0 29674000.09020994
3210.0 30651998.841257446
3230.0 29098000.59425282
3250.0 30392000.09997351
3270.0 31204000.990074933
3290.0 31319998.916463587
3310.0 31820002.18538822
3330.0 31060001.836092044
3350.0 30621998.886034083
3370.0 30182001.30438456
3390.0 30300000.677256774
3410.0 30396002.13323836
3430.0 30550001.629298642
3450.0 30337999.776287872
3470.0 29958000.862872947
3490.0 29960000.91876886
3510.0 30482001.907795504
3530.0 30161999.510365617
3550.0 30933999.55814382
3570.0 29490000.847074658
3590.0 29221999.904694226
3610.0 29311999.67921817
3630.0 29512001.715832714
3640.0 29130001.71422156
3650.0 30446001.781635493
3670.0 30198001.832560435
3690.0 29110000.439979754
3710.0 29058001.35211705
3730.0 28292000.097624052
3750.0 33524000.406970035
3770.0 35530001.622973055
3790.0 42751999.7854796
3810.0 49447998.64168787
3830.0 39374000.94428736
3850.0 54694000.839788556
3870.0 61388000.59926436
3890.0 36498000.76624048
3910.0 61363999.16724977
3930.0 55126000.7215198
3950.0 61067999.81432938
3970.0 34062000.74512829
3990.0 60626001.83342737
4010.0 69639997.43658112
4030.0 70174002.40093455
4050.0 69162003.00554633
4070.0 65089999.34555428
4090.0 51065999.68377481
4110.0 39498001.441539936
4130.0 62125999.42697341
4150.0 66852003.734663054
4170.0 67278003.477489
4190.0 66540002.94970456
4210.0 66556001.20318746
4230.0 64568000.88569668
4250.0 64907996.50459345
4270.0 62401997.62377079
4290.0 62314003.756749906
4310.0 56465999.51748716
4330.0 43595999.27701318
4350.0 37370001.15817188
4370.0 56966001.00272296
4390.0 59567999.14621297
4410.0 59227998.86404701
4430.0 58520000.44849423
4450.0 59459999.75241782
4470.0 59164001.757805094
4490.0 58407997.99737126
4510.0 59619999.396055855
4530.0 57562000.90750853
4550.0 56710003.90991935
4570.0 57991999.841155574
4590.0 56172000.66411048
4610.0 56819999.12893752
4630.0 55359999.394479
4650.0 55540001.75394229
4670.0 55336002.74711935
4690.0 53214000.20792922
4710.0 51156001.35200736
4730.0 53396001.20977217
4750.0 53078000.92230437
4770.0 52194001.89091174
4790.0 51379999.701383494
4810.0 49920001.68609221
4830.0 46872000.3649605
4850.0 36101999.33093622
4870.0 29168001.841299884
4890.0 43728001.55910671
4910.0 46906000.860615306
4930.0 46790000.06677702
4950.0 47583999.463363774
4970.0 47830001.110539556
4990.0 46344000.277416036
5010.0 45030000.80765842
5030.0 45934000.36937589
5050.0 45080002.271540724
5070.0 45596000.812704064
5090.0 44950002.339074895
5110.0 44828001.519903556
5130.0 43992000.0250753
5150.0 43077998.13764557
5170.0 42060002.503208764
5190.0 41684001.51853992
5210.0 41854000.20903479
5230.0 41377999.7496748
5250.0 41931997.90895782
5270.0 39585999.5017417
5290.0 40936002.20405536
5310.0 40420000.93994346
5330.0 38982000.85147498
5350.0 39856001.125653945
5370.0 39316000.17198134
5390.0 38958001.757916726
5410.0 38088003.31452156
5430.0 38262002.199544966
5450.0 38204002.662535295
5470.0 37762000.16994691
5490.0 37525999.93786029
5510.0 37300000.883957095
5530.0 36796000.469003156
5550.0 36735999.12869973
5570.0 36133999.413481556
5590.0 35712000.84472116
5610.0 35584002.442046225
5630.0 35513999.24126924
5650.0 35134001.446867116
5670.0 34610001.48783662
5690.0 34502001.82452546
5710.0 34160002.1200619
5730.0 34219999.83454795
5750.0 33673999.107053354
5770.0 33483998.14206207
5790.0 33132000.02838921
5810.0 32912000.31681017
5830.0 32684001.996765886
5850.0 32290002.232356228
5870.0 32028001.2959518
5890.0 31325999.102146905
5910.0 31484002.534171358
5930.0 31212000.741639074
5950.0 30942001.164376855
5970.0 30708000.648246165
5990.0 30355999.681700274
6010.0 29954000.794660628
6030.0 29788000.213694133
6050.0 29612000.525525592
6070.0 29458001.2240284
6090.0 29122000.627021663
6110.0 28798001.27264341
6130.0 28307999.681624748
6150.0 27878001.035518028
6170.0 27732000.179639623
6190.0 27924001.851127446
6210.0 27701999.711275585
6230.0 27326000.633304905
6250.0 26730000.38514207
6270.0 27020000.83458416
6290.0 26800000.24880376
6310.0 26381999.223504927
6330.0 26236001.080318958
6350.0 25830000.076454423
6370.0 25666000.6981497
6390.0 25590000.680192474
6410.0 25172000.52934599
6430.0 25070000.923502933
6450.0 24591999.832658768
6470.0 24506001.31473579
6490.0 24036000.315575406
6510.0 23704000.323185354
6530.0 22692000.823599566
6550.0 19406001.542779244
6570.0 15594000.14553074
6590.0 21234000.000286467
6610.0 22569999.371860918
6630.0 22853999.698046133
6650.0 22834000.619812176
6670.0 22684001.677391503
6690.0 22617998.671054214
6710.0 22439999.773124676
6730.0 22285999.670791164
6750.0 22016001.19040141
6770.0 21992000.34279044
6790.0 21806001.35282395
6810.0 21628001.441891067
6830.0 21424000.021401554
6850.0 21246000.667699162
6870.0 21121999.363965433
6890.0 20966001.15358654
6910.0 20789999.01081793
6930.0 20614000.72633695
6950.0 20457999.373216055
6970.0 20291999.427187078
6990.0 20156000.653628986
7010.0 19856000.092515662
7030.0 19774000.48123759
7050.0 19658000.331762027
7070.0 19519999.87834085
7090.0 19372001.038420297
7110.0 18892000.311002884
7130.0 18970001.050771225
7150.0 18844000.198096637
7170.0 18696000.38611556
7190.0 18526000.8012737
7210.0 18421999.995560583
7230.0 18285999.73026122
7250.0 18110001.160299905
7270.0 18052000.328346163
7290.0 17813999.94924587
7310.0 17737999.83189078
7330.0 17600000.125650704
7350.0 17516000.146418847
7370.0 17387999.90367345
7390.0 17188000.34975254
7410.0 16980000.369010266
7430.0 16845999.787421323
7450.0 16768000.280366935
7470.0 16576000.456926577
7490.0 16494000.575624606
7510.0 16436000.23132478
7530.0 16329999.986780623
7550.0 16254000.380272415
7570.0 16114000.12891205
7590.0 16005999.713484375
7610.0 15879999.86576219
7630.0 15772001.048059601
7650.0 15634000.637865033
7670.0 15436001.036474926
7690.0 15368000.919715352
7710.0 15259999.832885042
7730.0 15193999.918639522
7750.0 15044000.669838803
7770.0 14666000.381133432
7790.0 14882000.374314375
7810.0 14754000.060091399
7830.0 14593999.706738224
7850.0 14458000.994071718
7870.0 14353999.752930148
7890.0 14234000.317625133
7910.0 14136000.355259426
7930.0 14002000.464683622
7950.0 13898000.268072937
7970.0 13930000.70783563
7990.0 13716000.401321763
8010.0 13694000.610871838
8030.0 13576000.431141471
8050.0 13506000.5635057
8070.0 13410000.751836782
8090.0 13302000.221135773
8110.0 13244000.566274412
8130.0 13166000.689684892
8150.0 13068000.166756753
8170.0 12978000.2433147
8190.0 12709999.353474852
8210.0 12672000.437325487
8230.0 12574000.436853888
8250.0 12514000.03979073
8270.0 12555999.750437066
8290.0 12458000.88411108
8310.0 12348000.348167779
8330.0 12170000.62926337
8350.0 12201999.908793483
8370.0 12144000.70166849
8390.0 12023999.94430261
8410.0 11966000.501302872
8430.0 11856000.404688826
8450.0 11620000.074250363
8470.0 11611999.819959192
8490.0 11601999.99233781
8510.0 11145999.60804901
8530.0 11463999.810716746
8550.0 10417599.615581887
8570.0 11453999.88981862
8590.0 10920000.160786113
8610.0 10724000.177929528
8630.0 11334000.544103961
8650.0 10955999.815197881
8670.0 9410400.419915933
8690.0 10870000.377598252
8710.0 11258000.231321905
8730.0 10842000.585350536
8750.0 9014600.34087227
8770.0 10407999.874734938
8790.0 11088000.488590317
8810.0 11112000.28050205
8830.0 10763999.983673152
8850.0 9740599.848515624
8870.0 8465399.98061298
8890.0 10329400.119751364
8910.0 10770000.483467035
8930.0 10842000.45157006
8950.0 10881999.969490651
8970.0 10632000.324713241
8990.0 10083000.387863794
9010.0 8172200.246263608
9030.0 8891399.710305355
9050.0 10089399.667815764
9070.0 10187200.599745275
9090.0 10122600.81200957
9110.0 10357599.888169752
9130.0 10398400.502087642
9150.0 10331200.287052326
9170.0 10137999.627238803
9190.0 9801400.508848855
9210.0 9015799.908869961
9230.0 7176200.091846212
9250.0 8669200.090879027
9270.0 9328999.873141283
9290.0 9750000.013150334
9310.0 9820200.20143974
9330.0 9797999.60967218
9350.0 9775600.124478532
9370.0 9735200.108665578
9390.0 9623000.294417853
9410.0 9274000.359256791
9430.0 9441999.932577109
9450.0 9383600.092637017
9470.0 9311799.827113168
9490.0 9140800.678323079
9510.0 8796600.177429864
9530.0 8012800.423284911
9550.0 6518800.415547815
9570.0 8068200.082935731
9590.0 8634600.24712842
9610.0 8748999.9325821
9630.0 8710400.561951602
9650.0 8812600.131005986
9670.0 8697800.011624716
9690.0 8688399.830057278
9710.0 8750400.334886804
9730.0 8690800.317843359
9750.0 8589000.139797239
9770.0 8595200.195695424
9790.0 8540200.169273924
9810.0 8487800.265758382
9830.0 8420399.768465606
9850.0 8329600.087566162
9870.0 8272399.86673195
9890.0 8169800.202144457
9910.0 8137399.997422173
9930.0 8105200.2531289905
9950.0 8036199.927453184
9970.0 7957800.612862435
9990.0 7815800.015646104
10025.0 7013200.387283972
10075.0 6658000.155166875
10125.0 7482599.745820308
10175.0 7513200.000851085
10225.0 7457399.995043857
10275.0 7367600.3292488
10325.0 7239600.2109121205
10375.0 7138999.89230838
10425.0 7031199.9849436
10475.0 6850400.242696311
10525.0 6791200.4375631185
10575.0 6697799.717769237
10625.0 6602599.611491677
10675.0 6375399.9710017955
10725.0 6356000.313892193
10775.0 6268799.813803526
10825.0 6137799.912094262
10875.0 5926600.395814278
10925.0 4963400.031979148
10975.0 5413000.016395964
11025.0 5779399.9197304845
11075.0 5785399.931634247
11125.0 5707800.053636076
11175.0 5640600.083990129
11225.0 5576000.23005145
11275.0 5404000.212797256
11325.0 5337600.069794368
11375.0 5314799.964896258
11425.0 5213599.756463702
11475.0 5198400.064489012
11525.0 5131600.187726818
11575.0 5054399.89680519
11625.0 4926600.023821375
11675.0 4829999.860354172
11725.0 4855000.254955028
11775.0 4691400.228461766
11825.0 4675000.196298055
11875.0 4584000.1621961
11925.0 4604000.004289352
11975.0 4488200.22481438
12025.0 4456599.941183055
12075.0 4385399.883259739
12125.0 4332599.90582191
12175.0 4294600.194567189
12225.0 4231600.129450325
12275.0 4166200.136668735
12325.0 4116200.0057873838
12375.0 4067999.9275350114
12425.0 4024600.138555229
12475.0 3962799.9827386835
12525.0 3905999.854314135
12575.0 3827399.875040617
12625.0 3787000.023193276
12675.0 3740800.321664876
12725.0 3658799.9059717325
12775.0 3449800.0335437646
12825.0 2914600.018973653
12875.0 3401000.1327725197
12925.0 3479600.0250639007
12975.0 3467800.0356815187
13025.0 3435799.9754575356
13075.0 3402600.1447926606
13125.0 3355400.040745833
13175.0 3303400.043951886
13225.0 3280000.077635119
13275.0 3236400.032462715
13325.0 3199000.2141613266
13375.0 3158400.0976759773
13425.0 3120200.053651855
13475.0 3081600.085816887
13525.0 3036000.01903923
13575.0 2995400.118552278
13625.0 2969000.096670487
13675.0 2928400.1718137115
13725.0 2869800.169927703
13775.0 2853000.047568887
13825.0 2820600.0917250435
13875.0 2797199.9746903754
13925.0 2750400.0756886043
13975.0 2723800.0818680027
14025.0 2692000.044557418
14075.0 2663599.998449815
14125.0 2625799.936092025
14175.0 2598600.097766432
14225.0 2562600.0122438543
14275.0 2529600.107329512
14325.0 2506400.1759142876
14375.0 2480800.16277582
14425.0 2401600.040843682
14475.0 2419399.977441294
14525.0 2366400.1417721673
14570.0 2363800.0802245806
14620.0 2330999.984157679
14675.0 2309399.981881457
14725.0 2276400.10577775
14775.0 2242800.027634813
14825.0 2224199.9715170083
14875.0 2187200.024179087
14925.0 2187000.0439587263
14975.0 2155799.9931380935
15025.0 2123000.0834722943
15075.0 2098000.0579504734
15125.0 2088600.1347361114
15175.0 2065800.0098406086
15225.0 2038999.944721022
15275.0 2017400.0134528226
15325.0 1992600.0778358951
15375.0 1971799.9938728898
15425.0 1935800.0197976788
15475.0 1923200.0511744146
15525.0 1903400.0297744442
15575.0 1867000.056876743
15625.0 1872800.0432405618
15675.0 1826199.999002526
15725.0 1791600.0445055056
15775.0 1799800.047579253
15825.0 1786200.0420860413
15875.0 1681400.0701712363
15925.0 1728999.9839479653
15975.0 1743200.0348184179
16050.0 1685400.0474560207
16150.0 1602200.0243176094
16250.0 1659000.015801564
16350.0 1567000.0773498304
16450.0 1472000.0379739613
16550.0 1560600.0229498732
16650.0 1531600.0485413724
16750.0 1425000.0480314193
16850.0 1330600.0147851342
16950.0 1433399.989642993
17050.0 1409200.011061595
17150.0 1382400.0441509692
17250.0 1326000.080369388
17350.0 1155800.034108596
17450.0 1246600.0233099505
17550.0 1261400.0317317757
17650.0 1240200.009490465
17750.0 1219400.011985714
17850.0 1192799.959456965
17950.0 1170800.0307125149
18050.0 1128200.054972132
18150.0 990899.9927479385
18250.0 1046999.9992317486
18350.0 1071600.0314416508
18450.0 1054600.0037200914
18550.0 1029800.0013237145
18650.0 995060.0386221748
18750.0 866359.9939929767
18850.0 948939.9965270484
18950.0 946360.0171083554
19050.0 939760.0160110503
19150.0 921040.0453534361
19250.0 899920.0799516491
19350.0 864659.9772111875
19450.0 757240.0189790756
19550.0 832600.0345748807
19650.0 834300.0426379853
19750.0 819940.00525318
19850.0 808159.9815079068
19950.0 793240.009918517
20050.0 779160.0092633411
20150.0 765380.0227671503
20250.0 750319.988252134
20350.0 735540.0333254138
20450.0 724219.9743109273
20550.0 710880.0355758007
20650.0 696440.0047306872
20750.0 684719.98046869
20850.0 672819.9913416975
20950.0 660259.9743099541
21050.0 648760.0389091537
21150.0 635740.0348225215
21250.0 624420.038795981
21350.0 612819.9944130684
21450.0 601619.9925690499
21550.0 581519.988648968
21650.0 512300.031089553
21750.0 554920.0055412152
21850.0 559739.9809689043
21950.0 553980.0262976771
22050.0 544060.0139070958
22150.0 534960.0101299454
22250.0 527619.9899208451
22350.0 518759.9962138611
22450.0 510119.9919164365
22550.0 499839.9850193831
22650.0 492820.0052477513
22750.0 484960.03424199444
22850.0 476800.0071422642
22950.0 468840.01768507
23050.0 462100.00957812543
23150.0 454360.01406557974
23250.0 447500.02965091116
23350.0 440120.01744478336
23450.0 433379.9871371165
23550.0 426520.0061891649
23650.0 419879.97406615363
23750.0 412879.9933451295
23850.0 406420.012705033
23950.0 400280.004359653
24050.0 393900.0030163909
24150.0 387720.0091143391
24250.0 381959.98395709315
24350.0 375699.99493114965
24450.0 370140.01265421143
24550.0 364039.99985916767
24650.0 358719.9951326596
24750.0 353139.99941279803
24850.0 347260.00651151873
24950.0 341240.0057493602
25050.0 337940.00116779766
25150.0 332680.002260797
25250.0 325559.9958970256
25350.0 322640.0041661798
25450.0 318620.00339664327
25550.0 312399.9908133342
25650.0 303900.00193561986
25750.0 303659.99985315255
25850.0 299740.0083475989
25950.0 295780.0061949656
26050.0 287520.00504708616
26150.0 275079.9973207048
26250.0 252100.0023697953
26350.0 271620.0129527664
26450.0 274400.00483322894
26550.0 271219.9978801878
26650.0 264700.0039408325
26750.0 251339.99899742354
26850.0 257860.02020297226
26950.0 257480.00858526537
27050.0 254400.0158295518
27150.0 251200.00709583214
27250.0 247640.01876032844
27350.0 243760.01114981726
27450.0 238360.01383140305
27550.0 222400.01144717544
27650.0 225739.99259760667
27750.0 229680.01658470804
27850.0 227860.00393403933
27950.0 225380.01204231379
28050.0 222559.98769128387
28150.0 219580.01410343035
28250.0 216600.01121097876
28350.0 213539.9992768114
28450.0 209859.9921004084
28550.0 206219.98910142577
28650.0 198059.99984479512
28750.0 185500.0051295583
28850.0 196100.00383469806
28950.0 196060.00197501513
29050.0 194260.001221611
29150.0 191760.0060041052
29250.0 189480.01259141217
29350.0 187200.00011007924
29450.0 184799.99970133355
29550.0 182420.0079521703
29650.0 180119.99509515116
29750.0 177740.0089702682
29850.0 175459.99952219226
29950.0 173160.01001213197
30050.0 170599.99332201152
30150.0 168019.99887455706
30250.0 164280.01041858306
30350.0 152220.00636801895
30450.0 153719.99715814722
30550.0 158619.9983357576
30650.0 157880.00418948787
30750.0 156380.00633353996
30850.0 154380.00563886992
30950.0 152600.00329728844
31050.0 150700.00329444886
31150.0 148520.00915838554
31250.0 147020.00568652258
31350.0 145239.9936485518
31450.0 143439.99938916528
31550.0 141759.99848794268
31650.0 140180.0009268834
31750.0 138379.99554640832
31850.0 136879.99831522832
31950.0 135200.00260340428
32100.0 132719.9979245486
32300.0 129640.00033312748
32500.0 126559.99837298795
32700.0 122999.9980659125
32900.0 113200.00246025508
33100.0 114980.00705272342
33300.0 114640.00527896402
33500.0 112340.0014041705
33700.0 109660.00473174705
33900.0 107260.00248366935
34100.0 104880.002175247
34300.0 102700.00060142923
34500.0 100518.00402371884
34700.0 98288.00326863617
34900.0 96170.00859152916
35100.0 94084.00480358484
35300.0 92042.00476796506
35500.0 90068.00194475234
35700.0 88105.99898577943
35900.0 86246.00233776036
36100.0 84401.9998162297
36300.0 82669.9968278148
36500.0 80850.0030612756
36700.0 79187.99814796733
36900.0 77278.00519022455
37100.0 75662.0045290024
37300.0 71832.0040456161
37500.0 69610.00303980311
37700.0 71150.00257080873
37900.0 69942.00151532302
38100.0 68326.0021766052
38300.0 67054.00113536199
38500.0 65956.00076543678
38700.0 64581.998803500515
38900.0 63176.00319868798
39100.0 61526.0028680809
39300.0 60878.00145281726
39500.0 59770.0021983275
39700.0 58648.004259264904
39900.0 57333.997924259565
40100.0 55758.00020327749
40300.0 54443.99946546074
40500.0 51328.000159380026
40700.0 52872.000079991776
40900.0 52194.002182554446
41100.0 51341.99915255457
41300.0 50364.00109871013
41500.0 49190.0030697972
41700.0 47134.00033062187
41900.0 47341.999518074546
42100.0 46714.002729644155
42300.0 46008.001163580724
42500.0 45164.00213054087
42700.0 44359.99969756907
42900.0 43563.99973765534
43100.0 42780.00040611651
43300.0 41986.00008661363
43500.0 41066.001852238536
43700.0 39090.000466068115
43900.0 39150.0013657458
44100.0 38996.00221711493
44300.0 38433.99935115555
44500.0 37768.00109171815
44700.0 37159.999807027656
44900.0 36475.99990891901
45100.0 35860.00008428902
45300.0 35244.001744935085
45500.0 34647.99911450005
45700.0 34042.0013611815
45900.0 33446.00077873488
46100.0 32861.99929856723
46300.0 32140.000847068524
46500.0 29940.00090250506
46700.0 29705.999972847127
46900.0 30396.001088898538
47100.0 30206.00139055865
47300.0 29768.00115079696
47500.0 29290.00104238944
47700.0 28831.99918618907
47900.0 28374.00026466528
48100.0 27918.001518751815
48300.0 27478.001132523543
48500.0 27040.000288880234
48700.0 26612.00133446576
48900.0 26193.99984159046
49100.0 25775.999937125394
49300.0 25378.001175994825
49500.0 24972.000599890736
49700.0 24583.99981704634
49900.0 24206.000426873285
50100.0 23828.00167100961
50300.0 23448.00066865049
50500.0 23090.00037346012
50700.0 22728.000038133992
50900.0 22342.00039956617
51100.0 21802.000831736506
51300.0 20599.999791684164
51500.0 21213.9997316735
51700.0 21028.000400289046
51900.0 20750.000397227308
52100.0 20455.999987528314
52300.0 20165.999222971554
52500.0 19837.999560165834
52700.0 19537.999962950955
52900.0 19290.00018027386
53100.0 19028.000223105963
53300.0 18750.00054910149
53500.0 18456.000707070834
53700.0 18144.000581556644
53900.0 17886.000413867532
54100.0 17678.000228887817
54300.0 17428.000165481615
54500.0 17180.00059312139
54700.0 16932.000857045263
54900.0 16694.000206498753
55100.0 16408.00082653605
55300.0 16137.999505429125
55500.0 15978.000260414277
55700.0 15777.999673732376
55900.0 15549.999633670535
56100.0 15342.000301089336
56300.0 15132.000236617465
56500.0 14924.000925592874
56700.0 14715.999751745027
56900.0 14469.999997624065
57100.0 14190.001075454751
57300.0 14070.000674512175
57500.0 13929.999745316252
57700.0 13749.999740299854
57900.0 13560.000029060344
58100.0 13381.999256468725
58300.0 13194.000985374958
58500.0 13006.001243100067
58700.0 12808.000149648862
58900.0 12513.999662953205
59100.0 11832.000361791921
59300.0 12214.001077193867
59500.0 11996.000293650137
59700.0 11923.999895960156
59900.0 11842.000324573346
60100.0 11704.000253894807
60300.0 11566.000727921475
60500.0 11426.000343847181
60700.0 11284.00032581941
60900.0 11136.000160630772
61100.0 10986.000333844411
61300.0 10855.999979058253
61500.0 10718.00001579538
61700.0 10588.000645790877
61900.0 10450.000288842957
62100.0 10320.000377745653
62300.0 10172.60045357556
62500.0 10033.400088334476
62700.0 9863.600473441353
62900.0 9561.000299093554
63100.0 9598.400262381914
63300.0 9541.800203014558
63500.0 9444.000208276613
63700.0 9339.800246972203
63900.0 9225.200622984723
64200.0 9058.400310552948
64600.0 8838.800564284138
65000.0 8626.80009980945
65400.0 8424.000298848498
65800.0 8223.400078560218
66200.0 8029.400144023192
66600.0 7842.599991940717
67000.0 7655.599975003209
67400.0 7437.800379909794
67800.0 7143.400189531933
68200.0 7125.200042831662
68600.0 6980.600056237262
69000.0 6822.600251965981
69400.0 6667.600622185302
69800.0 6520.400173626319
70200.0 6375.200024942186
70600.0 6234.20041934045
71000.0 6098.999727597099
71400.0 5964.799944909851
71800.0 5835.40028301061
72200.0 5705.199696055091
72600.0 5581.400418821853
73000.0 5466.800169698153
73400.0 5350.20022690041
73800.0 5233.600295371351
74200.0 5102.999916007805
74600.0 4835.200084219987
75000.0 4689.600025625603
75400.0 4769.60029991505
75800.0 4704.200074324727
76200.0 4617.599991285877
76600.0 4524.199808586075
77000.0 4432.599992732113
77400.0 4339.600014637801
77800.0 4238.400292628956
78200.0 4167.599955466195
78600.0 4088.600068384996
79000.0 4007.1999664753976
79400.0 3928.6001344984907
79800.0 3851.000178035181
80200.0 3776.4001298109292
80600.0 3702.800190244837
81000.0 3630.400156741258
81400.0 3542.400254430255
81800.0 3480.7999603920366
82200.0 3426.599937418496
82600.0 3361.7999343099823
83000.0 3298.200103548302
83400.0 3235.6001091749877
83800.0 3174.80018460017
84200.0 3116.200003371436
84600.0 3059.600146105308
85000.0 3003.0000013668614
85400.0 2948.200161049866
85800.0 2893.6000301193512
86200.0 2836.2000772573656
86600.0 2760.400228676436
87000.0 2728.00002493768
87400.0 2639.399873617587
87800.0 2592.6000586128007
88200.0 2592.600133421444
88600.0 2549.4001138277695
89000.0 2504.8001158762927
89400.0 2461.0000499666976
89800.0 2417.200169534022
90200.0 2375.6000342463476
90600.0 2334.800085798437
91000.0 2294.0000101691626
91400.0 2255.2000885094217
91800.0 2216.4001305294196
92200.0 2178.6001349543667
92600.0 2141.8000424896654
93000.0 2105.9999783422827
93400.0 2065.8000386896674
93800.0 2003.7999796678569
94200.0 1988.199936152687
94600.0 1967.200114626691
95000.0 1936.0000238415062
95400.0 1903.2000928022117
95800.0 1872.399991121591
96200.0 1842.3999754953434
96600.0 1812.59998476921
97000.0 1782.9999852317399
97400.0 1753.9999963821476
97800.0 1726.2000296594754
98200.0 1698.3999924433153
98600.0 1670.5999721218968
99000.0 1644.8000496805635
99400.0 1618.8000615834708
99800.0 1593.0000053568633
100200.0 1568.1999267751953
200000.0 100.54600287987128
400000.0 6.257999941528776
600000.0 1.2256000674902414
800000.0 0.3848999941859266
1000000.0 0.15659999811343167
1200000.0 0.07506600034147379
1400000.0 0.040306000759849275
1600000.0 0.0235200003611003
