wave flux
90.9000015258789 0.0
93.5 0.0
96.0999984741211 0.0
97.69999694824219 0.0
99.5999984741211 0.0
102.0 0.0
103.80000305175781 0.0
105.5999984741211 0.0
107.69999694824219 0.0
110.4000015258789 0.0
114.0 0.0
117.80000305175781 0.0
121.30000305175781 0.0
124.80000305175781 0.0
127.0999984741211 0.0
128.39999389648438 0.0
130.5 0.0
132.39999389648438 0.0
133.89999389648438 0.0
136.60000610351562 0.0
139.8000030517578 0.0
143.3000030517578 0.0
147.1999969482422 0.0
151.0 0.0
155.1999969482422 0.0
158.8000030517578 0.0
162.0 0.0
166.0 0.0
170.3000030517578 0.0
173.39999389648438 0.0
176.8000030517578 0.0
180.1999969482422 0.0
181.6999969482422 0.0
186.10000610351562 0.0
191.0 0.0
193.89999389648438 0.0
198.39999389648438 0.0
201.8000030517578 0.0
205.0 0.0
210.5 0.0
216.1999969482422 0.0
219.8000030517578 0.0
223.0 0.0
226.8000030517578 0.0
230.0 0.0
234.0 0.0
240.0 0.0
246.5 0.0
252.39999389648438 0.0
256.79998779296875 0.0
260.0 0.0
264.0 0.0
268.5 0.0
273.5 0.0
278.5 0.0
284.0 0.0
290.0 0.0
296.0 0.0
301.0 0.0
308.0 0.0
318.0 0.0
328.0 0.0
338.0 0.0
348.0 0.0
357.0 0.0
366.0 0.0
375.0 0.0
385.0 0.0
395.0 0.0
405.0 0.0
414.0 2.47000002665087e-24
422.0 9.986399890331523e-24
430.0 3.8589520926924694e-23
441.0 2.2479119397303306e-22
451.0 1.0299592017157571e-21
460.0 3.8191279435774115e-21
470.0 1.539554527174897e-20
480.0 5.830159811585187e-20
490.0 2.0852801297127257e-19
500.0 7.057391961285609e-19
506.0 1.8992239253893993e-18
512.0 4.2503281405627296e-18
520.0 1.0346223621982586e-17
530.0 3.0420241095498316e-17
540.0 8.43582451088631e-17
550.0 2.27405591557401e-16
560.0 5.869904148899555e-16
570.0 1.4615360760431652e-15
580.0 3.477480005260748e-15
590.0 8.194391996157578e-15
600.0 1.8509601512595118e-14
610.0 4.065232135031645e-14
620.0 8.677360251402558e-14
630.0 1.8049121223137465e-13
640.0 3.662016149264683e-13
650.0 7.258072033990263e-13
658.0 1.2335360514412386e-12
665.0 1.9384401162033454e-12
675.0 3.6379599050150946e-12
685.0 6.692719409760421e-12
695.0 1.2066241029065855e-11
705.0 2.1289679808326724e-11
716.0 3.9229760847955454e-11
726.0 6.698280141317084e-11
735.0 1.0687759705504975e-10
745.0 1.7712078802354065e-10
755.0 2.8908800624849227e-10
765.0 4.656368022010341e-10
775.0 7.389000064519908e-10
785.0 1.1590880762378185e-09
795.0 1.777159996414891e-09
805.0 2.7297999566209466e-09
815.0 4.137664112593543e-09
825.0 6.182319995359778e-09
835.0 9.13751963819088e-09
845.0 1.3372079450355149e-08
855.0 1.9365040638317426e-08
865.0 2.776759895751421e-08
875.0 3.9370722938158776e-08
885.0 5.554360066559693e-08
895.0 7.75412023329752e-08
905.0 1.0727920602581386e-07
915.0 0.00013072640816149677
925.0 0.00044107598837308723
935.0 0.0006184160313522232
945.0 0.0008617120293305472
955.0 0.0012388720708213492
965.0 0.0017042800351618097
975.0 0.0023154720209167105
985.0 0.0031356720271162397
995.0 0.004208280155323127
1005.0 0.005746280251245537
1015.0 0.007626680456085325
1025.0 0.009881199995982455
1035.0 0.01323479976591218
1045.0 0.017287681471466542
1055.0 0.022441760882593937
1065.0 0.02896304165125154
1075.0 0.037282002486290884
1085.0 0.047738801525199916
1095.0 0.060662403237071255
1105.0 0.15426720283259737
1115.0 0.5001479946744719
1125.0 0.7568080137054279
1135.0 1.1282160193804835
1145.0 1.4697599944816984
1155.0 1.6725440328577332
1165.0 2.2684879618936056
1175.0 2.8243520373822175
1185.0 3.029079966666846
1195.0 1.9623361009984654
1205.0 1.907775932475475
1215.0 0.7453959576083091
1225.0 2.372184024594217
1235.0 5.485520129339681
1245.0 9.633920000499511
1255.0 14.597681520876328
1265.0 15.039840747882584
1275.0 19.722000644235884
1285.0 24.925441543911678
1295.0 29.87008095204318
1305.0 30.595280683452465
1315.0 39.02760166726645
1325.0 43.97040106757214
1335.0 49.28319882228904
1345.0 57.261600516474054
1355.0 63.411601731305595
1365.0 70.93640369633735
1375.0 76.95200307107785
1385.0 83.79039838802034
1395.0 94.03599975539426
1405.0 109.17841265889916
1415.0 119.52480161196456
1425.0 132.1007976348268
1435.0 147.06161471531777
1442.0 174.82960371625921
1447.0 168.47519649126596
1455.0 191.76800523898544
1465.0 216.01919325364682
1475.0 221.8568107322886
1485.0 251.72799676195126
1495.0 309.01681146006035
1505.0 356.8319962693509
1512.0 325.85999245487966
1517.0 385.3599861714341
1525.0 473.9319564082825
1535.0 1039.1760104751484
1545.0 1212.784011374741
1555.0 1574.056032843658
1565.0 1513.7439628149525
1575.0 2235.0880456717027
1585.0 2588.6400586353616
1595.0 2965.5601867165938
1605.0 3150.760104871912
1615.0 3511.7599797817074
1625.0 3802.6801836239442
1635.0 4628.760057429555
1645.0 5993.200344569671
1655.0 4074.7999274383765
1665.0 6777.200051709748
1672.0 4965.440005305777
1677.0 7444.079837496094
1685.0 11280.320304862511
1695.0 15044.800229181597
1705.0 22033.91998084579
1715.0 45005.20275837283
1725.0 59358.801038250596
1735.0 94734.40291853584
1745.0 105612.00098494046
1755.0 175462.3902974761
1765.0 95790.40094239815
1775.0 146136.80188489126
1785.0 196146.39390000666
1795.0 303731.2102115928
1805.0 206228.00299510086
1815.0 177375.9941304612
1825.0 187956.00115503336
1835.0 210878.39754769334
1845.0 115858.40504997232
1855.0 238271.1991808845
1865.0 365656.0161422937
1875.0 344676.0119285258
1885.0 371327.9850990445
1895.0 446075.99038198707
1905.0 394831.9992919807
1915.0 447080.0237030704
1925.0 327196.0103242203
1935.0 134974.4028193799
1945.0 483868.00296480645
1955.0 528095.9963418237
1967.0 657364.0510430625
1976.0 541548.0349431183
1984.0 507191.9944419977
1995.0 586256.0042440754
2005.0 551836.0257926394
2015.0 603379.9785627674
2025.0 468191.9903069976
2035.0 729043.959236002
2045.0 834784.0136368771
2055.0 750763.9850841432
2065.0 719864.0105450272
2074.0 786155.9978753441
2078.0 1294840.0178009097
2085.0 1195007.9717107567
2095.0 1316679.9722210357
2105.0 1732296.0216564871
2115.0 2183440.106226749
2125.0 1927999.9401190104
2135.0 1737479.9968387287
2145.0 2392519.9604288703
2155.0 2423559.8894405495
2165.0 2042080.0804645824
2175.0 2100360.0194098367
2185.0 2733160.229416492
2195.0 2787480.1196300164
2205.0 2575840.0036899373
2215.0 1856400.1016238374
2225.0 2183680.100642548
2235.0 2967999.992930354
2245.0 2750159.8781369203
2255.0 1986000.0172194133
2265.0 1853360.0073576267
2275.0 2197319.9003141485
2285.0 2809039.90535053
2295.0 2199439.948880906
2305.0 2789759.9160673646
2315.0 2407560.066605609
2325.0 2269360.042483891
2335.0 1494559.9989082366
2345.0 874335.9757439513
2355.0 2088800.1001566153
2365.0 1003960.0557728296
2375.0 1463767.9781197163
2385.0 687544.0313328637
2395.0 971248.0132788543
2405.0 961071.9764932607
2415.0 1230295.9899498548
2425.0 2366000.069783566
2435.0 2302839.9704198674
2445.0 2837879.959015119
2455.0 3001599.990679824
2465.0 2634440.087289368
2475.0 2296200.1199495294
2485.0 1525344.0604210687
2495.0 1802760.1184950734
2505.0 2803400.0013686195
2513.0 1357727.99285321
2518.0 948128.0245182354
2525.0 946896.014940335
2535.0 1026647.9961694315
2545.0 1208223.961735487
2555.0 2239840.1090813004
2565.0 1980680.0385090418
2575.0 2737720.0184604283
2585.0 2504759.9689163878
2595.0 2247520.052565265
2605.0 1831159.9497132252
2615.0 1638999.9985536777
2625.0 2406719.908122736
2635.0 3985240.0364704253
2645.0 5479959.878428052
2655.0 6791000.136387467
2665.0 4414399.931104678
2675.0 5186280.059062829
2685.0 5756480.180371274
2695.0 4407040.1255262345
2705.0 5351199.98649928
2715.0 3936600.032009054
2725.0 3623760.010489017
2735.0 4215000.004907024
2745.0 2118960.091812478
2755.0 2952479.897415994
2765.0 3892240.0768503766
2775.0 4385640.120181362
2785.0 2380560.136282494
2795.0 838671.9632103164
2805.0 1089672.0356885823
2815.0 3968400.0171870184
2825.0 6082120.147580526
2835.0 5721720.0348841455
2845.0 4435440.121312053
2855.0 2288280.014432266
2865.0 5673679.85443199
2875.0 6641319.805056748
2885.0 5925959.859206906
2895.0 6510399.743680554
2910.0 8391160.28065827
2930.0 7465160.480418445
2950.0 7339119.889978585
2970.0 8034039.634805072
2990.0 7909959.667752862
3010.0 8343359.985737684
3030.0 8407680.28138592
3050.0 8698920.452313798
3070.0 8743120.198548988
3090.0 8741760.169103473
3110.0 8891200.24439841
3130.0 8772320.176670486
3150.0 8499160.41430225
3170.0 8910199.70705515
3190.0 8026559.823275383
3210.0 8835479.77027533
3230.0 7569040.124003211
3250.0 9209000.401640685
3270.0 10309360.201971425
3290.0 10022000.44268817
3310.0 10103120.553482948
3330.0 10029680.194129942
3350.0 9836160.128179988
3370.0 8597760.185073633
3390.0 9426960.422162753
3410.0 9459679.807507943
3430.0 9618800.526033795
3450.0 9904959.43237801
3470.0 9972000.504903568
3490.0 10351840.886904301
3510.0 10666080.045345971
3530.0 10132080.110545995
3550.0 11357360.528306177
3570.0 9581920.180104429
3590.0 9475359.565275338
3610.0 9923359.729519483
3630.0 9983840.367031507
3640.0 9991039.950254748
3650.0 11133120.17339842
3670.0 11078080.580486067
3690.0 10785040.117059551
3710.0 11093840.232322104
3730.0 9788319.58436206
3750.0 10771920.38334266
3770.0 11900880.238262996
3790.0 12970800.391250547
3810.0 13856001.028650166
3830.0 10136960.686034119
3850.0 13590800.362406513
3870.0 13984399.941552773
3890.0 12124320.24679236
3910.0 14441200.445654111
3930.0 8621960.128307972
3950.0 13222000.482904704
3970.0 9000200.450514104
3990.0 15742799.798600536
4010.0 16672399.521298848
4030.0 16687599.91518165
4050.0 16242000.202725617
4070.0 15969201.203434525
4090.0 16324400.55200634
4110.0 14692400.627028845
4130.0 16813199.775829863
4150.0 17235200.81000438
4170.0 17104400.016406707
4190.0 16664800.645834923
4210.0 16654400.829766022
4230.0 15905600.03700126
4250.0 16362000.244287832
4270.0 15699200.714295942
4290.0 14809200.24918521
4310.0 13082800.543608816
4330.0 15279200.566685358
4350.0 14072401.101277422
4370.0 16785199.61110562
4390.0 15907999.233219016
4410.0 16328799.818043955
4430.0 16579600.826816719
4450.0 16484799.996099647
4470.0 16912000.249204863
4490.0 16914000.03253552
4510.0 17967201.0467997
4530.0 16678399.667712664
4550.0 16928000.360865105
4570.0 17736400.501007706
4590.0 16877599.97260669
4610.0 17205600.754553758
4630.0 16904799.70639228
4650.0 17039999.87473763
4670.0 17317599.523537923
4690.0 16896399.81075351
4710.0 16207600.329870269
4730.0 16981599.59919656
4750.0 17066400.610602897
4770.0 16970800.547296356
4790.0 16857999.44073159
4810.0 16685199.827374568
4830.0 16676799.681155022
4850.0 15154400.229787743
4870.0 13072000.501365917
4890.0 15852800.461871825
4910.0 15928401.054064173
4930.0 15653199.83041904
4950.0 16078400.300778752
4970.0 16231200.792133352
4990.0 15317600.56435265
5010.0 14786799.709965065
5030.0 15477600.246872928
5050.0 15369599.746803991
5070.0 15802399.92355935
5090.0 15362000.413370438
5110.0 15509600.107493093
5130.0 15163999.765093798
5150.0 14763600.425693318
5170.0 13961599.509261165
5190.0 13888400.36416782
5210.0 14582799.583416168
5230.0 14685200.02143319
5250.0 14972799.716729263
5270.0 13616400.92729872
5290.0 14729599.998592338
5310.0 14929200.352758696
5330.0 13893600.809126439
5350.0 14586400.377645066
5370.0 14513599.9759954
5390.0 14386000.518709062
5410.0 13948000.76327399
5430.0 14243200.784466187
5450.0 14418000.320549829
5470.0 14192800.321615512
5490.0 14095199.822025687
5510.0 14097600.347470824
5530.0 14064800.63055981
5550.0 14157201.032879718
5570.0 13814400.428680291
5590.0 13606799.846073035
5610.0 13784000.887703462
5630.0 13841599.71817073
5650.0 13738800.202263175
5670.0 13456000.42702958
5690.0 13558400.118781153
5710.0 13370800.167888153
5730.0 13825600.380696543
5750.0 13480400.424412003
5770.0 13525200.195048716
5790.0 13292799.356344644
5810.0 13390000.464383915
5830.0 13427200.061290776
5850.0 13192000.630748168
5870.0 13164400.15974205
5890.0 12599599.898784792
5910.0 13001599.506125128
5930.0 12926400.731380068
5950.0 12908800.160347069
5970.0 12856000.366740758
5990.0 12730799.816252382
6010.0 12553200.276381077
6030.0 12505600.095501147
6050.0 12620400.035906686
6070.0 12560400.500113757
6090.0 12352800.030341819
6110.0 12210000.792820679
6130.0 11884799.768383184
6150.0 11894400.12967023
6170.0 11662000.41479927
6190.0 12022000.072903201
6210.0 12004400.552932894
6230.0 11759199.60038297
6250.0 11428799.764995262
6270.0 11774000.084809534
6290.0 11756400.91745402
6310.0 11463600.487103285
6330.0 11466000.069307368
6350.0 11423200.46120691
6370.0 11355600.046759825
6390.0 11375599.650757968
6410.0 11141840.264783595
6430.0 11192800.192551315
6450.0 11038079.930234086
6470.0 11008799.79935336
6490.0 10844800.563334627
6510.0 10950319.51562305
6530.0 10851360.248320168
6550.0 10236720.437067995
6570.0 8789960.254427675
6590.0 10509600.258304097
6610.0 10697120.484922418
6630.0 10653040.29685867
6650.0 10606400.160955003
6670.0 10488080.228930812
6690.0 10549039.79135129
6710.0 10401199.969916528
6730.0 10414320.503741005
6750.0 10289120.321862673
6770.0 10277920.18608279
6790.0 10211280.55898677
6810.0 10133919.999239067
6830.0 10118240.735005513
6850.0 9967759.879499195
6870.0 9990879.88664134
6890.0 9953280.028534602
6910.0 9876640.100821104
6930.0 9820239.881978957
6950.0 9771200.070944265
6970.0 9725039.53151936
6990.0 9684000.047809023
7010.0 9456120.016851956
7030.0 9524279.813211858
7050.0 9512200.038570873
7070.0 9435880.234343523
7090.0 9379800.196149366
7110.0 9289879.831335012
7130.0 9226799.758770637
7150.0 9166000.449332297
7170.0 9105599.97274143
7190.0 8951879.791215025
7210.0 9010200.460897649
7230.0 8967079.815036533
7250.0 8958719.958457476
7270.0 8924200.106644763
7290.0 8740360.013411034
7310.0 8794239.747246187
7330.0 8740920.089304015
7350.0 8741120.236573566
7370.0 8701520.289217127
7390.0 8532440.261460382
7410.0 8415320.316666594
7430.0 8445959.651804594
7450.0 8431879.839577584
7470.0 8434240.27074242
7490.0 8354960.175621046
7510.0 8337680.097763461
7530.0 8307840.258571717
7550.0 8295800.329448374
7570.0 8210959.9338869415
7590.0 8176159.934775064
7610.0 8114079.771310222
7630.0 8108240.1806237
7650.0 8047120.26198643
7670.0 7889840.220884509
7690.0 7941680.384412552
7710.0 7874200.004918447
7730.0 7860400.000796782
7750.0 7765319.995676486
7770.0 7736200.2443544725
7790.0 7779680.501903389
7810.0 7717840.586583233
7830.0 7630479.831125291
7850.0 7595639.961297385
7870.0 7607799.880728037
7890.0 7562759.78131561
7910.0 7487480.108810825
7930.0 7350880.193226224
7950.0 7355640.343123522
7970.0 7407839.837514583
7990.0 7372960.476079978
8010.0 7290200.187528626
8030.0 7250360.048777677
8050.0 7196599.850030096
8070.0 7206000.058516911
8090.0 7108999.974974259
8110.0 7130680.185351799
8130.0 7119120.107828722
8150.0 7066800.305681075
8170.0 7027240.257912509
8190.0 6848639.903241712
8210.0 6846840.057382596
8230.0 6814519.932040424
8250.0 6814919.999728
8270.0 6850200.141780232
8290.0 6802400.302155838
8310.0 6700360.408980001
8330.0 6632480.439705039
8350.0 6654759.802212404
8370.0 6658719.694495587
8390.0 6564680.37367064
8410.0 6591840.239233535
8430.0 6497599.966783829
8450.0 6448080.184366118
8470.0 6423640.367764446
8490.0 6346400.011073311
8510.0 6080160.106334785
8530.0 6252360.176163223
8550.0 5448040.045903081
8570.0 6323480.110939336
8590.0 6190760.01047899
8610.0 6145880.200217949
8630.0 6224120.301662678
8650.0 6117999.723627467
8670.0 5334760.125199124
8690.0 5994120.297984772
8710.0 6085040.260050646
8730.0 6020839.862417685
8750.0 5718559.954400039
8770.0 5966119.937376427
8790.0 5975120.175934375
8810.0 5887200.1154665
8830.0 5889680.201112314
8850.0 5770440.104357511
8870.0 5468359.975261428
8890.0 5813440.251118925
8910.0 5827320.361023112
8930.0 5748080.2060924675
8950.0 5760880.166807607
8970.0 5733280.386940898
8990.0 5687800.292848238
9010.0 5221120.220914841
9030.0 5470160.317431861
9050.0 5639240.317929177
9070.0 5528399.90623108
9090.0 5403600.191477879
9110.0 5481520.289254824
9130.0 5544039.859707614
9150.0 5514800.359612449
9170.0 5475719.830804162
9190.0 5451320.112134975
9210.0 5276240.279673219
9230.0 4839560.012296864
9250.0 5166519.985743642
9270.0 5269799.98358275
9290.0 5313240.3930084165
9310.0 5308480.181036508
9330.0 5270199.989151406
9350.0 5247440.0983274365
9370.0 5223680.22832282
9390.0 5195599.978984581
9410.0 4981880.151327058
9430.0 5104479.958958082
9450.0 5062239.947415624
9470.0 5096439.848799409
9490.0 5077600.277523079
9510.0 5016719.888888259
9530.0 4905839.936556178
9550.0 4469600.2914008815
9570.0 4868360.122389669
9590.0 4932359.968407746
9610.0 4879839.94606785
9630.0 4834799.816761621
9650.0 4836879.951014367
9670.0 4788520.057827689
9690.0 4800720.143543765
9710.0 4805800.368528406
9730.0 4785520.408540534
9750.0 4722200.136597792
9770.0 4726719.909748974
9790.0 4698440.22947695
9810.0 4693880.227646066
9830.0 4662600.180807632
9850.0 4639280.211540558
9870.0 4600759.855301613
9890.0 4567439.849743188
9910.0 4539919.912697554
9930.0 4558400.318491738
9950.0 4536880.258639515
9970.0 4515840.037923676
9990.0 4484760.039937746
10025.0 4347840.05304657
10075.0 4209560.10517089
10125.0 4329560.12686459
10175.0 4265320.054894958
10225.0 4241280.284941331
10275.0 4207960.115336583
10325.0 4130639.9288836233
10375.0 4089839.7997061326
10425.0 4055519.9930987125
10475.0 3966639.9694874184
10525.0 3952360.124227775
10575.0 3897560.1061622254
10625.0 3848760.1375292083
10675.0 3737119.99826273
10725.0 3740360.189102173
10775.0 3696840.0321974135
10825.0 3623040.1676950757
10875.0 3589439.8529895693
10925.0 3369719.933769194
10975.0 3456920.0459425226
11025.0 3507360.201310988
11075.0 3492839.8925605384
11125.0 3442040.172948701
11175.0 3400240.128069691
11225.0 3378199.8379195747
11275.0 3291839.875469746
11325.0 3269280.1403854815
11375.0 3248039.90437502
11425.0 3189719.9895759397
11475.0 3201960.0737062064
11525.0 3167919.9867899553
11575.0 3121640.1508419425
11625.0 3056039.965461216
11675.0 3021959.928617529
11725.0 3038239.9824310113
11775.0 2949119.990816397
11825.0 2931399.9740640316
11875.0 2891080.002241543
11925.0 2917840.0325250197
11975.0 2819320.0439831303
12025.0 2826280.140428645
12075.0 2787239.995804023
12125.0 2771439.980659746
12175.0 2765400.132060955
12225.0 2735120.097980635
12275.0 2696079.9496665928
12325.0 2674800.054675046
12375.0 2648279.9651929564
12425.0 2620760.1089478293
12475.0 2599959.9855018645
12525.0 2565680.125497477
12575.0 2534120.1128012645
12625.0 2511600.0437629675
12675.0 2485839.9796885876
12725.0 2465280.043607575
12775.0 2412880.0475554136
12825.0 2181440.0941880737
12875.0 2367120.0820698747
12925.0 2360680.0433425754
12975.0 2350920.02643267
13025.0 2320400.0134391845
13075.0 2308120.0063162954
13125.0 2268360.0702030193
13175.0 2243080.09512182
13225.0 2240799.9640662987
13275.0 2205799.966093684
13325.0 2192760.07591939
13375.0 2169480.056618144
13425.0 2156199.9748208346
13475.0 2134680.033015756
13525.0 2111639.989859768
13575.0 2079640.0137445305
13625.0 2069880.0106365462
13675.0 2046600.046316823
13725.0 2018040.049123747
13775.0 2006040.0745711583
13825.0 1990520.01242181
13875.0 1979760.1071087825
13925.0 1954720.0543624735
13975.0 1936960.0223376607
14025.0 1913200.1413398688
14075.0 1904680.0510169636
14125.0 1873919.97446517
14175.0 1870639.9940829214
14225.0 1834880.037318054
14275.0 1807879.9652407423
14325.0 1813840.039077544
14375.0 1805320.0721929446
14425.0 1737520.0072649592
14475.0 1767280.0079704311
14525.0 1724759.99318627
14570.0 1729000.015482824
14620.0 1710719.9479730753
14675.0 1699720.12298141
14725.0 1667960.062384914
14775.0 1653680.0413044316
14825.0 1645920.0599597404
14875.0 1605680.0949836106
14925.0 1630639.9896345972
14975.0 1604120.0249099128
15025.0 1566159.972475612
15075.0 1555360.0670842149
15125.0 1565840.0570723703
15175.0 1556320.0047374966
15225.0 1528559.9692172303
15275.0 1525040.093288983
15325.0 1507520.1172084077
15375.0 1494520.1351992444
15425.0 1476479.9674460283
15475.0 1466719.987247719
15525.0 1450479.964680778
15575.0 1432200.0263493622
15625.0 1434199.9560573937
15675.0 1402440.0163173557
15725.0 1392160.0917684503
15775.0 1357200.056111134
15825.0 1364920.0224984747
15875.0 1312120.0067899264
15925.0 1336399.9857108756
15975.0 1332640.0220029752
16050.0 1308599.9905828682
16150.0 1268559.9653999251
16250.0 1274600.0017577016
16350.0 1229040.0392981556
16450.0 1183480.046452237
16550.0 1202039.9659834947
16650.0 1179039.9937787945
16750.0 1126720.020222369
16850.0 1076399.9491894958
16950.0 1110240.0058658065
17050.0 1080999.990499805
17150.0 1061239.9826462688
17250.0 1027200.0162668192
17350.0 945976.0436051852
17450.0 978112.0784765057
17550.0 975104.0338599953
17650.0 955500.0361767851
17750.0 938148.0218850687
17850.0 921432.0510209103
17950.0 905076.0414627435
18050.0 879704.0142188421
18150.0 810596.0064877338
18250.0 830660.0005927226
18350.0 830616.0028193175
18450.0 811768.0065560916
18550.0 798423.9898598836
18650.0 775912.0056538655
18750.0 704216.012155424
18850.0 745436.0032156847
18950.0 726179.9732460969
19050.0 727772.0199979055
19150.0 712192.0045417795
19250.0 698556.0372016623
19350.0 677764.0004791438
19450.0 620832.0024034673
19550.0 655224.0275208043
19650.0 647159.9906210508
19750.0 633907.9950860316
19850.0 625528.0297948305
19950.0 613996.0148180907
20050.0 604688.0325394727
20150.0 595556.0261340805
20250.0 581555.9895269122
20350.0 568252.0042645105
20450.0 563892.0358935831
20550.0 552840.037209354
20650.0 540436.0111138562
20750.0 532580.024724898
20850.0 523376.0007701767
20950.0 512024.0240331602
21050.0 505764.0156404876
21150.0 495760.01531280566
21250.0 487032.0260856171
21350.0 479352.0010569229
21450.0 471948.03046727425
21550.0 461035.99300449435
21650.0 422408.00968433457
21750.0 441351.99761725886
21850.0 438259.9995345804
21950.0 434208.0074165243
22050.0 423808.030849534
22150.0 418723.987597871
22250.0 412400.03538265673
22350.0 405572.0067333781
22450.0 398867.99069728085
22550.0 390463.9911103731
22650.0 384888.0176819923
22750.0 379608.0086428021
22850.0 371984.01321050455
22950.0 366656.01370788855
23050.0 361952.0097666796
23150.0 355476.0032420282
23250.0 350175.99092152365
23350.0 343972.00520097534
23450.0 339591.9983264489
23550.0 333620.0096345783
23650.0 329063.99422821635
23750.0 322187.9951388564
23850.0 317240.004064547
23950.0 313632.00881908706
24050.0 308380.00310419087
24150.0 302808.0043316831
24250.0 298952.010714575
24350.0 293800.0133318316
24450.0 290024.0082878385
24550.0 283723.99254404113
24650.0 281268.00810076756
24750.0 276268.0033556903
24850.0 270843.9999618871
24950.0 268211.99753433856
25050.0 264712.0067528212
25150.0 260736.00632521627
25250.0 257032.00668658447
25350.0 253155.9918188092
25450.0 248856.01071349366
25550.0 245104.0027317973
25650.0 240647.98978518648
25750.0 238948.00618274845
25850.0 233775.99657623642
25950.0 231872.01826015857
26050.0 228191.99411466625
26150.0 222684.0101003994
26250.0 207992.00293464222
26350.0 216836.0036432317
26450.0 214916.00374275615
26550.0 212363.99853875674
26650.0 208111.99844064986
26750.0 204552.007414816
26850.0 204108.00427446462
26950.0 201884.01053855504
27050.0 199107.99761054633
27150.0 196232.00348163047
27250.0 193555.99752028138
27350.0 190979.99635745215
27450.0 188175.99919292648
27550.0 182116.0084946466
27650.0 181396.00456699185
27750.0 180524.00439343657
27850.0 178324.0004988256
27950.0 176171.9984151908
28050.0 173772.00077212806
28150.0 171520.0006324279
28250.0 169220.0029644406
28350.0 167068.00598201298
28450.0 164367.9969723645
28550.0 162316.00526128642
28650.0 159012.01140101734
28750.0 153652.00428107867
28850.0 155511.9996256738
28950.0 154188.00541590148
29050.0 152212.00173644675
29150.0 150136.00294484803
29250.0 147936.0100964266
29350.0 146436.00428180114
29450.0 144384.0038336947
29550.0 142708.00082793413
29650.0 140908.00189964776
29750.0 139056.00045235996
29850.0 137356.0048339268
29950.0 135456.00126934866
30050.0 133704.0055565469
30150.0 132128.0031109466
30250.0 130152.0090456556
30350.0 125091.99830432214
30450.0 125220.00431553116
30550.0 125400.00064520049
30650.0 123900.0018087891
30750.0 122700.004153362
30850.0 120900.005946061
30950.0 119523.99897897612
31050.0 118147.99806517962
31150.0 115972.00256851612
31250.0 115196.00248514487
31350.0 113896.0005572761
31450.0 112520.00617085492
31550.0 110920.00551377008
31650.0 109819.99942469722
31750.0 108443.99685213446
31850.0 107243.99886875045
31950.0 106068.00363955276
32100.0 103992.00447554297
32300.0 101703.99953839465
32500.0 99242.40477473616
32700.0 96911.60567132538
32900.0 92369.603103902
33100.0 91903.19738059393
33300.0 90198.79855035793
33500.0 88390.80112385863
33700.0 86247.20478696041
33900.0 84281.60216789784
34100.0 82336.0020053999
34300.0 80760.00266498391
34500.0 79111.99980817872
34700.0 77318.80282648436
34900.0 75660.40085076603
35100.0 74042.4024822103
35300.0 72366.80041964892
35500.0 70883.60264174263
35700.0 69308.00177251887
35900.0 67824.8008159558
36100.0 66499.20031920107
36300.0 65103.601882640156
36500.0 63545.59711870421
36700.0 62225.202077355425
36900.0 60709.60023373379
37100.0 59481.60069016556
37300.0 57851.598256095705
37500.0 56068.40265124992
37700.0 56079.99852098772
37900.0 54969.60222959674
38100.0 53871.601370376455
38300.0 52893.600260111685
38500.0 51903.20127012137
38700.0 50790.40114168682
38900.0 49760.0019681877
39100.0 48821.601621009635
39300.0 47941.59875741426
39500.0 46916.40078330842
39700.0 46105.99874282807
39900.0 45030.80157220502
40100.0 44170.00021812251
40300.0 43404.40018119419
40500.0 41742.40105827022
40700.0 41791.60104476841
40900.0 41046.40192998132
41100.0 40343.60092405377
41300.0 39620.79964194004
41500.0 38808.0009408549
41700.0 37964.40200365553
41900.0 37414.80090372153
42100.0 36632.39895664807
42300.0 36154.39903354414
42500.0 35449.19821569999
42700.0 34856.39889562189
42900.0 34166.8005180824
43100.0 33487.198741538916
43300.0 32879.20037164212
43500.0 32204.800295776684
43700.0 31368.800704876838
43900.0 31024.001045952642
44100.0 30392.400436728978
44300.0 29926.80132771193
44500.0 29426.4009878317
44700.0 28862.001156869665
44900.0 28418.801082851085
45100.0 27923.59980432743
45300.0 27408.800290200088
45500.0 26983.2004597885
45700.0 26542.800283193315
45900.0 26053.200013933092
46100.0 25670.000169967214
46300.0 25234.801134021487
46500.0 24327.60000996057
46700.0 24167.99869714285
46900.0 24041.2006858743
47100.0 23671.20097027383
47300.0 23313.201791673517
47500.0 22933.200053580866
47700.0 22558.00042660572
47900.0 22212.800636242016
48100.0 21835.20067310132
48300.0 21514.80056577159
48500.0 21157.20060363002
48700.0 20829.600322963375
48900.0 20506.801290455096
49100.0 20181.600847848284
49300.0 19864.000734007957
49500.0 19548.800791496487
49700.0 19251.200347189875
49900.0 18978.40057470871
50100.0 18658.40036841971
50300.0 18393.19987174403
50500.0 18090.800715305362
50700.0 17828.000380206442
50900.0 17562.801135514896
51100.0 17265.20037485822
51300.0 16829.20076211516
51500.0 16772.400120919312
51700.0 16547.20025587544
51900.0 16287.199699686067
52100.0 16039.599691591384
52300.0 15801.999547555723
52500.0 15586.799978075023
52700.0 15361.599675212936
52900.0 15119.200322160556
53100.0 14914.000960589477
53300.0 14694.000927800911
53500.0 14488.800553631132
53700.0 14261.200050914766
53900.0 14073.59985004578
54100.0 13878.399622270816
54300.0 13665.999983793623
54500.0 13490.799924597573
54700.0 13283.200264760639
54900.0 13105.60003867155
55100.0 12930.40001697205
55300.0 12750.399997665283
55500.0 12570.399998505072
55700.0 12405.200530589604
55900.0 12205.199607420782
56100.0 12059.999776194094
56300.0 11890.000309352523
56500.0 11742.3997306278
56700.0 11584.800374471695
56900.0 11414.800680810995
57100.0 11259.600163526504
57300.0 11119.599963742796
57500.0 10969.600395397052
57700.0 10814.399572967264
57900.0 10674.399843250236
58100.0 10536.800554804366
58300.0 10396.800434267421
58500.0 10260.400685240167
58700.0 10120.87972216883
58900.0 9964.24022328843
59100.0 9725.95958979647
59300.0 9726.400540808858
59500.0 9563.280127863436
59700.0 9473.520248740419
59900.0 9356.760323462282
60100.0 9229.439831114245
60300.0 9119.400012625025
60500.0 9002.839687477695
60700.0 8883.560134815229
60900.0 8766.520640584942
61100.0 8643.959961943541
61300.0 8550.160317540225
61500.0 8446.599889488614
61700.0 8338.800291359381
61900.0 8234.000163304587
62100.0 8132.720165321549
62300.0 8013.440446941046
62500.0 7924.3999460996765
62700.0 7826.600378671857
62900.0 7709.920020493574
63100.0 7626.520474510597
63300.0 7547.720197500081
63500.0 7454.440191274645
63700.0 7362.160283144814
63900.0 7272.1199959197775
64200.0 7142.560152287066
64600.0 6967.24027043512
65000.0 6799.680287626923
65400.0 6644.359989845583
65800.0 6489.040307454481
66200.0 6335.240085650355
66600.0 6188.920229854683
67000.0 6044.120222995782
67400.0 5902.5603207541435
67800.0 5756.680098647473
68200.0 5639.200350843382
68600.0 5511.400053360031
69000.0 5387.600309394493
69400.0 5265.560002013859
69800.0 5150.760213233776
70200.0 5032.720106606517
70600.0 4924.920117897704
71000.0 4817.87991921127
71400.0 4712.080060897826
71800.0 4610.0402121515945
72200.0 4509.999927835505
72600.0 4413.719863183704
73000.0 4320.67995052405
73400.0 4227.3998629462585
73800.0 4140.360052048114
74200.0 4051.320084549105
74600.0 3932.440186075731
75000.0 3847.600035214355
75400.0 3804.4801012098
75800.0 3727.440285382867
76200.0 3651.1599426527637
76600.0 3577.6398764153146
77000.0 3504.1199403149762
77400.0 3434.8399511564926
77800.0 3365.8000172682673
78200.0 3299.2799676286927
78600.0 3233.7601690553947
79000.0 3169.480023694875
79400.0 3106.960185580565
79800.0 3046.6799601865096
80200.0 2986.160079083057
80600.0 2928.6400879047087
81000.0 2873.1200462052348
81400.0 2815.8399606755543
81800.0 2763.079910253871
82200.0 2711.8000688881853
82600.0 2660.2799195853904
83000.0 2610.519922527223
83400.0 2560.2399192658745
83800.0 2512.7201087018584
84200.0 2466.96006951899
84600.0 2421.4399246983667
85000.0 2376.9200921495217
85400.0 2333.4000031376086
85800.0 2290.879974598909
86200.0 2249.1200786474697
86600.0 2208.599883030321
87000.0 2169.8400817214915
87400.0 2125.7999351918434
87800.0 2088.039885722003
88200.0 2054.799966690769
88600.0 2018.2800542082834
89000.0 1982.5199371590716
89400.0 1948.7599873773877
89800.0 1913.9999903728099
90200.0 1881.4799497402187
90600.0 1849.7200918342526
91000.0 1816.9600381082107
91400.0 1785.4400041622614
91800.0 1755.6800162029783
92200.0 1725.9200441390442
92600.0 1697.1600922027387
93000.0 1668.400062516641
93400.0 1640.6400229718433
93800.0 1611.3599790465705
94200.0 1586.3601002830121
94600.0 1559.6000495319604
95000.0 1533.8400374427683
95400.0 1508.8400975986629
95800.0 1484.3200355860176
96200.0 1459.559936239852
96600.0 1436.5599937274367
97000.0 1413.0400467723148
97400.0 1389.2800435884772
97800.0 1367.2800411766696
98200.0 1346.5200425546257
98600.0 1324.7600504887291
99000.0 1303.9999736279522
99400.0 1283.00001572866
99800.0 1263.2400265526026
100200.0 1243.4800384819523
200000.0 80.23800160043034
400000.0 5.0261199607001945
600000.0 0.9872120212633696
800000.0 0.31048800903115686
1000000.0 0.12642000401087575
1200000.0 0.060664401121296105
1400000.0 0.03259679957533598
1600000.0 0.01902680121196674
