wave flux
90.9000015258789 0.0
93.5 0.0
96.0999984741211 0.0
97.69999694824219 0.0
99.5999984741211 0.0
102.0 0.0
103.80000305175781 0.0
105.5999984741211 0.0
107.69999694824219 0.0
110.4000015258789 0.0
114.0 0.0
117.80000305175781 0.0
121.30000305175781 0.0
124.80000305175781 0.0
127.0999984741211 0.0
128.39999389648438 0.0
130.5 0.0
132.39999389648438 0.0
133.89999389648438 0.0
136.60000610351562 0.0
139.8000030517578 0.0
143.3000030517578 0.0
147.1999969482422 0.0
151.0 0.0
155.1999969482422 0.0
158.8000030517578 0.0
162.0 0.0
166.0 0.0
170.3000030517578 0.0
173.39999389648438 0.0
176.8000030517578 0.0
180.1999969482422 0.0
181.6999969482422 0.0
186.10000610351562 0.0
191.0 0.0
193.89999389648438 0.0
198.39999389648438 0.0
201.8000030517578 0.0
205.0 0.0
210.5 0.0
216.1999969482422 0.0
219.8000030517578 0.0
223.0 0.0
226.8000030517578 0.0
230.0 0.0
234.0 0.0
240.0 0.0
246.5 0.0
252.39999389648438 0.0
256.79998779296875 0.0
260.0 0.0
264.0 0.0
268.5 0.0
273.5 0.0
278.5 0.0
284.0 0.0
290.0 0.0
296.0 0.0
301.0 0.0
308.0 0.0
318.0 0.0
328.0 0.0
338.0 0.0
348.0 0.0
357.0 0.0
366.0 0.0
375.0 0.0
385.0 0.0
395.0 0.0
405.0 0.0
414.0 0.0
422.0 0.0
430.0 0.0
441.0 0.0
451.0 0.0
460.0 0.0
470.0 0.0
480.0 0.0
490.0 0.0
500.0 0.0
506.0 0.0
512.0 0.0
520.0 0.0
530.0 0.0
540.0 0.0
550.0 0.0
560.0 1.5156000473267384e-25
570.0 5.382000171426165e-25
580.0 1.804800066236198e-24
590.0 6.440536513845416e-24
600.0 2.0164480410324355e-23
610.0 6.070736000556678e-23
620.0 1.7598800000038992e-22
630.0 4.924928183943395e-22
640.0 1.332808087317376e-21
650.0 3.4931521044438215e-21
658.0 7.38231996534966e-21
665.0 1.397784080176708e-20
675.0 3.4017921783305084e-20
685.0 8.053840333444547e-20
695.0 1.8564880333514372e-19
705.0 4.165240195718723e-19
716.0 9.897839892069259e-19
726.0 2.1175762041153772e-18
735.0 4.123920391457537e-18
745.0 8.47352048204414e-18
755.0 1.7061920619668508e-17
765.0 3.3714161770338015e-17
775.0 6.533840254345908e-17
785.0 1.2445119206097387e-16
795.0 2.316231924713402e-16
805.0 4.277920086160624e-16
815.0 7.762480050729923e-16
825.0 1.3850479561312053e-15
835.0 2.434983963723017e-15
845.0 4.2202401056203895e-15
855.0 7.212319876726073e-15
865.0 1.2162320422206842e-14
875.0 2.02296013791445e-14
885.0 3.329039968066651e-14
895.0 5.41103992565855e-14
905.0 8.686960169132323e-14
915.0 4.891359900455343e-10
925.0 2.0818800243730015e-09
935.0 2.8997601312145033e-09
945.0 4.097519962715713e-09
955.0 6.330320130817947e-09
965.0 1.0473680520338885e-08
975.0 1.3057280192325967e-08
985.0 2.069119993924222e-08
995.0 2.958799981327171e-08
1005.0 4.150639982421237e-08
1015.0 5.743119729197204e-08
1025.0 7.426959978751406e-08
1035.0 1.294927994841289e-07
1045.0 1.8240320799598092e-07
1055.0 2.1777439198454797e-07
1065.0 3.498639962592793e-07
1075.0 4.6913600657892976e-07
1085.0 6.682720063411262e-07
1095.0 8.299199942359907e-07
1105.0 1.0879120525064025e-06
1115.0 1.4442639865455048e-06
1125.0 2.151096049852062e-06
1135.0 3.093999966660243e-06
1145.0 4.1548001130688124e-06
1155.0 5.466320042062012e-06
1165.0 7.091040813250866e-06
1175.0 9.533519691438685e-06
1185.0 1.2060480368945447e-05
1195.0 1.4586399753318478e-05
1205.0 1.653087990939496e-05
1215.0 1.2939760503742115e-05
1225.0 2.6594402196706054e-05
1235.0 4.071200020575145e-05
1245.0 5.303040083841928e-05
1255.0 6.595119989724258e-05
1265.0 8.394400659510277e-05
1275.0 0.00010473120062611174
1285.0 0.0001265024076800454
1295.0 0.00015829520514695124
1305.0 0.00019517601056502886
1315.0 0.00024548800478886606
1325.0 0.00029662399386006703
1335.0 0.0003622400092320079
1345.0 0.0004573520247790152
1355.0 0.0005703360150032993
1365.0 0.0006919760230876305
1375.0 0.0008386079954452644
1385.0 0.000998503997288643
1395.0 0.0012345440116899743
1405.0 0.001525760109269633
1415.0 0.001886800133863607
1425.0 0.0022207198653445143
1435.0 0.002746239981061021
1442.0 0.003250319974656794
1447.0 0.003380080058466553
1455.0 0.00387704022517238
1465.0 0.004894400051494757
1475.0 0.005606320193506082
1485.0 0.0066387205001879135
1495.0 0.008307520169717334
1505.0 0.010156240248607692
1512.0 0.010196879848458733
1517.0 0.011834880085269953
1525.0 0.015004320868691592
1535.0 0.053573599495994814
1545.0 0.06269279913020308
1555.0 0.10977600512431737
1565.0 0.10628159609585495
1575.0 0.2762920080487258
1585.0 0.3169040104871866
1595.0 0.35810400708381673
1605.0 0.3728800024225838
1615.0 0.4009199931106256
1625.0 0.43540801765843723
1635.0 0.6192639888084124
1645.0 0.905016006028445
1655.0 0.6528399909465424
1665.0 1.1189759885515413
1672.0 0.756592007471365
1677.0 1.4556400380402748
1685.0 2.390280178318252
1695.0 3.476400152392693
1705.0 4.0161598835459875
1715.0 4.092640014294294
1725.0 5.9009601490532395
1735.0 6.782320143712164
1745.0 9.75935976612753
1755.0 10.825999642310919
1765.0 11.460320706376326
1775.0 11.118319621888105
1785.0 18.57800008930868
1795.0 17.220000968279077
1805.0 24.30039911061555
1815.0 20.374400437885146
1825.0 28.550400916392118
1835.0 29.19839967240251
1845.0 27.662801470089377
1855.0 29.811200398682747
1865.0 41.6111971644073
1875.0 42.33440013654385
1885.0 49.534399721537696
1895.0 64.3120002315114
1905.0 60.982399542055376
1915.0 79.1207997163669
1925.0 73.85360396111521
1935.0 45.58720130658326
1945.0 93.80159728938635
1955.0 116.84080215766338
1967.0 136.12160723017172
1976.0 144.3239936957666
1984.0 160.96800757190246
1995.0 157.60400389612556
2005.0 167.79599930028735
2015.0 191.71600059509888
2025.0 156.13600422909695
2035.0 213.86000072511908
2045.0 236.51199782711168
2055.0 261.95599610833295
2065.0 258.0440067377784
2074.0 246.068020083864
2078.0 309.93200002083563
2085.0 351.60001084159103
2095.0 510.07200309745133
2105.0 631.5040295411573
2115.0 723.4080087085416
2125.0 704.176009099481
2135.0 848.7360151367137
2145.0 786.7439871792401
2155.0 828.9440268585395
2165.0 790.7680348416494
2175.0 848.7919987491977
2185.0 854.120026843963
2195.0 1154.5359761762786
2205.0 1084.3600508138516
2215.0 1062.9280182915911
2225.0 1140.7759998344557
2235.0 1664.8800713497783
2245.0 1774.4000634172603
2255.0 1749.480091515881
2265.0 1242.5359696815483
2275.0 1717.9600132451194
2285.0 2022.040052389422
2295.0 2262.520080851717
2305.0 1548.2400129435243
2315.0 2703.8799756502112
2325.0 2577.7200509049494
2335.0 3399.399936224536
2345.0 2359.0800642190857
2355.0 2537.3199507034215
2365.0 2703.679989517141
2375.0 2819.8000198669156
2385.0 3296.4401216113492
2395.0 3515.0799439311504
2405.0 4721.359988921336
2415.0 3530.8000475316067
2425.0 4555.99998494353
2435.0 5547.20023934651
2445.0 6944.799882682582
2455.0 7531.600000978823
2465.0 5710.640046443399
2475.0 6615.520227023206
2485.0 3007.400193482943
2495.0 3933.080007939338
2505.0 6551.04017301385
2513.0 4787.1201435216435
2518.0 3976.99999276839
2525.0 4200.959925379611
2535.0 7733.92056068883
2545.0 9086.320686570996
2555.0 14454.40019490194
2565.0 11412.480565976737
2575.0 17175.19974268243
2585.0 16436.400119051366
2595.0 17323.599434882162
2605.0 19391.19950540302
2615.0 17766.3995895767
2625.0 24478.00010155604
2635.0 50275.19821369459
2645.0 50187.99931337507
2655.0 101407.99750830661
2665.0 56033.60225425389
2675.0 52359.198455791426
2685.0 76971.20099158696
2695.0 38559.20216594847
2705.0 64655.20284707974
2715.0 40652.79954441776
2725.0 25888.800608898266
2735.0 35118.40219371196
2745.0 33560.400480964694
2755.0 40590.0017652661
2765.0 55425.603073352286
2775.0 59182.40087863602
2785.0 38466.00143233151
2795.0 24533.199689721347
2805.0 28648.800886888625
2815.0 50096.00247247462
2825.0 51828.80066203597
2835.0 39722.00137072987
2845.0 25851.20132697936
2855.0 12899.600205835239
2865.0 34657.6013944538
2875.0 50723.201764445104
2885.0 69844.80159328273
2895.0 107499.99790442492
2910.0 172403.99683610888
2930.0 172932.00954218724
2950.0 146960.0000852125
2970.0 146116.00143848255
2990.0 143688.00318951329
3010.0 125968.00186152835
3030.0 182728.00229594196
3050.0 189975.99726142173
3070.0 290443.9887603577
3090.0 237788.0120820445
3110.0 405940.02005854266
3130.0 343144.00455163134
3150.0 415188.0051282741
3170.0 499296.0244952886
3190.0 401720.0107857754
3210.0 415276.0375174336
3230.0 347300.0035624107
3250.0 596512.0180723062
3270.0 795272.0016012046
3290.0 821679.9706901642
3310.0 650375.9879890135
3330.0 669799.9921383099
3350.0 601792.0040300258
3370.0 348744.00883384293
3390.0 429480.0056488341
3410.0 458184.0214118192
3430.0 535704.0210134276
3450.0 515372.0117588096
3470.0 537159.9852757936
3490.0 721624.0298678611
3510.0 841880.0079644945
3530.0 736864.0348281908
3550.0 932720.0273740764
3570.0 454235.9951509604
3590.0 494272.01488587406
3610.0 711072.0197009287
3630.0 800615.980042562
3640.0 861359.9563954598
3650.0 1056199.9860124558
3670.0 1207839.9585562695
3690.0 988936.0288063176
3710.0 930711.96793034
3730.0 421628.0086344915
3750.0 515888.0076340301
3770.0 918520.0176045686
3790.0 952311.9948781397
3810.0 799064.0279089537
3830.0 358467.98951839743
3850.0 525883.9859267311
3870.0 527340.0049307842
3890.0 768320.0180983953
3910.0 1072456.0023533097
3930.0 441376.03058863204
3950.0 914064.0335226282
3970.0 618556.0064386288
3990.0 1620640.1052232278
4010.0 1869480.0837834452
4030.0 1663680.063037388
4050.0 1589279.8953571282
4070.0 1455319.9948265764
4090.0 2027160.0409745497
4110.0 1782800.0294223044
4130.0 1713120.0493194514
4150.0 1572600.0843041262
4170.0 1653760.0965898458
4190.0 1595800.0351747428
4210.0 1637519.9699154363
4230.0 1446280.0447178553
4250.0 1718600.0911928762
4270.0 1554120.0080573321
4290.0 1429240.0843994422
4310.0 1321000.009716678
4330.0 2045120.0143318146
4350.0 2073680.1028751847
4370.0 2235800.009623055
4390.0 1885999.9648729204
4410.0 2055040.076438348
4430.0 2288960.0797260553
4450.0 2315960.062485751
4470.0 2551160.0596817876
4490.0 2643440.038497601
4510.0 3082880.137449118
4530.0 2613359.960032216
4550.0 2826240.039920308
4570.0 3035519.913373101
4590.0 2895240.085831032
4610.0 2983120.134130848
4630.0 2958600.162406391
4650.0 2940080.1338334116
4670.0 3127120.030574519
4690.0 3056080.152279915
4710.0 2906559.9076417633
4730.0 3004480.20650697
4750.0 3039359.9809339247
4770.0 2981720.0131818447
4790.0 3037639.8378331745
4810.0 3132920.031900505
4830.0 3178880.148120972
4850.0 3090360.002413199
4870.0 2818800.070162383
4890.0 3017680.032535011
4910.0 3041279.8622359997
4930.0 2886160.046679275
4950.0 3020279.9671504684
4970.0 3006040.212038767
4990.0 2718360.100058901
5010.0 2494360.091299134
5030.0 2695399.824841425
5050.0 2589360.108792583
5070.0 2647880.0776274772
5090.0 2495440.1565957763
5110.0 2538600.0492977216
5130.0 2440599.9638165417
5150.0 2292279.999961313
5170.0 1852959.930069145
5190.0 2009679.9758646213
5210.0 2421720.0370690073
5230.0 2937919.9108954896
5250.0 3153519.944546365
5270.0 2624039.9158399515
5290.0 3160959.967104826
5310.0 3411399.870779007
5330.0 2912879.988300185
5350.0 3224400.1283972883
5370.0 3203680.140816041
5390.0 3121479.875325715
5410.0 3038079.939845184
5430.0 3094880.050216165
5450.0 3213799.8968378706
5470.0 3218040.1464525615
5490.0 3220720.0504435888
5510.0 3169040.205876718
5530.0 3290599.9633309944
5550.0 3369520.152704359
5570.0 3232560.0839546616
5590.0 3086840.119882298
5610.0 3290360.1549523
5630.0 3333439.9199093534
5650.0 3359479.9468186717
5670.0 3269599.9892715104
5690.0 3329000.088061004
5710.0 3199720.0383406556
5730.0 3478760.093461549
5750.0 3386640.165641565
5770.0 3427960.094580849
5790.0 3255600.0942689255
5810.0 3411120.0980257937
5830.0 3501800.039239543
5850.0 3378400.116859177
5870.0 3384760.024244629
5890.0 2576479.9776779786
5910.0 3316000.254948341
5930.0 3364000.136427964
5950.0 3374999.981515303
5970.0 3414880.2628515344
5990.0 3373320.1011548038
6010.0 3309680.1102908556
6030.0 3360800.1176235387
6050.0 3426440.208899037
6070.0 3391600.1392885335
6090.0 3282000.074937702
6110.0 3279399.990983223
6130.0 3079400.203005339
6150.0 3221760.0025146403
6170.0 2972680.078185215
6190.0 3276840.03164614
6210.0 3266920.0088972496
6230.0 3170840.0175480084
6250.0 3075320.2292255796
6270.0 3200880.2008146974
6290.0 3246520.1293716854
6310.0 3138800.0712413075
6330.0 3167440.248731935
6350.0 3188439.9291286585
6370.0 3175840.0382194784
6390.0 3220960.0587537074
6410.0 3139200.1313152513
6430.0 3163240.071053789
6450.0 3101000.027897512
6470.0 3091039.9857026683
6490.0 3049760.0555919125
6510.0 3163439.9014495416
6530.0 3194239.9407791174
6550.0 3134200.032011287
6570.0 3025520.057203986
6590.0 3135840.11182211
6610.0 3164280.132877476
6630.0 3143600.140365031
6650.0 3138239.892987164
6670.0 3088680.0318908542
6690.0 3147600.067368846
6710.0 3055200.0153784724
6730.0 3138799.9029530007
6750.0 3086960.2014022777
6770.0 3099240.0358431637
6790.0 3077000.221283999
6810.0 3063679.9362602145
6830.0 3099160.1369728884
6850.0 3016159.9239587206
6870.0 3045599.963185643
6890.0 3051840.146815047
6910.0 3036640.1204415807
6930.0 3013039.975416284
6950.0 2999200.0240735374
6970.0 3011480.1911925636
6990.0 2973840.1244850503
7010.0 2919640.07481324
7030.0 2963440.115694424
7050.0 2977920.171242977
7070.0 2933200.143579857
7090.0 2922600.0669037364
7110.0 2937720.008880354
7130.0 2878440.0025690417
7150.0 2830040.056080329
7170.0 2879480.1625262713
7190.0 2783480.0429285686
7210.0 2825359.934735153
7230.0 2877400.0145234377
7250.0 2863239.964783542
7270.0 2863919.943132763
7290.0 2794320.1129022245
7310.0 2829600.0240302756
7330.0 2796719.9950800654
7350.0 2803720.0220591254
7370.0 2828479.9636005987
7390.0 2768240.139830002
7410.0 2739279.922746099
7430.0 2776240.2524055084
7450.0 2762599.9640855193
7470.0 2782080.215219832
7490.0 2756759.896770599
7510.0 2766520.0612840513
7530.0 2777400.038907348
7550.0 2781400.11906364
7570.0 2752200.167873812
7590.0 2740080.2450003973
7610.0 2728360.10435037
7630.0 2744600.0823310455
7650.0 2735239.9945143145
7670.0 2631799.9186956515
7690.0 2719519.891082448
7710.0 2669920.0202051145
7730.0 2683960.06626618
7750.0 2650000.091221838
7770.0 2711200.064180283
7790.0 2691960.0726115783
7810.0 2679119.973882367
7830.0 2640399.9408809915
7850.0 2645039.971213263
7870.0 2664039.9371450692
7890.0 2631959.868817391
7910.0 2585160.04682625
7930.0 2544480.088930428
7950.0 2522600.1017625276
7970.0 2592919.998461621
7990.0 2577160.013570805
8010.0 2553720.0292867715
8030.0 2555600.1046652915
8050.0 2526519.998554609
8070.0 2534239.9455351564
8090.0 2485839.959309391
8110.0 2496439.9636012535
8130.0 2519560.145728206
8150.0 2507839.9473432642
8170.0 2500840.131713581
8190.0 2384599.9422719483
8210.0 2429800.063398602
8230.0 2435319.970516882
8250.0 2458400.1812121077
8270.0 2480400.1732552056
8290.0 2462919.9941297867
8310.0 2402120.1660647285
8330.0 2371600.1456385856
8350.0 2394240.0222534165
8370.0 2406600.144594932
8390.0 2302360.0441367063
8410.0 2400360.142770069
8430.0 2331640.067689564
8450.0 2378280.1388032543
8470.0 2354440.1155222952
8490.0 2339959.912404352
8510.0 2229080.0749624753
8530.0 2301640.0743067274
8550.0 1981959.9719344927
8570.0 2357600.0201362744
8590.0 2323160.107741858
8610.0 2317039.9175035614
8630.0 2328640.1825612485
8650.0 2306680.1643655817
8670.0 1983720.1336538303
8690.0 2206200.012342481
8710.0 2282600.191894213
8730.0 2277600.07931738
8750.0 2269400.010588826
8770.0 2276960.1290316815
8790.0 2267640.0202391734
8810.0 2176439.95240473
8830.0 2222880.1566879502
8850.0 2252400.01585921
8870.0 2215359.9500265406
8890.0 2256800.105415724
8910.0 2259160.1477964567
8930.0 2211599.877317874
8950.0 2200599.911163276
8970.0 2206480.1168608502
8990.0 2212719.959221168
9010.0 2115079.9613924697
9030.0 2179760.120200439
9050.0 2215240.1166265197
9070.0 2195040.1316574053
9090.0 2125599.98176922
9110.0 2129720.012877536
9130.0 2165800.1570455083
9150.0 2115880.0219805227
9170.0 2091039.9615042172
9190.0 2100040.1722377297
9210.0 2051360.0139783074
9230.0 2064519.9647059815
9250.0 2036120.0298984786
9270.0 2060960.0681400315
9290.0 2044600.057177568
9310.0 2072839.9970669793
9330.0 2064600.116776843
9350.0 2049120.0107596258
9370.0 2032240.1224433903
9390.0 2031399.9424251935
9410.0 1967119.8943175098
9430.0 2005440.0523110968
9450.0 1966719.915984504
9470.0 2008560.0605488964
9490.0 2008440.0504578967
9510.0 2006440.0404093566
9530.0 1987960.0560859968
9550.0 1966999.9456146364
9570.0 1969599.9556441747
9590.0 1991720.0829894172
9610.0 1967480.0525571848
9630.0 1961520.1912882428
9650.0 1921120.0378181825
9670.0 1921760.0663972916
9690.0 1949879.933357742
9710.0 1931519.9650637123
9730.0 1919880.0668955436
9750.0 1911799.9220422395
9770.0 1918559.9476312357
9790.0 1883800.0137941379
9810.0 1926320.0640442658
9830.0 1907440.0400086013
9850.0 1922080.042998005
9870.0 1906599.9581532131
9890.0 1906479.927980393
9910.0 1894000.068750112
9930.0 1902600.0784778064
9950.0 1894360.0648648134
9970.0 1893240.0406795319
9990.0 1884879.9719847804
10025.0 1872520.0316984912
10075.0 1851679.93484022
10125.0 1846440.0899925232
10175.0 1819360.1008352174
10225.0 1811359.926528979
10275.0 1810119.972179356
10325.0 1776400.0727492813
10375.0 1763919.9041347026
10425.0 1766680.0125727218
10475.0 1742960.04271988
10525.0 1739840.0354694321
10575.0 1715240.0173547214
10625.0 1703639.915155862
10675.0 1674680.0999380136
10725.0 1673679.9553426339
10775.0 1651080.062337486
10825.0 1610360.0830010436
10875.0 1612640.125425812
10925.0 1606919.9102658003
10975.0 1542479.9811430569
11025.0 1539480.0357549975
11075.0 1546600.0181921357
11125.0 1533239.9507710747
11175.0 1530000.0353733369
11225.0 1525879.972617158
11275.0 1493280.1000762477
11325.0 1504279.9722919755
11375.0 1477799.9664488307
11425.0 1466560.0594133814
11475.0 1483560.01283519
11525.0 1479199.9637769838
11575.0 1458599.9960201988
11625.0 1433360.0346923824
11675.0 1436239.992974647
11725.0 1448120.1085562992
11775.0 1416640.019277179
11825.0 1392279.971767008
11875.0 1386039.981248463
11925.0 1411040.0469864332
11975.0 1343960.0260031756
12025.0 1370840.055124759
12075.0 1349600.0578416528
12125.0 1362360.0820483577
12175.0 1365480.0163561204
12225.0 1356120.0368251442
12275.0 1341760.087714726
12325.0 1334640.0514780984
12375.0 1328160.0738105343
12425.0 1311040.005732847
12475.0 1313800.0550942847
12525.0 1298559.9860762223
12575.0 1296199.9753036099
12625.0 1285959.9712815648
12675.0 1269720.0073484401
12725.0 1271479.9861565244
12775.0 1268240.051569145
12825.0 1222800.0056700315
12875.0 1241760.082777498
12925.0 1225520.03570838
12975.0 1234280.0436646196
13025.0 1219800.062295402
13075.0 1221800.085008915
13125.0 1187800.0540022582
13175.0 1187199.9821146387
13225.0 1197079.9994899132
13275.0 1175599.9594327975
13325.0 1176600.0383911692
13375.0 1171120.0094837267
13425.0 1173240.0056854088
13475.0 1164879.9840925836
13525.0 1159759.989844157
13575.0 1139160.0615924937
13625.0 1134160.0514879737
13675.0 1134800.0370789384
13725.0 1134679.9973713101
13775.0 1124439.991978269
13825.0 1122319.9830186903
13875.0 1110199.9918337672
13925.0 1107199.980140146
13975.0 1101720.0880692687
14025.0 1085480.0066476073
14075.0 1085119.9841230947
14125.0 1061640.0473221806
14175.0 1066760.0444819801
14225.0 1045160.0357315291
14275.0 1018280.0268519713
14325.0 1046040.0111881687
14375.0 1049039.9780037575
14425.0 1016200.0650529116
14475.0 1038560.0232773207
14525.0 1015960.0353660819
14570.0 1014200.0220135886
14620.0 1012168.0061849436
14675.0 1005280.0003069002
14725.0 987536.0025250042
14775.0 990624.0600793934
14825.0 989384.0073965694
14875.0 952912.0306501603
14925.0 994968.0480051062
14975.0 981047.9722297114
15025.0 918296.0155104094
15075.0 941367.9766869938
15125.0 967864.004597205
15175.0 969304.0440128894
15225.0 954736.0820854238
15275.0 959416.0103078962
15325.0 954760.0106353742
15375.0 952760.041517816
15425.0 951903.9886238571
15475.0 950071.9914700781
15525.0 932512.008227926
15575.0 929184.0029138773
15625.0 937096.0427659876
15675.0 913263.9684933611
15725.0 914003.987069335
15775.0 861508.0228948646
15825.0 897144.0249379053
15875.0 867260.0571165904
15925.0 886647.9854798634
15975.0 887660.0252685446
16050.0 883784.0197400094
16150.0 866543.9970455779
16250.0 863132.064121678
16350.0 849304.0242294021
16450.0 832704.0336379132
16550.0 829303.997508675
16650.0 810956.0062018046
16750.0 784836.0412195834
16850.0 771512.003593155
16950.0 772612.0192747235
17050.0 745308.0598512149
17150.0 727040.0215692226
17250.0 714008.017053938
17350.0 693483.9828014222
17450.0 687408.024862657
17550.0 679320.0065053728
17650.0 666940.0247937387
17750.0 650868.0092108664
17850.0 643660.050896684
17950.0 631615.974593643
18050.0 615192.0074846017
18150.0 601156.006247765
18250.0 589955.9914736111
18350.0 579068.0118704544
18450.0 560356.0055064702
18550.0 558563.9985610656
18650.0 542508.0102710804
18750.0 523195.99610410735
18850.0 525864.0285208928
18950.0 502192.01531423646
19050.0 508856.01478537754
19150.0 497260.0130024717
19250.0 489564.010407751
19350.0 474352.01998877985
19450.0 459431.99410818116
19550.0 462371.9860469096
19650.0 453052.00530232885
19750.0 438120.0139243962
19850.0 434688.0205861716
19950.0 428068.00979929883
20050.0 426287.98959322047
20150.0 420851.99530376546
20250.0 407991.9889901014
20350.0 399548.0015724669
20450.0 398572.007092341
20550.0 389312.0048343976
20650.0 379176.0180143694
20750.0 375979.9947330143
20850.0 369044.0233652472
20950.0 358908.00565651985
21050.0 357772.01365648385
21150.0 350624.00767489884
21250.0 345040.0082263695
21350.0 340492.0097318186
21450.0 335143.9942666786
21550.0 329796.0113288829
21650.0 319248.00314677035
21750.0 315388.0191947252
21850.0 311240.01704775606
21950.0 308440.0129934045
22050.0 297875.999113037
22150.0 299332.01699107786
22250.0 291468.0046902671
22350.0 287384.0024545308
22450.0 283235.99815367983
22550.0 279164.0146435063
22650.0 272499.9974325643
22750.0 271215.99760855443
22850.0 263403.9976847626
22950.0 247344.00954165857
23050.0 251664.00661355566
23150.0 248704.00288824845
23250.0 230672.0105675572
23350.0 234752.01287454634
23450.0 236156.0068253046
23550.0 217664.01327290345
23650.0 225044.0123886175
23750.0 221860.00264397266
23850.0 206880.0002371982
23950.0 213184.01071427602
24050.0 212699.9943856179
24150.0 199460.00491210466
24250.0 202687.9996680339
24350.0 202204.00634608755
24450.0 194164.008997045
24550.0 190004.00747981385
24650.0 193943.99973034373
24750.0 187732.0053784246
24850.0 180767.98951058523
24950.0 184672.00287849625
25050.0 183023.992183323
25150.0 176160.0001450436
25250.0 176584.00239494524
25350.0 175188.01301771213
25450.0 170652.01427381494
25550.0 169216.00100080276
25650.0 167780.0068424916
25750.0 167256.0045005406
25850.0 160632.00375878307
25950.0 161420.01143692035
26050.0 160308.00050531144
26150.0 158048.00668893196
26250.0 153251.99666994228
26350.0 153024.00941221544
26450.0 150800.00064891385
26550.0 148136.00784301612
26650.0 145576.01016664048
26750.0 146652.00328900226
26850.0 144939.992371825
26950.0 142328.00470785296
27050.0 141004.0010908291
27150.0 139080.00317449562
27250.0 137468.0086217041
27350.0 135544.00177725896
27450.0 134332.00399775596
27550.0 132395.99473506855
27650.0 130384.00153674287
27750.0 128672.00046297647
27850.0 127171.99966881168
27950.0 125583.99809869537
28050.0 123584.00130661193
28150.0 122348.00614916006
28250.0 121012.00312353227
28350.0 119812.00598713964
28450.0 117788.00215520828
28550.0 116387.9969528144
28650.0 114964.00901269352
28750.0 113528.00330091109
28850.0 112140.00224161713
28950.0 110827.99774846627
29050.0 109227.9971910446
29150.0 108204.00385095099
29250.0 105240.0085667642
29350.0 105003.99918643168
29450.0 103392.00818129515
29550.0 102655.99877888191
29650.0 100980.00145152712
29750.0 100200.00560765396
29850.0 98896.79918530108
29950.0 97476.00537580099
30050.0 95905.60181530367
30150.0 95452.00009387555
30250.0 93952.00178047246
30350.0 92707.59973887519
30450.0 91151.59922819739
30550.0 90752.40301813152
30650.0 89396.39932083138
30750.0 88614.00467162339
30850.0 86862.3994977078
30950.0 85990.4038862771
31050.0 85505.20542278905
31150.0 83248.80146763899
31250.0 83397.19884734467
31350.0 81740.79900696821
31450.0 81372.4059669039
31550.0 80000.39875545402
31650.0 79327.20347896498
31750.0 78262.00291692102
31850.0 77337.19898381349
31950.0 76619.99639217439
32100.0 75378.79738884018
32300.0 73185.60081890498
32500.0 71857.2020872387
32700.0 70147.60219626206
32900.0 68157.99745783988
33100.0 66851.2037570947
33300.0 65032.40313775277
33500.0 63984.40171349612
33700.0 62613.99900550474
33900.0 60694.80108089618
34100.0 59597.203588766344
34300.0 58682.798848946855
34500.0 57086.00090917699
34700.0 56088.402321668
34900.0 54966.39834602284
35100.0 53638.79729206326
35300.0 52378.00121630229
35500.0 51512.39990390009
35700.0 50184.79788951461
35900.0 49134.002496220244
36100.0 48408.39943541546
36300.0 47239.6002340487
36500.0 46076.3984997529
36700.0 45109.19935024209
36900.0 44016.00063059057
37100.0 43043.59916977985
37300.0 42427.60118040051
37500.0 41346.00236308658
37700.0 40699.2002256554
37900.0 39994.80032842024
38100.0 39145.997622906376
38300.0 38520.000578082574
38500.0 37757.598775823186
38700.0 36929.2007410382
38900.0 36164.398766000544
39100.0 35630.79953658402
39300.0 34905.99952204244
39500.0 34125.19956079775
39700.0 33582.80137411209
39900.0 32612.80031723522
40100.0 32242.002188170223
40300.0 31720.800841431577
40500.0 30952.399808864924
40700.0 30394.801564104175
40900.0 29976.39912878774
41100.0 29375.20122607746
41300.0 28911.600627114705
41500.0 28305.60068498534
41700.0 27795.59848116334
41900.0 27270.800153436474
42100.0 26528.40070237762
42300.0 26412.400442288857
42500.0 25819.9992820321
42700.0 25437.60081633575
42900.0 24215.200064648925
43100.0 23175.999507854012
43300.0 23161.199982403934
43500.0 22028.800168703543
43700.0 21453.600577556303
43900.0 21188.400295607455
44100.0 20077.600025662017
44300.0 19923.600172315157
44500.0 19612.400387036825
44700.0 18743.99995353344
44900.0 18786.399411657818
45100.0 18308.799488320783
45300.0 17666.80039951941
45500.0 17667.999698192518
45700.0 17514.399679243546
45900.0 16768.400661529267
46100.0 16846.000043764278
46300.0 16533.599881008788
46500.0 16343.998975988203
46700.0 16201.600389495261
46900.0 15971.60003555292
47100.0 15648.000041542044
47300.0 15645.60054932667
47500.0 15304.399151497906
47700.0 15089.600493144784
47900.0 14896.00045625774
48100.0 14545.999777243427
48300.0 14592.40023272458
48500.0 14300.000083083716
48700.0 13999.999963132637
48900.0 13838.801066085736
49100.0 13644.000448505361
49300.0 13415.199832454959
49500.0 13202.800441779522
49700.0 13059.19970173952
49900.0 12877.999606072954
50100.0 12568.000403415852
50300.0 12554.400399255666
50500.0 12264.400297928843
50700.0 12132.000452521717
50900.0 11989.600279007407
51100.0 11738.39946642291
51300.0 11674.80028964357
51500.0 11464.800375989671
51700.0 11413.60056978696
51900.0 11171.200908334715
52100.0 11037.600103195224
52300.0 10857.5995022323
52500.0 10776.400455787647
52700.0 10693.999927044535
52900.0 10422.799698821169
53100.0 10311.600291322
53300.0 10200.39959615387
53500.0 10071.839973726983
53700.0 9942.400161421285
53900.0 9835.600102686029
54100.0 9703.520346294265
54300.0 9507.040599394775
54500.0 9461.000558610613
54700.0 9319.44011254962
54900.0 9191.36001259962
55100.0 9084.63982084809
55300.0 9054.360610558326
55500.0 8825.000555043045
55700.0 8806.80055249001
55900.0 8634.880007601198
56100.0 8548.400479187127
56300.0 8409.680010797016
56500.0 8357.600482911377
56700.0 8251.639881740733
56900.0 8093.439951570642
57100.0 8053.479557807498
57300.0 7944.0000757976395
57500.0 7849.560563057
57700.0 7734.840355605822
57900.0 7670.7599519913065
58100.0 7545.039949634574
58300.0 7459.560267428182
58500.0 7380.599813239356
58700.0 7264.639936184686
58900.0 7171.6800773353325
59100.0 7105.319933314074
59300.0 7018.480060084132
59500.0 6915.520614070334
59700.0 6857.160135190026
59900.0 6772.320055791
60100.0 6683.720488006964
60300.0 6603.359724872057
60500.0 6509.880127411658
60700.0 6433.159770607864
60900.0 6346.440304883412
61100.0 6258.719922275037
61300.0 6203.2403290502625
61500.0 6134.760116200778
61700.0 6064.280061362173
61900.0 5994.680198534704
62100.0 5925.199816002547
62300.0 5834.240201367254
62500.0 5761.119937584784
62700.0 5692.880007616978
62900.0 5640.039861231133
63100.0 5560.440214862375
63300.0 5515.200306667671
63500.0 5439.719974860952
63700.0 5384.239851942726
63900.0 5309.7601070435785
64200.0 5224.160082337112
64600.0 5095.32022414791
65000.0 4974.720001099126
65400.0 4866.880270384193
65800.0 4756.279954002747
66200.0 4642.560142159753
66600.0 4539.8399364112665
67000.0 4435.000250908365
67400.0 4330.279959479634
67800.0 4236.680038121252
68200.0 4139.2000446538395
68600.0 4049.3597962906165
69000.0 3957.7602172573365
69400.0 3868.160064607415
69800.0 3786.5598565259493
70200.0 3696.839979773803
70600.0 3621.3598667418105
71000.0 3542.879997454042
71400.0 3466.280027320295
71800.0 3390.80018992963
72200.0 3318.3200593950883
72600.0 3246.840153253829
73000.0 3179.360028206403
73400.0 3109.8802257122315
73800.0 3046.5199638758854
74200.0 2980.0399785531113
74600.0 2916.5599986226816
75000.0 2859.199925086493
75400.0 2799.840031324486
75800.0 2741.7199325744987
76200.0 2685.3601774432154
76600.0 2628.2400621554393
77000.0 2572.880176964963
77400.0 2520.7599473274518
77800.0 2469.519949611943
78200.0 2419.280077170821
78600.0 2370.040051420005
79000.0 2323.6798977552253
79400.0 2277.4398246101337
79800.0 2233.080171022679
80200.0 2188.7199879074283
80600.0 2146.3599895224534
81000.0 2107.120030968855
81400.0 2065.639935258326
81800.0 2029.2800741329495
82200.0 1991.9199856993055
82600.0 1954.5599594433424
83000.0 1917.4399769218342
83400.0 1880.200152916292
83800.0 1845.8401081205802
84200.0 1811.7200708033615
84600.0 1778.4800528402968
85000.0 1746.240045317872
85400.0 1713.9999791528369
85800.0 1682.8800581436026
86200.0 1652.5201122247004
86600.0 1623.2800727897138
87000.0 1594.159976815329
87400.0 1565.9201267443134
87800.0 1537.6799836632738
88200.0 1509.5599894968539
88600.0 1483.3199809077062
89000.0 1457.080041127085
89400.0 1431.96005100084
89800.0 1405.8400009668082
90200.0 1383.4800131831962
90600.0 1360.35997213325
91000.0 1335.240011839543
91400.0 1312.120027225236
91800.0 1290.8800379993374
92200.0 1269.7599751362786
92600.0 1247.6400130095853
93000.0 1227.4000336879772
93400.0 1206.280043156104
93800.0 1186.1600693655455
94200.0 1167.920064968138
94600.0 1146.9200528099952
95000.0 1129.6799746165173
95400.0 1111.4400362718784
95800.0 1091.439980649582
96200.0 1075.320042227941
96600.0 1056.200054719567
97000.0 1040.959969530101
97400.0 1022.8400483226011
97800.0 1005.5760272420612
98200.0 991.8960179333918
98600.0 975.951996927483
99000.0 959.8639727757845
99400.0 944.0199964685878
99800.0 931.0520376504963
100200.0 916.5440393237492
200000.0 59.442802633875104
400000.0 3.7412802231675157
600000.0 0.7369799909140637
800000.0 0.23229601145995693
1000000.0 0.09482320088945695
1200000.0 0.04558080256881192
1400000.0 0.024531599654894577
1600000.0 0.014341199779007033
