wave flux
90.9000015258789 0.0
93.5 0.0
96.0999984741211 0.0
97.69999694824219 0.0
99.5999984741211 0.0
102.0 0.0
103.80000305175781 0.0
105.5999984741211 0.0
107.69999694824219 0.0
110.4000015258789 0.0
114.0 0.0
117.80000305175781 0.0
121.30000305175781 0.0
124.80000305175781 0.0
127.0999984741211 0.0
128.39999389648438 0.0
130.5 0.0
132.39999389648438 0.0
133.89999389648438 0.0
136.60000610351562 0.0
139.8000030517578 0.0
143.3000030517578 0.0
147.1999969482422 0.0
151.0 0.0
155.1999969482422 0.0
158.8000030517578 0.0
162.0 0.0
166.0 0.0
170.3000030517578 0.0
173.39999389648438 0.0
176.8000030517578 0.0
180.1999969482422 0.0
181.6999969482422 0.0
186.10000610351562 0.0
191.0 0.0
193.89999389648438 0.0
198.39999389648438 0.0
201.8000030517578 0.0
205.0 0.0
210.5 0.0
216.1999969482422 0.0
219.8000030517578 0.0
223.0 0.0
226.8000030517578 0.0
230.0 0.0
234.0 0.0
240.0 0.0
246.5 0.0
252.39999389648438 0.0
256.79998779296875 0.0
260.0 0.0
264.0 0.0
268.5 0.0
273.5 0.0
278.5 0.0
284.0 0.0
290.0 0.0
296.0 0.0
301.0 0.0
308.0 0.0
318.0 0.0
328.0 0.0
338.0 0.0
348.0 0.0
357.0 0.0
366.0 0.0
375.0 0.0
385.0 0.0
395.0 0.0
405.0 0.0
414.0 0.0
422.0 0.0
430.0 0.0
441.0 0.0
451.0 0.0
460.0 0.0
470.0 0.0
480.0 0.0
490.0 0.0
500.0 0.0
506.0 0.0
512.0 0.0
520.0 0.0
530.0 0.0
540.0 0.0
550.0 0.0
560.0 0.0
570.0 0.0
580.0 0.0
590.0 0.0
600.0 0.0
610.0 0.0
620.0 0.0
630.0 0.0
640.0 0.0
650.0 0.0
658.0 0.0
665.0 0.0
675.0 0.0
685.0 0.0
695.0 0.0
705.0 0.0
716.0 0.0
726.0 0.0
735.0 0.0
745.0 0.0
755.0 0.0
765.0 0.0
775.0 0.0
785.0 2.7688000218876496e-25
795.0 6.622399997979078e-25
805.0 1.6346000640175316e-24
815.0 3.763800321808792e-24
825.0 8.476800749615664e-24
835.0 1.8680200067229964e-23
845.0 4.0382004236901095e-23
855.0 8.564000226526457e-23
865.0 1.7813599818702435e-22
875.0 3.6367401961602898e-22
885.0 7.315200210068327e-22
895.0 1.4459800382907752e-21
905.0 2.8095000839003773e-21
915.0 2.0580000689761875e-16
925.0 7.305800156498495e-16
935.0 1.0553399808122446e-15
945.0 1.9216001598064327e-15
955.0 3.4839999476777152e-15
965.0 6.5756004827851654e-15
975.0 8.612800084825659e-15
985.0 1.785400072239651e-14
995.0 3.002400109938005e-14
1005.0 4.552200096809368e-14
1015.0 7.04340003133026e-14
1025.0 1.216219953526702e-13
1035.0 2.4301999947929017e-13
1045.0 3.773599991356738e-13
1055.0 4.799199761848898e-13
1065.0 9.81540072669303e-13
1075.0 1.4578000239917835e-12
1085.0 2.2586000387469482e-12
1095.0 2.9539999655349197e-12
1105.0 4.269000208719292e-12
1115.0 5.932999829778404e-12
1125.0 1.1571600604906147e-11
1135.0 2.009600137348173e-11
1145.0 2.9961999086868204e-11
1155.0 4.3140000283236664e-11
1165.0 5.90040052363784e-11
1175.0 8.772400411440959e-11
1185.0 1.1231801096995286e-10
1195.0 1.0534200181382854e-10
1205.0 7.759800640032941e-11
1215.0 4.544200289346977e-11
1225.0 1.4785000252997162e-10
1235.0 3.713399900199219e-10
1245.0 7.034600152464864e-10
1255.0 1.0311999948681675e-09
1265.0 1.3674400384843154e-09
1275.0 2.004200070813591e-09
1285.0 2.113799942501674e-09
1295.0 3.0828000535986647e-09
1305.0 3.7149998475537954e-09
1315.0 5.354999889557002e-09
1325.0 6.568999957344056e-09
1335.0 8.095400491066943e-09
1345.0 1.1040600746544844e-08
1355.0 1.502939982345632e-08
1365.0 1.8408000320692863e-08
1375.0 2.2119999413685083e-08
1385.0 2.8852000197221473e-08
1395.0 3.404599982125548e-08
1405.0 5.0432001227089826e-08
1415.0 6.571800327777985e-08
1425.0 7.570000366646884e-08
1435.0 1.1177200168920928e-07
1442.0 1.4358399977934503e-07
1447.0 1.3644400175968623e-07
1455.0 1.663640182483771e-07
1465.0 2.475200218038885e-07
1475.0 2.7146001652551653e-07
1485.0 3.4488002936578943e-07
1495.0 5.357599864845279e-07
1505.0 7.255999894317232e-07
1512.0 5.433800567562333e-07
1517.0 8.362800276257241e-07
1525.0 1.1584599808043962e-06
1535.0 2.269400033234805e-06
1545.0 1.9586601161175404e-06
1555.0 2.9718001214420305e-06
1565.0 3.0720001100640575e-06
1575.0 6.307999586373185e-06
1585.0 6.6461999270744096e-06
1595.0 6.5020000910645e-06
1605.0 7.288400454755741e-06
1615.0 8.277200546494285e-06
1625.0 9.036200380661695e-06
1635.0 1.2506999330771966e-05
1645.0 1.6657799642601876e-05
1655.0 1.7104001140165945e-05
1665.0 2.472000174417236e-05
1672.0 2.251799936669101e-05
1677.0 3.192600107464472e-05
1685.0 4.208600176802223e-05
1695.0 5.9847995575230984e-05
1705.0 6.825600053529072e-05
1715.0 7.75959991814568e-05
1725.0 0.00010597199504724781
1735.0 0.00012589400108305404
1745.0 0.00016962199243667758
1755.0 0.00017754400417129086
1765.0 0.0002409199991200201
1775.0 0.0002265599976381326
1785.0 0.0004328600337368165
1795.0 0.0003550200367162754
1805.0 0.0006794600557176456
1815.0 0.0004886400104615686
1825.0 0.0007874399739053255
1835.0 0.0007069600479288594
1845.0 0.0011460600206321962
1855.0 0.0008476400442741781
1865.0 0.0015926400213048472
1875.0 0.0014436599911942117
1885.0 0.001945200096605544
1895.0 0.00238299994569022
1905.0 0.0026188001314711366
1915.0 0.0038631999273406495
1925.0 0.003302000104743321
1935.0 0.0027240000987604246
1945.0 0.004912600200951565
1955.0 0.007307800061191975
1967.0 0.007775199967605635
1976.0 0.009404600023955803
1984.0 0.012788200220414839
1995.0 0.011058400862103341
2005.0 0.013620200844830474
2015.0 0.015523401099914977
2025.0 0.015152200797281634
2035.0 0.018754800638201626
2045.0 0.01928000136639671
2055.0 0.02426000073602659
2065.0 0.022700000925853166
2074.0 0.02043799927689676
2078.0 0.028837998848797095
2085.0 0.036160000510051686
2095.0 0.05055400048246223
2105.0 0.05288600098898161
2115.0 0.05207000274687301
2125.0 0.06365199874870837
2135.0 0.08757600161005796
2145.0 0.061311997645417275
2155.0 0.08664399739939442
2165.0 0.08396599865331124
2175.0 0.09498399945381485
2185.0 0.08682000181888051
2195.0 0.16371799371265863
2205.0 0.13029199709859668
2215.0 0.1751200091428974
2225.0 0.14197000003447158
2235.0 0.27130000713660485
2245.0 0.294420004619716
2255.0 0.4166400315810992
2265.0 0.18899999650220836
2275.0 0.4707999681892983
2285.0 0.37285998834848133
2295.0 0.747600054911746
2305.0 0.23045999034164852
2315.0 1.0845800882629038
2325.0 0.7004200059424885
2335.0 1.2943600788713838
2345.0 0.7642599648029416
2355.0 0.5853200126419169
2365.0 0.8918800289948008
2375.0 0.8043600364518997
2385.0 1.7295999653195486
2395.0 1.5149200910459777
2405.0 3.307200120042459
2415.0 1.677400090142411
2425.0 2.448400048953844
2435.0 3.8908003970403326
2445.0 5.967800292418983
2455.0 7.277800120041937
2465.0 3.76620018482189
2475.0 8.004800075186115
2485.0 2.1460000890376927
2495.0 2.8918000480069654
2505.0 6.585199880563522
2513.0 4.103400418158174
2518.0 4.6712001545448265
2525.0 6.216600066854626
2535.0 18.245999611384455
2545.0 23.158000289068355
2555.0 24.614001058122955
2565.0 10.974599976385667
2575.0 22.85000113711406
2585.0 12.904600037293779
2595.0 18.634000955355585
2605.0 27.751999916733006
2615.0 23.51600131279599
2625.0 44.80800072070089
2635.0 77.80200396768275
2645.0 54.84599823555896
2655.0 87.8900046410306
2665.0 65.76799950878852
2675.0 63.2180011188324
2685.0 87.15200156025291
2695.0 51.9920002524442
2705.0 111.37600095393911
2715.0 99.52599876040756
2725.0 78.08199988351862
2735.0 84.3660085413616
2745.0 126.65600156795013
2755.0 119.47799571789302
2765.0 194.3400056026268
2775.0 270.77999793846556
2785.0 162.03399110517518
2795.0 183.1399984901189
2805.0 185.37999983201493
2815.0 270.0199749099841
2825.0 264.0399947303483
2835.0 213.6600046996729
2845.0 131.61400379313892
2855.0 50.64200072911018
2865.0 231.29999498349832
2875.0 291.82001504121695
2885.0 533.760001893443
2895.0 641.360000499951
2910.0 783.1800180423605
2930.0 828.9200221533703
2950.0 833.400005015231
2970.0 844.8800540025338
2990.0 994.0999736708335
3010.0 1049.0600590551765
3030.0 1350.7999955594491
3050.0 1640.8999892049044
3070.0 2245.219980201149
3090.0 2752.999992592457
3110.0 4367.600188885592
3130.0 4060.2000214055347
3150.0 7084.599844200282
3170.0 10202.400040273431
3190.0 7442.6000954392075
3210.0 9667.799904703666
3230.0 7924.799911720615
3250.0 13217.200271273121
3270.0 19637.400204819303
3290.0 25260.39972325531
3310.0 20104.200815976732
3330.0 22469.40098707459
3350.0 21379.00012026831
3370.0 14198.999731884043
3390.0 16825.399673911455
3410.0 21844.19998962428
3430.0 26460.000652301267
3450.0 24223.999793818577
3470.0 26784.0005404138
3490.0 35002.00025959087
3510.0 44906.002149843334
3530.0 36848.00019077752
3550.0 53498.00053330471
3570.0 23267.999625234468
3590.0 21734.00004417882
3610.0 38216.00131548166
3630.0 60862.000421673125
3640.0 68380.00115558151
3650.0 73236.00037464268
3670.0 96326.00714612822
3690.0 81584.00298796788
3710.0 71890.00224104877
3730.0 27450.000047802198
3750.0 35204.00102585842
3770.0 72488.00321861595
3790.0 81772.0014636462
3810.0 66878.00331359556
3830.0 27172.000672427468
3850.0 43507.99693304206
3870.0 44663.99676391145
3890.0 67540.00526277389
3910.0 83946.00447882518
3930.0 24442.000886573613
3950.0 53061.999323436285
3970.0 31898.001681265
3990.0 139781.99730773806
4010.0 205780.00407276826
4030.0 181112.00712667426
4050.0 180040.0034865397
4070.0 168422.00424121338
4090.0 234420.00874982227
4110.0 181380.01246188566
4130.0 176800.00563944
4150.0 165286.00133396842
4170.0 160687.98783688934
4190.0 182480.00314344757
4210.0 181811.9969082804
4230.0 144768.00386573863
4250.0 230279.99345057525
4270.0 217160.00057595485
4290.0 210860.01525987603
4310.0 216720.00255821148
4330.0 324080.01069660217
4350.0 340879.9962398727
4370.0 362260.02127736714
4390.0 312860.0119176671
4410.0 329999.99298930564
4430.0 356559.9954984757
4450.0 376820.000523345
4470.0 409920.0054748491
4490.0 439660.0115506994
4510.0 533659.9862843729
4530.0 433720.0257589481
4550.0 468280.02002946433
4570.0 530200.0039802649
4590.0 517320.0089180071
4610.0 544200.0317488661
4630.0 529579.979640454
4650.0 535740.0178582956
4670.0 579339.9865682247
4690.0 572940.0483631907
4710.0 556180.013075131
4730.0 569019.9912771451
4750.0 594879.9677280907
4770.0 553800.0108290511
4790.0 564479.9871408283
4810.0 595780.0326122355
4830.0 630119.9950844614
4850.0 623120.0371590955
4870.0 603159.9671672721
4890.0 659099.989016893
4910.0 665680.0246675656
4930.0 645980.0321272528
4950.0 675419.9856847894
4970.0 611960.0115126331
4990.0 571900.0032838576
5010.0 512140.02611775673
5030.0 564440.023636344
5050.0 551040.0029047823
5070.0 568239.996488411
5090.0 517200.0209478259
5110.0 550140.012786865
5130.0 517079.9691000025
5150.0 505960.0017027005
5170.0 455680.0149137646
5190.0 487979.9955156904
5210.0 531939.9940580887
5230.0 699660.0221237527
5250.0 721640.0126990419
5270.0 652460.0093216829
5290.0 776140.0292126618
5310.0 863959.9707416716
5330.0 738499.9984743288
5350.0 827120.017363564
5370.0 837740.0416365517
5390.0 788179.9868143393
5410.0 802559.9638791541
5430.0 804760.0237382507
5450.0 831480.0032900935
5470.0 795000.0189410299
5490.0 800779.9806975591
5510.0 782140.0552152934
5530.0 856419.9680322171
5550.0 886420.034915304
5570.0 872480.0232437055
5590.0 839379.9798080091
5610.0 862160.0056240995
5630.0 850959.9775496854
5650.0 879620.0219250299
5670.0 854500.0170379714
5690.0 912739.9956773615
5710.0 851720.0267329862
5730.0 964460.0010922926
5750.0 938319.9780180118
5770.0 956160.0503098242
5790.0 889060.0141975743
5810.0 969960.0210942733
5830.0 1019319.9517559905
5850.0 966020.006882582
5870.0 958580.0077179915
5890.0 709079.9814760752
5910.0 914600.0357318644
5930.0 935340.0360280694
5950.0 935980.0182117791
5970.0 979960.031649732
5990.0 957479.9779556561
6010.0 944140.0670228656
6030.0 1001620.000321187
6050.0 1031579.9819649066
6070.0 1031240.0229578527
6090.0 989260.0075716713
6110.0 1003679.9928808394
6130.0 929399.9665633811
6150.0 981580.0086240825
6170.0 883280.0237706724
6190.0 947779.9848552475
6210.0 925300.0093199455
6230.0 877340.0398912849
6250.0 849800.0387068006
6270.0 911760.0289259263
6290.0 959000.0387103369
6310.0 936180.0484153756
6330.0 973260.0130535761
6350.0 982180.0180773423
6370.0 973280.0052710951
6390.0 1006100.0047052416
6410.0 994260.0365576989
6430.0 992940.0010924058
6450.0 998899.9970693775
6470.0 1013420.0180320825
6490.0 971679.9570162547
6510.0 1013840.0286525905
6530.0 1037480.0322905405
6550.0 1012880.074558277
6570.0 1017140.018488217
6590.0 1034180.0770748077
6610.0 1033320.0132845767
6630.0 1031320.0176010482
6650.0 1017160.002395959
6670.0 990119.9565028334
6690.0 995580.0340116192
6710.0 955960.0120504677
6730.0 980420.064153811
6750.0 957719.9847902933
6770.0 992080.0789033648
6790.0 966680.0076510442
6810.0 986179.9975193572
6830.0 1014120.0678506407
6850.0 994600.008267633
6870.0 1010880.0103401025
6890.0 1040179.9973814122
6910.0 1047360.0198911903
6930.0 1027460.0564668331
6950.0 1022839.9748853269
6970.0 1054280.0360530417
6990.0 1029540.0194421209
7010.0 1024059.9804894876
7030.0 1055199.9713341664
7050.0 1053199.990328861
7070.0 972879.9694192861
7090.0 944399.9885735783
7110.0 932939.980925892
7130.0 883220.0233910287
7150.0 888460.0223535622
7170.0 929759.9810389688
7190.0 926499.9999694626
7210.0 941160.0157831139
7230.0 996159.9713645963
7250.0 998779.9954489233
7270.0 1013020.065600544
7290.0 1005540.0229215396
7310.0 1023820.0570373337
7330.0 1027999.9961989091
7350.0 1028300.0593305882
7370.0 1069840.0482592785
7390.0 1056040.0236559643
7410.0 1051620.011760305
7430.0 1066060.0342652686
7450.0 1068900.0032275633
7470.0 1069620.0408049503
7490.0 1065740.0131600844
7510.0 1090520.0359207648
7530.0 1099239.9695742324
7550.0 1104600.032925625
7570.0 1098399.9621895493
7590.0 1077019.9709881498
7610.0 1076320.0138224396
7630.0 1078140.0402294693
7650.0 1080220.001654533
7670.0 1025620.0764091826
7690.0 1066440.045790106
7710.0 1035220.0352620406
7730.0 1048279.9503704584
7750.0 1037119.9924945808
7770.0 1064240.0859857684
7790.0 1062499.9583246922
7810.0 1072920.0030858708
7830.0 1055700.006383628
7850.0 1046060.0604221902
7870.0 1062959.9631218754
7890.0 1028259.9813130008
7910.0 1001539.9908731651
7930.0 1012219.979992046
7950.0 985560.0103699145
7970.0 1040719.984381302
7990.0 1031699.9740436461
8010.0 1038880.0090871269
8030.0 1042120.0015014538
8050.0 1036120.0109252174
8070.0 1015419.9886410955
8090.0 1001700.0158990063
8110.0 999180.060053954
8130.0 1021199.9927878549
8150.0 1025260.0204159911
8170.0 1030200.0348196325
8190.0 1002680.0830982525
8210.0 994100.0455435783
8230.0 1023340.0017404167
8250.0 1019940.0088475548
8270.0 1039620.0151579514
8290.0 1024819.9733617023
8310.0 981500.0226086673
8330.0 992279.9887415526
8350.0 989400.0462162109
8370.0 998359.9717499507
8390.0 953839.9795565736
8410.0 1005460.013898345
8430.0 970940.0486021652
8450.0 993420.0523011425
8470.0 996799.958002799
8490.0 988379.9582324005
8510.0 942120.0256299075
8530.0 977940.0406559851
8550.0 817960.027573384
8570.0 1013380.0555408938
8590.0 1006880.0168431497
8610.0 1008139.9823230028
8630.0 1016740.0330787405
8650.0 1015479.9765464002
8670.0 849419.9980839026
8690.0 973280.020326469
8710.0 1014540.038983901
8730.0 1017279.9775850333
8750.0 1016259.9596833845
8770.0 1017340.0022314824
8790.0 1019539.9645987494
8810.0 990260.0154629602
8830.0 1005900.076521341
8850.0 1022119.9769606119
8870.0 984459.9847690627
8890.0 1002120.0668651437
8910.0 1014180.0177047746
8930.0 986980.0524550772
8950.0 981380.0128491396
8970.0 988680.0788410975
8990.0 998319.9955719761
9010.0 958480.0016954922
9030.0 984920.0439355841
9050.0 1011399.9619487661
9070.0 1013840.0568004764
9090.0 972799.9877034419
9110.0 972019.9892507783
9130.0 998699.9592901092
9150.0 941140.0441562884
9170.0 921200.0181563151
9190.0 936519.9931562475
9210.0 914500.0568378741
9230.0 933159.9995846082
9250.0 922180.041442654
9270.0 934340.0093575926
9290.0 922740.0458259267
9310.0 951820.0031389154
9330.0 953599.9850154895
9350.0 942620.0221816753
9370.0 928100.0211907394
9390.0 923840.0279983571
9410.0 906740.0433592291
9430.0 918879.9867496145
9450.0 895639.9945851112
9470.0 925360.0586641688
9490.0 922600.0100170646
9510.0 935720.0551970507
9530.0 929620.0606013507
9550.0 915780.0152921461
9570.0 920260.0288233176
9590.0 939460.0302518662
9610.0 923759.9864597853
9630.0 928080.011901243
9650.0 895180.0185113864
9670.0 892140.0181787671
9690.0 917220.058277335
9710.0 910040.0131264759
9730.0 902320.0145318015
9750.0 901880.0570557778
9770.0 908580.0706320922
9790.0 886480.0134643306
9810.0 923339.944134712
9830.0 910319.9433570728
9850.0 926639.9485120303
9870.0 923940.0440498635
9890.0 926959.9874516407
9910.0 917419.9887315619
9930.0 922980.0301085496
9950.0 917780.0196976915
9970.0 925359.9746030865
9990.0 926580.0429666303
10025.0 912999.9831305542
10075.0 905799.9781295959
10125.0 914039.9615635882
10175.0 903219.966721225
10225.0 908039.9835568676
10275.0 911080.001988744
10325.0 895080.0417869047
10375.0 891100.0010538207
10425.0 896480.0494651672
10475.0 889580.0038979249
10525.0 892060.0388175715
10575.0 880599.978704727
10625.0 880139.9553469104
10675.0 864060.0197244602
10725.0 865500.0162691287
10775.0 859160.0229738303
10825.0 846419.9693919411
10875.0 839700.0427176642
10925.0 828380.0243010479
10975.0 781420.0166499235
11025.0 778499.997812856
11075.0 790000.0537492253
11125.0 789880.0143833383
11175.0 797480.001373976
11225.0 797499.9774617443
11275.0 785719.992519024
11325.0 792399.9995577214
11375.0 776660.0112543897
11425.0 782500.0595814335
11475.0 792640.0053148065
11525.0 794019.9884687306
11575.0 785800.0687549403
11625.0 775739.9971256732
11675.0 778119.9910051759
11725.0 790379.9995452673
11775.0 774680.0302880451
11825.0 773160.035311979
11875.0 763559.9986332258
11925.0 779100.0168019367
11975.0 747860.0285038654
12025.0 765320.0179719534
12075.0 759459.9708786891
12125.0 762799.976352396
12175.0 764299.9958599649
12225.0 761660.0454668062
12275.0 757680.0140819385
12325.0 752420.0161045439
12375.0 751420.0097719805
12425.0 745879.9825394668
12475.0 747579.9781252757
12525.0 740459.983801704
12575.0 741280.0164792588
12625.0 739260.0130828012
12675.0 732160.0183255477
12725.0 733700.0308295223
12775.0 736319.9952008544
12825.0 711520.0242564875
12875.0 723399.9675793973
12925.0 712260.0292642273
12975.0 724259.9684777634
13025.0 716420.008461255
13075.0 721339.9996708154
13125.0 707760.0135998775
13175.0 708520.0320073467
13225.0 711220.0048112733
13275.0 699620.0143135532
13325.0 706520.0445075331
13375.0 703279.9995426129
13425.0 706099.9953008053
13475.0 704539.9763388013
13525.0 703180.0423193986
13575.0 693640.0374431612
13625.0 689339.9951130215
13675.0 694940.0412635223
13725.0 698959.9877104608
13775.0 694379.9920973167
13825.0 697099.9994533453
13875.0 687980.0173445421
13925.0 670340.0129821039
13975.0 676800.0128578055
14025.0 672079.9956919266
14075.0 662460.0396865888
14125.0 641820.0148828997
14175.0 643479.9754960538
14225.0 642960.0146655418
14275.0 632620.0018947382
14325.0 647439.9809946466
14375.0 651400.0226612609
14425.0 636780.0386862674
14475.0 658420.0370976174
14525.0 639279.9874064549
14570.0 638760.0221851553
14620.0 622080.0304835144
14675.0 621940.0111375701
14725.0 620659.9873486639
14775.0 628279.9910365598
14825.0 632339.9929703968
14875.0 630840.0136938863
14925.0 646039.9993234245
14975.0 645699.9953627958
15025.0 628900.0424480066
15075.0 627560.0048432145
15125.0 630060.0296125314
15175.0 638420.0040592714
15225.0 640600.0425853287
15275.0 637500.0367610976
15325.0 644840.0001468719
15375.0 644220.022002483
15425.0 638800.028243265
15475.0 651640.0121442886
15525.0 637200.0107732279
15575.0 623120.0103680296
15625.0 643460.0115825715
15675.0 637239.9884689093
15725.0 642479.9936473005
15775.0 603959.9831310678
15825.0 623960.0314929689
15875.0 611620.0024314161
15925.0 628840.0036213684
15975.0 625619.9855822632
16050.0 622440.0331293803
16150.0 626679.9893330109
16250.0 616099.996160133
16350.0 629419.9963864755
16450.0 596960.0037930276
16550.0 615860.0285588884
16650.0 587919.9924594227
16750.0 590679.9722851346
16850.0 569340.0240531414
16950.0 579580.0381935665
17050.0 557880.0008938108
17150.0 552980.0030713243
17250.0 541680.0032996186
17350.0 524200.0063489783
17450.0 526340.0040926522
17550.0 512400.016429475
17650.0 507839.9835278238
17750.0 495040.0096639301
17850.0 489579.9797437035
17950.0 483820.02625047625
18050.0 466240.0056045487
18150.0 463740.0168571016
18250.0 451580.0260097151
18350.0 445500.0021498983
18450.0 433640.0019337745
18550.0 428900.0275535155
18650.0 418020.0039233941
18750.0 409899.9997378089
18850.0 405959.99242440314
18950.0 388940.0138598659
19050.0 395139.98832697247
19150.0 386240.01386944385
19250.0 382940.00163129484
19350.0 368799.99221562746
19450.0 361920.01197611284
19550.0 360739.9978505935
19650.0 351139.9989772544
19750.0 338960.01189791696
19850.0 336280.0120631765
19950.0 330140.0121430898
20050.0 330340.01318291895
20150.0 325579.9991430827
20250.0 314500.0137862138
20350.0 310940.01080906775
20450.0 309420.02240729355
20550.0 300519.99674661254
20650.0 295060.01383118524
20750.0 291060.0115793399
20850.0 285740.0007311719
20950.0 279520.0019870083
21050.0 278459.99698370934
21150.0 273840.01912146265
21250.0 268639.9865891794
21350.0 266280.00567251677
21450.0 261180.01432816326
21550.0 257180.0034905456
21650.0 252160.0085523883
21750.0 246640.00504251217
21850.0 244400.00610409997
21950.0 241660.01170745993
22050.0 233640.00011299798
22150.0 235959.99517754876
22250.0 227399.99575457233
22350.0 225360.0053468126
22450.0 222160.01438078788
22550.0 219819.99394349544
22650.0 214020.00566348652
22750.0 214380.00552946798
22850.0 208880.0084605969
22950.0 175960.0085640133
23050.0 189839.99324299901
23150.0 187919.99632958893
23250.0 160580.00723248965
23350.0 172800.0067545969
23450.0 169579.9992854495
23550.0 145040.0127791588
23650.0 160699.99778536227
23750.0 156160.00986786996
23850.0 137040.0033556212
23950.0 149180.0025688761
24050.0 148419.99430665604
24150.0 132579.9986382302
24250.0 141340.00167680465
24350.0 141479.9957932104
24450.0 130839.99418437753
24550.0 131099.99846919227
24650.0 136520.00544178212
24750.0 130440.0030370897
24850.0 123019.99657974721
24950.0 128299.99858484947
25050.0 129959.99986695779
25150.0 118860.00619364806
25250.0 120780.0049238956
25350.0 123060.00029052728
25450.0 120560.0018551652
25550.0 118680.00135108134
25650.0 119160.00332777605
25750.0 119900.0029024098
25850.0 112700.00756113807
25950.0 114920.0003093552
26050.0 115580.00646141735
26150.0 114000.00053800149
26250.0 111299.99791126217
26350.0 112099.9975410794
26450.0 111540.00687969431
26550.0 106212.00400457057
26650.0 105738.00408129844
26750.0 109002.00645498604
26850.0 107158.01054305852
26950.0 103723.99693270282
27050.0 104864.00163992781
27150.0 103434.00225556671
27250.0 103506.00616514058
27350.0 100334.00005729587
27450.0 100787.99953501
27550.0 100268.0029782111
27650.0 98526.0048891004
27750.0 96848.00271807113
27850.0 96312.001104144
27950.0 94580.00310588711
28050.0 91836.00362301723
28150.0 91910.00354993985
28250.0 91846.00536084293
28350.0 91739.99724620496
28450.0 90862.0026826038
28550.0 89085.99859849071
28650.0 88588.00514895505
28750.0 87943.99971226104
28850.0 86668.00543356087
28950.0 86137.99787068472
29050.0 84454.00694235679
29150.0 84622.00136802744
29250.0 81537.99916430967
29350.0 81843.99903715543
29450.0 79272.00328847629
29550.0 80060.00254290334
29650.0 78006.00230288733
29750.0 78390.00210184409
29850.0 77213.99862886436
29950.0 76728.00270200576
30050.0 74650.00048097293
30150.0 75376.00239861234
30250.0 73888.0022808093
30350.0 73454.00393243233
30450.0 71089.99619280417
30550.0 71906.00456684505
30650.0 70837.99842844724
30750.0 70004.00062909236
30850.0 68508.00309314368
30950.0 67688.00017936312
31050.0 67866.0016693653
31150.0 66130.00077737884
31250.0 66341.99884363604
31350.0 64146.00237053253
31450.0 64451.99833367744
31550.0 63760.002822612434
31650.0 63326.00117300551
31750.0 62251.99932385742
31850.0 61506.00023474786
31950.0 60784.00026738868
32100.0 60467.99993512698
32300.0 58094.000221392555
32500.0 57608.00163503116
32700.0 56170.00125974022
32900.0 54418.00297952608
33100.0 53824.0026502632
33300.0 52114.00290542237
33500.0 51394.000008840936
33700.0 50532.00014326063
33900.0 48633.997904369455
34100.0 48108.001171829885
34300.0 47530.0002924887
34500.0 45697.999545821345
34700.0 45338.00101491478
34900.0 44529.999148525065
35100.0 43148.00144745704
35300.0 42284.000992025496
35500.0 41797.9984407932
35700.0 40440.000987062114
35900.0 39679.998734146015
36100.0 39388.00077901208
36300.0 38166.00214167062
36500.0 37427.99920740016
36700.0 36736.00284772039
36900.0 35846.00123116383
37100.0 34832.00022416874
37300.0 34424.00003103191
37500.0 33742.00027184124
37700.0 32901.999502595485
37900.0 32609.999305797763
38100.0 31809.999758847644
38300.0 31306.001080717666
38500.0 30696.000672175996
38700.0 30145.999187444322
38900.0 29442.000360828137
39100.0 28968.00016419046
39300.0 28413.999636499935
39500.0 27912.000243326616
39700.0 27376.000787589892
39900.0 26410.00046863221
40100.0 25839.999914752414
40300.0 25616.00047746539
40500.0 24436.00029034955
40700.0 24293.99995549196
40900.0 23412.00075704018
41100.0 23441.9994172948
41300.0 22486.00104740161
41500.0 22488.00080288564
41700.0 21566.000909152535
41900.0 21636.000905828078
42100.0 20825.999399750668
42300.0 20817.99957657765
42500.0 20205.999767033267
42700.0 19996.000573261048
42900.0 18696.000363215408
43100.0 17556.001115682455
43300.0 18059.999687588497
43500.0 16677.999896146684
43700.0 16296.00077827136
43900.0 15878.001030803505
44100.0 14684.000617577249
44300.0 14721.99975595243
44500.0 14194.00049423476
44700.0 13415.999790290754
44900.0 13654.000528275943
45100.0 13182.000093466577
45300.0 12542.000353117717
45500.0 12802.000341045912
45700.0 12581.999797519622
45900.0 11824.000804431449
46100.0 12166.000115861432
46300.0 11801.999595143476
46500.0 11744.000514006446
46700.0 11660.000034902272
46900.0 11442.000753619212
47100.0 11172.000335159317
47300.0 11332.000431731889
47500.0 11066.00011841607
47700.0 10932.000240934194
47900.0 10770.000332176065
48100.0 10474.80010983252
48300.0 10683.799949239845
48500.0 10453.600308715848
48700.0 10149.59992061428
48900.0 10113.800267006645
49100.0 9979.800224097593
49300.0 9812.59977283867
49500.0 9638.000512033977
49700.0 9667.00001457657
49900.0 9495.799796131902
50100.0 9204.399995875436
50300.0 9334.599869598118
50500.0 9068.799691817456
50700.0 9009.000078243565
50900.0 8905.599936774719
51100.0 8733.599699547874
51300.0 8655.800457454337
51500.0 8546.000087514216
51700.0 8534.800570116447
51900.0 8383.799927419763
52100.0 8247.19972732024
52300.0 8167.80007540428
52500.0 8116.400531668227
52700.0 8192.799877101974
52900.0 7845.200262275133
53100.0 7764.199867410824
53300.0 7707.400184489849
53500.0 7628.800004661044
53700.0 7559.4006005234105
53900.0 7490.599797463505
54100.0 7410.200451150995
54300.0 7233.200086163552
54500.0 7281.800398522795
54700.0 7097.600054226456
54900.0 7081.000141396588
55100.0 6932.000398416171
55300.0 7046.400308403868
55500.0 6792.000108879663
55700.0 6833.000501015645
55900.0 6699.799717583524
56100.0 6682.600410649002
56300.0 6510.600217788448
56500.0 6525.2000802636885
56700.0 6429.199902719321
56900.0 6275.2002516341845
57100.0 6305.800450011924
57300.0 6232.999814861655
57500.0 6161.600280021832
57700.0 6074.799789854799
57900.0 6054.2001814251635
58100.0 5960.799898987377
58300.0 5889.600067067046
58500.0 5836.200166680495
58700.0 5731.400303593183
58900.0 5684.2001417673555
59100.0 5627.599945458836
59300.0 5581.600019575645
59500.0 5490.399963853106
59700.0 5465.400096623204
59900.0 5408.400320713626
60100.0 5350.8003055833115
60300.0 5278.200080812729
60500.0 5188.5999950042315
60700.0 5147.60007089613
60900.0 5083.999989799297
61100.0 5011.399990827706
61300.0 4982.8000617023035
61500.0 4933.800091893955
61700.0 4896.800112573367
61900.0 4838.200078238022
62100.0 4794.399961312178
62300.0 4728.000269156956
62500.0 4651.600114930486
62700.0 4604.400156033872
62900.0 4561.000057309846
63100.0 4499.599802759692
63300.0 4475.000034069775
63500.0 4399.999963700886
63700.0 4386.599947938447
63900.0 4305.000142704052
64200.0 4244.400046489432
64600.0 4127.399877072854
65000.0 4036.2001509258134
65400.0 3942.2000250432807
65800.0 3850.400232088635
66200.0 3754.6001425936097
66600.0 3683.2001975073817
67000.0 3600.8002149945455
67400.0 3520.799959647898
67800.0 3438.800033198187
68200.0 3360.7999350416594
68600.0 3301.6000553475137
69000.0 3223.6000298626436
69400.0 3151.4000577362035
69800.0 3094.400094245868
70200.0 3018.200060837148
70600.0 2957.7999663421497
71000.0 2893.8000726079285
71400.0 2835.800044161607
71800.0 2776.600195233004
72200.0 2714.199993654047
72600.0 2658.3999601665964
73000.0 2606.6000540480477
73400.0 2547.6000388533807
73800.0 2499.000074940781
74200.0 2441.4000645768133
74600.0 2393.60013509413
75000.0 2346.5999566128994
75400.0 2276.7999236225664
75800.0 2184.000079640137
76200.0 2114.7999405880855
76600.0 2043.200053740068
77000.0 1990.5999458200533
77400.0 1919.000030169724
77800.0 1868.0000304118087
78200.0 1818.6000661250146
78600.0 1763.9999960167004
79000.0 1735.399893535006
79400.0 1680.1999902085909
79800.0 1652.9998982635564
80200.0 1623.8000724768763
80600.0 1587.2000198815695
81000.0 1561.7999743072664
81400.0 1543.6000614787847
81800.0 1508.800025087883
82200.0 1490.400056605247
82600.0 1466.2000357515856
83000.0 1436.0000563614417
83400.0 1418.4000045879961
83800.0 1391.7999861919557
84200.0 1366.4000480927634
84600.0 1342.8000152504617
85000.0 1328.000059741563
85400.0 1301.5999826743105
85800.0 1277.200019287614
86200.0 1260.0000614849655
86600.0 1230.399977992528
87000.0 1218.0000053105323
87400.0 1201.2000041299307
87800.0 1173.4000406939817
88200.0 1152.5999913883895
88600.0 1136.2000110974366
89000.0 1119.4000634851152
89400.0 1100.8000224353098
89800.0 1079.9600331592164
90200.0 1068.3000475703789
90600.0 1056.1200085137423
91000.0 1035.4000376582133
91400.0 1014.8799992122522
91800.0 1003.9599677054503
92200.0 980.9600101912836
92600.0 973.4200659643371
93000.0 958.4999924952881
93400.0 943.2200422868876
93800.0 923.02004363528
94200.0 913.4200041889567
94600.0 896.820020852883
95000.0 889.7399744677758
95400.0 877.0199832495505
95800.0 859.7800356593123
96200.0 849.8200089712453
96600.0 834.7399809528735
97000.0 827.1000327474692
97400.0 811.559996438785
97800.0 799.9600039827624
98200.0 789.7600128590022
98600.0 779.1999939429516
99000.0 765.7600144946574
99400.0 753.020060651663
99800.0 745.6400489107352
100200.0 734.0800398549194
200000.0 48.742000276534434
400000.0 3.1032000938194035
600000.0 0.613080014066496
800000.0 0.19334000248788114
1000000.0 0.07889400045736723
1200000.0 0.037891999216567676
1400000.0 0.020374001982859605
1600000.0 0.011896000566111977
