wave flux
90.9000015258789 0.0
93.5 0.0
96.0999984741211 0.0
97.69999694824219 0.0
99.5999984741211 0.0
102.0 0.0
103.80000305175781 0.0
105.5999984741211 0.0
107.69999694824219 0.0
110.4000015258789 0.0
114.0 0.0
117.80000305175781 0.0
121.30000305175781 0.0
124.80000305175781 0.0
127.0999984741211 0.0
128.39999389648438 0.0
130.5 0.0
132.39999389648438 0.0
133.89999389648438 0.0
136.60000610351562 0.0
139.8000030517578 0.0
143.3000030517578 0.0
147.1999969482422 0.0
151.0 0.0
155.1999969482422 0.0
158.8000030517578 0.0
162.0 0.0
166.0 0.0
170.3000030517578 1.3024000646933398e-22
173.39999389648438 5.492000165988744e-22
176.8000030517578 2.4564000048943854e-21
180.1999969482422 1.0381106677243975e-20
181.6999969482422 1.926251980960944e-20
186.10000610351562 1.113679428158896e-19
191.0 7.14190219160137e-19
193.89999389648438 2.0463559851659268e-18
198.39999389648438 9.869560607854886e-18
201.8000030517578 3.1033220540033525e-17
205.0 8.828079954249719e-17
210.5 4.91237442821174e-16
216.1999969482422 2.6540039375317814e-15
219.8000030517578 7.362580551320017e-15
223.0 1.7696179320141584e-14
226.8000030517578 4.86131210662554e-14
230.0 1.0991259369518779e-13
234.0 3.1318840242563776e-13
240.0 1.3196740772029677e-12
246.5 5.773620063485249e-12
252.39999389648438 2.0637101139659552e-11
256.79998779296875 5.120699732311807e-11
260.0 9.770659426035815e-11
264.0 2.1360661145749066e-10
268.5 4.996080097335193e-10
273.5 1.2422079957994401e-09
278.5 2.993279838497071e-09
284.0 7.5907397011784e-09
290.0 2.0087599630440203e-08
296.0 5.097300082767314e-08
301.0 1.0778899767789048e-07
308.0 2.9416600912621026e-07
318.0 1.146438053526945e-06
328.0 4.086939847002627e-06
338.0 1.3525400362757907e-05
348.0 4.1646398878477686e-05
357.0 0.00010864799374501964
366.0 0.0002697660205701675
375.0 0.0006380459955577151
385.0 0.0015833600029296795
395.0 0.003740680288873635
405.0 0.008461399942985504
414.0 0.017031400078099758
422.0 0.03086840207365892
430.0 0.05457400206566557
441.0 0.11589199271048418
451.0 0.22182001368778667
460.0 0.3876660266427877
470.0 0.702139998620549
480.0 1.2387799342706274
490.0 2.1325400232269
500.0 3.58556005691299
506.0 36.43000170716107
512.0 118.60600519837239
520.0 162.33400697352286
530.0 244.60200422204394
540.0 320.6819969390604
550.0 500.75999096800086
560.0 687.4200417255336
570.0 954.519993379477
580.0 1185.7400813834467
590.0 1752.6399842464057
600.0 2355.6001585315353
610.0 3150.279992235949
620.0 4000.400107965704
630.0 5148.59988327209
640.0 6345.399981470405
650.0 8014.6000456076745
658.0 9841.20026415746
665.0 11237.800616838364
675.0 13758.600374547379
685.0 17004.80042729052
695.0 21071.60104519855
705.0 25441.99928340067
716.0 31112.000474250653
726.0 37297.9996033773
735.0 43354.0001089528
745.0 52169.99929207256
755.0 61984.00573367269
765.0 72845.99933790119
775.0 85965.99968215506
785.0 100628.0052183435
795.0 115844.00698101464
805.0 134199.99840175212
815.0 153319.99522627296
825.0 177314.00103859958
835.0 199479.99144176772
845.0 228709.9972618483
855.0 260340.0098437585
865.0 296219.9943020429
875.0 335740.01611457084
885.0 381979.9980996983
895.0 428420.0092053544
905.0 467779.98480552866
915.0 1588019.9652156946
925.0 7575200.053629849
935.0 15708200.250647293
945.0 71251998.68664615
955.0 276340006.864744
965.0 423800019.11297536
975.0 87600002.86591241
985.0 783880045.1682696
995.0 833560026.6405534
1005.0 1001719988.9000708
1015.0 759020027.7519773
1025.0 67798002.226447
1035.0 396180021.88370466
1045.0 1288780025.2098832
1055.0 1448000061.950744
1065.0 1191519972.673066
1075.0 1495399929.781216
1085.0 1343999978.9302197
1095.0 1556800062.5727923
1105.0 1407199996.0471175
1115.0 1521999973.5304527
1125.0 1567000039.9273899
1135.0 1898000017.9411044
1145.0 1681400007.8674257
1155.0 1844400135.9188464
1165.0 2019400082.982569
1175.0 1746200039.8699255
1185.0 1925200099.4448824
1195.0 757780008.376636
1205.0 529859999.26778287
1215.0 80242004.00767763
1225.0 532760019.76552945
1235.0 1746400038.7555463
1245.0 2170000030.6413345
1255.0 2198600135.1242566
1265.0 1746399921.4298708
1275.0 2132000000.7660122
1285.0 2376000073.6385508
1295.0 1616400066.7877285
1305.0 1201999962.1805303
1315.0 2125999975.3361473
1325.0 2123400064.389762
1335.0 1790400059.0579486
1345.0 2235600112.4792495
1355.0 2118999994.4727387
1365.0 1854199968.308249
1375.0 1988599908.2133157
1385.0 2029200036.0317252
1395.0 1934600084.2748897
1405.0 1984400039.6026976
1415.0 1848599918.0687158
1425.0 1926600056.757733
1435.0 1866799974.9138086
1442.0 2004400084.8637383
1447.0 2026800056.7948902
1455.0 1981200006.5127473
1465.0 1861200100.1526127
1475.0 1794199988.681061
1485.0 1797400068.7569818
1495.0 1839600041.6297317
1505.0 1752199986.593741
1512.0 1601400016.8197496
1517.0 1716800059.243773
1525.0 1667800032.1470985
1535.0 1529400066.9026425
1545.0 1637799994.074974
1555.0 1516200090.2264469
1565.0 1486800013.0345685
1575.0 1542799991.8286073
1585.0 1604800052.718215
1595.0 1636799977.604175
1605.0 1549799910.9136865
1615.0 1565200081.9769094
1625.0 1462600055.9788022
1635.0 1523399972.1235092
1645.0 1527999984.742384
1655.0 1379999985.2573228
1665.0 1512399948.156529
1672.0 1382800004.127201
1677.0 1462599938.6148741
1685.0 1529400055.7558296
1695.0 1445800032.6137948
1705.0 1365200077.0405457
1715.0 1274200020.173247
1725.0 1260000000.2492478
1735.0 1324600107.9629807
1745.0 1289000019.1523304
1755.0 1365400031.4688103
1765.0 1226400033.161121
1775.0 1276600014.6062348
1785.0 1296200048.8327594
1795.0 1350600012.0165823
1805.0 1331399991.0153599
1815.0 1243400034.220277
1825.0 1253199984.6833904
1835.0 1197400034.3771973
1845.0 1120060043.057015
1855.0 1077340081.3265522
1865.0 1102820062.8395572
1875.0 1206400047.1492634
1885.0 1113600013.7111776
1895.0 1058500006.9466169
1905.0 1123199965.8681898
1915.0 1072020070.6527135
1925.0 1053600059.5082488
1935.0 1084740062.7417238
1945.0 1097160047.9317374
1955.0 1027519977.1711365
1967.0 1107119990.4226084
1976.0 1136800027.1491704
1984.0 1068839985.7918316
1995.0 1026680074.225034
2005.0 1053639992.6509179
2015.0 998800022.1755013
2025.0 1065540032.4434477
2035.0 999600019.131931
2045.0 1018220045.6713061
2055.0 966039970.4966376
2065.0 983500022.8240803
2074.0 1015119958.5053988
2078.0 973899995.6839364
2085.0 999040024.0824692
2095.0 941700025.3558363
2105.0 951320068.2800692
2115.0 949439990.4325052
2125.0 959980068.8442805
2135.0 896860041.2872161
2145.0 914940029.0310861
2155.0 937080047.3377573
2165.0 901179964.8530496
2175.0 889439986.9326762
2185.0 863479966.4661537
2195.0 891800038.8389747
2205.0 865079967.3263434
2215.0 829820032.0196347
2225.0 791320040.4905219
2235.0 844039966.8668853
2245.0 798940009.340746
2255.0 772320017.1459401
2265.0 787100026.4951087
2275.0 806200010.9884695
2285.0 813760029.1701099
2295.0 781180026.9087299
2305.0 753899971.209076
2315.0 725660059.9796185
2325.0 721380006.6416699
2335.0 688419981.1711177
2345.0 668780009.9331605
2355.0 693539988.3403169
2365.0 655480019.4526519
2375.0 666520012.1914645
2385.0 626780013.4985163
2395.0 669620032.5024498
2405.0 634859986.6168131
2415.0 643040023.0075456
2425.0 658500037.0522889
2435.0 625979973.2669556
2445.0 656000016.4625593
2455.0 637540043.8343967
2465.0 636140016.1992632
2475.0 613100048.556433
2485.0 644359987.1275616
2495.0 623280008.2771449
2505.0 646619976.1957971
2513.0 608639997.0198807
2518.0 627520008.3984628
2525.0 592700019.5053957
2535.0 594300021.7354511
2545.0 577940011.134064
2555.0 599179993.1491911
2565.0 589500009.3515925
2575.0 615439990.4138167
2585.0 610060008.636638
2595.0 611360033.9345963
2605.0 588880011.2670184
2615.0 584200025.683188
2625.0 586339985.6910043
2635.0 587600017.8793191
2645.0 607779991.1697074
2655.0 599499997.7703127
2665.0 573480005.6811832
2675.0 586459996.2998056
2685.0 578439996.7402544
2695.0 566460006.3022587
2705.0 568700019.6891568
2715.0 551840005.7333529
2725.0 548980001.4289985
2735.0 563600013.9395595
2745.0 523079991.50882715
2755.0 518739999.9010717
2765.0 527660013.2577366
2775.0 538680016.4136997
2785.0 537240025.2062689
2795.0 503580017.46967554
2805.0 521139993.51698375
2815.0 531100017.9305368
2825.0 524160033.272354
2835.0 503720010.0477305
2845.0 492700024.95792055
2855.0 495540021.4863905
2865.0 504319998.392169
2875.0 494520001.8265836
2885.0 496320015.2308207
2895.0 491760009.38362366
2910.0 498880035.6265853
2930.0 484500026.4865794
2950.0 476560007.0985107
2970.0 471739980.69920254
2990.0 464400011.7329437
3010.0 464020012.5191064
3030.0 458419992.6050956
3050.0 449080035.77225655
3070.0 441719987.02493924
3090.0 437679983.1044169
3110.0 427840007.21336484
3130.0 421979996.5273139
3150.0 416699992.91463655
3170.0 409760003.3796298
3190.0 397620013.4360688
3210.0 396780009.4908646
3230.0 391260005.00296634
3250.0 385960005.17258894
3270.0 381560023.7167732
3290.0 376419999.8124987
3310.0 372159994.76212746
3330.0 365880012.8515477
3350.0 359260016.98298556
3370.0 354340020.91894454
3390.0 349199999.7929825
3410.0 345199999.4370848
3430.0 340019994.8363295
3450.0 335320015.3460474
3470.0 330179991.6822542
3490.0 325939996.30102825
3510.0 322120008.51428074
3530.0 317979995.61350536
3550.0 313640001.1985072
3570.0 309360004.056343
3590.0 304220012.68504465
3610.0 300559993.3061382
3630.0 296239995.83634025
3640.0 294920014.29425204
3650.0 292860011.2636041
3670.0 289580002.9524361
3690.0 281540004.1089013
3710.0 276860005.08190006
3730.0 271740013.6358381
3750.0 311100000.7368373
3770.0 320120017.1873592
3790.0 355620003.52690476
3810.0 384880007.6184386
3830.0 324320010.5071829
3850.0 400619989.1229528
3870.0 419560022.6961206
3890.0 298819998.7390825
3910.0 414480012.53446394
3930.0 411580007.99050015
3950.0 403599999.2666329
3970.0 280700013.12691444
3990.0 385640013.86753905
4010.0 392940021.77112615
4030.0 374219996.9857251
4050.0 385280014.8997297
4070.0 374520006.42290473
4090.0 330659991.16159654
4110.0 275100006.6033194
4130.0 350060009.5994459
4150.0 352400001.7926663
4170.0 349639981.58698696
4190.0 346060009.88887274
4210.0 341420007.46098506
4230.0 335800008.4161603
4250.0 330420007.629481
4270.0 322379996.65372854
4290.0 319859995.13993466
4310.0 311880010.7134287
4330.0 267400006.5941775
4350.0 237499996.8839531
4370.0 296580002.9041557
4390.0 290140005.77749157
4410.0 292940013.08860403
4430.0 287259997.5444663
4450.0 285220008.0391375
4470.0 271960010.5320175
4490.0 273700012.02183545
4510.0 272860015.2462776
4530.0 268140011.03184795
4550.0 263960001.30940536
4570.0 261579993.98271286
4590.0 257199998.7479526
4610.0 254139995.00964853
4630.0 249319999.15788874
4650.0 246740005.715929
4670.0 243260010.36761996
4690.0 240040003.74138126
4710.0 233179997.02928478
4730.0 232520002.74082538
4750.0 228959991.1143139
4770.0 227460003.75454074
4790.0 223800001.38443223
4810.0 219420006.21803236
4830.0 214379996.6157588
4850.0 189080005.5937266
4870.0 163280008.59194756
4890.0 204740006.20804593
4910.0 204879998.84957632
4930.0 199320006.34965956
4950.0 200740002.51088658
4970.0 198359999.00966248
4990.0 195400008.96091646
5010.0 189460000.9080584
5030.0 189420005.0515558
5050.0 184640008.66218224
5070.0 185080006.68859166
5090.0 182559991.68107754
5110.0 179740009.7263774
5130.0 177779998.85493842
5150.0 174860000.77265233
5170.0 172960005.94812495
5190.0 170940002.4456001
5210.0 167500000.14438748
5230.0 166380004.63309127
5250.0 164619996.57761735
5270.0 162039999.87966168
5290.0 160920002.3360627
5310.0 158440005.49338672
5330.0 156679998.0646342
5350.0 154460008.39809218
5370.0 153020008.2391124
5390.0 151040009.8784953
5410.0 148960002.28097194
5430.0 146940004.27642283
5450.0 145360007.14964578
5470.0 143380002.1156678
5490.0 142040002.67563027
5510.0 140120002.20009834
5530.0 138640010.75270975
5550.0 137000003.20434186
5570.0 135319999.40407285
5590.0 133739999.408215
5610.0 132180000.10461894
5630.0 130780004.63120668
5650.0 128380005.35398543
5670.0 127080000.21936665
5690.0 126000000.51537544
5710.0 124659998.46857561
5730.0 123220006.85563262
5750.0 121739999.66617478
5770.0 120400004.65149224
5790.0 118919998.44350468
5810.0 117540005.2213165
5830.0 116200007.55256492
5850.0 114819996.10841586
5870.0 111400002.00217871
5890.0 111860007.39129362
5910.0 110920000.29892768
5930.0 109779998.62039372
5950.0 108000001.75784162
5970.0 107160003.66752924
5990.0 105720001.54015051
6010.0 104879995.08932737
6030.0 103670003.57088894
6050.0 102530001.79488023
6070.0 101337996.64012972
6090.0 100198001.81256855
6110.0 99175998.07443736
6130.0 98060002.14352392
6150.0 96556000.09686375
6170.0 95880001.81679933
6190.0 94870005.12195605
6210.0 93829998.77376392
6230.0 92705999.36798778
6250.0 91422001.98725021
6270.0 90789995.30029526
6290.0 89765999.86175391
6310.0 88708003.8551929
6330.0 87845998.62603545
6350.0 86202000.55788511
6370.0 85512005.03094886
6390.0 85018003.2236915
6410.0 84044000.38485548
6430.0 83306003.1809299
6450.0 82294001.33299267
6470.0 81524003.89725757
6490.0 80542002.45666811
6510.0 79430000.71127859
6530.0 78097997.4837568
6550.0 72644000.88173303
6570.0 62454000.13886616
6590.0 74742003.62432756
6610.0 75364001.9097529
6630.0 74854003.11715548
6650.0 74225999.06228101
6670.0 73058000.80530997
6690.0 72355999.8916615
6710.0 71966000.39714709
6730.0 71247999.419701
6750.0 70536003.18199557
6770.0 69838000.83231203
6790.0 69059999.23689082
6810.0 68400001.4798469
6830.0 67652002.40546057
6850.0 67038001.44946467
6870.0 66373999.56274912
6890.0 65721998.30462472
6910.0 65060001.26765477
6930.0 64308000.18942088
6950.0 63783999.306201965
6970.0 63170000.99037167
6990.0 62548002.37268121
7010.0 61904002.30452536
7030.0 61310003.10271407
7050.0 60576000.06537444
7070.0 59642002.53327109
7090.0 59564001.294952676
7110.0 58930000.1341225
7130.0 58376000.87857071
7150.0 57822003.379129134
7170.0 57278002.9851587
7190.0 56748000.2617016
7210.0 56204001.41026122
7230.0 55435999.443020016
7250.0 55095999.72995986
7270.0 54616000.45937251
7290.0 53944002.9256355
7310.0 53586001.01901691
7330.0 53082000.567706
7350.0 52591998.39943934
7370.0 52098000.64361693
7390.0 51612001.50660343
7410.0 51127999.778903596
7430.0 50582004.22283522
7450.0 50152000.09219074
7470.0 49632001.70003709
7490.0 49206003.701445244
7510.0 48756001.88931944
7530.0 48335998.57894936
7550.0 47896000.42507133
7570.0 47460000.118475094
7590.0 47010000.09094885
7610.0 46610001.36728704
7630.0 46178000.34193776
7650.0 45752001.77251526
7670.0 45342000.72823707
7690.0 44926002.92517581
7710.0 44530001.528787114
7730.0 44120001.209669776
7750.0 43728001.94640339
7770.0 42907999.73888888
7790.0 42952002.339013785
7810.0 42576001.879814066
7830.0 42199999.730467066
7850.0 41698001.689176984
7870.0 41332001.08259623
7890.0 40900001.87846598
7910.0 40713999.49435049
7930.0 40372001.14571204
7950.0 39906000.916410334
7970.0 39660000.494139574
7990.0 39128001.31514463
8010.0 38982000.980396636
8030.0 38629999.46476494
8050.0 38294000.24946005
8070.0 37971999.53646641
8090.0 37635999.393108815
8110.0 37304000.60135768
8130.0 36982001.168919995
8150.0 36675998.11437604
8170.0 36368002.32056211
8190.0 36025998.79423655
8210.0 35636002.02996608
8230.0 35293999.60017843
8250.0 35146002.03445948
8270.0 34851999.469919264
8290.0 34537999.63005429
8310.0 34296001.077875726
8330.0 34008001.343634225
8350.0 33704000.54193359
8370.0 33426002.33641523
8390.0 33172001.07082436
8410.0 32844000.48609992
8430.0 32522000.232243646
8450.0 32042000.7201045
8470.0 31726001.311769474
8490.0 31758000.857960373
8510.0 30929999.129692692
8530.0 31464000.99789388
8550.0 29736000.892724674
8570.0 31378000.347930368
8590.0 29743999.4741535
8610.0 29242001.01036579
8630.0 31140000.825014096
8650.0 30062001.04560976
8670.0 26824000.006649014
8690.0 30367999.287517626
8710.0 30920001.638472702
8730.0 29892000.109101247
8750.0 25464000.081635132
8770.0 28648000.50486666
8790.0 30209999.98054291
8810.0 30232000.85221644
8830.0 29617999.416630194
8850.0 27248000.08622731
8870.0 24282000.344565973
8890.0 28370000.418081146
8910.0 29012000.446994342
8930.0 28893999.427958313
8950.0 28770000.142882045
8970.0 28391998.728422336
8990.0 27418001.29436877
9010.0 23357999.897198174
9030.0 24787999.519794308
9050.0 27119999.981710725
9070.0 27169999.954487897
9090.0 27084001.369002547
9110.0 27020000.002900027
9130.0 26811999.39351279
9150.0 26623999.333017897
9170.0 26302000.023713104
9190.0 25842000.340937283
9210.0 24523999.31594364
9230.0 20618000.07205357
9250.0 23774000.214543752
9270.0 24733999.901725344
9290.0 25076000.603098705
9310.0 24970000.760932185
9330.0 24824000.82587101
9350.0 24682000.547083233
9370.0 24498000.127007067
9390.0 24289999.899127103
9410.0 23930001.239828397
9430.0 23927999.86092806
9450.0 23733999.831593875
9470.0 23458001.39428378
9490.0 23242001.0522439
9510.0 22755999.96703921
9530.0 21386001.47758263
9550.0 18372000.943767644
9570.0 21434001.541749693
9590.0 22193999.340897474
9610.0 22201999.929606356
9630.0 21943999.724696465
9650.0 22004001.20457677
9670.0 21816001.27405233
9690.0 21672000.388804834
9710.0 21514000.8808831
9730.0 21363999.84290284
9750.0 21196001.98778205
9770.0 21052001.01062646
9790.0 20888000.59183633
9810.0 20734001.33492979
9830.0 20566000.390040133
9850.0 20422001.00536556
9870.0 20268000.31218483
9890.0 20099999.843396798
9910.0 19951999.939639844
9930.0 19822000.887392268
9950.0 19662000.161138598
9970.0 19480000.552131925
9990.0 19286000.306408882
10025.0 18016000.536696926
10075.0 17242001.32467112
10125.0 18314000.452169947
10175.0 18116000.16129558
10225.0 17814000.86771063
10275.0 17495999.63491159
10325.0 17170000.326473422
10375.0 16886000.231400795
10425.0 16594000.064567763
10475.0 16296001.001981143
10525.0 16014000.727077981
10575.0 15745999.778293652
10625.0 15478000.307395557
10675.0 15159999.996675557
10725.0 14942000.625289785
10775.0 14694000.057693489
10825.0 14343999.473786348
10875.0 14108000.44959665
10925.0 12527999.792638637
10975.0 13221999.5113958
11025.0 13440000.02064359
11075.0 13279999.899978323
11125.0 13062000.474373534
11175.0 12848000.73776603
11225.0 12640000.063658118
11275.0 12391999.881293701
11325.0 12203999.956180908
11375.0 12036000.323911242
11425.0 11842000.78022486
11475.0 11658000.249570698
11525.0 11470000.815398572
11575.0 11286000.313086402
11625.0 11098000.1716876
11675.0 10924000.454562565
11725.0 10759999.719775718
11775.0 10565999.92288684
11825.0 10427999.872438673
11875.0 10262799.994789068
11925.0 10111199.903964896
11975.0 9929799.96295627
12025.0 9800400.039462151
12075.0 9653399.73385535
12125.0 9504800.221039308
12175.0 9361399.913229505
12225.0 9220000.184098762
12275.0 9080000.25229094
12325.0 8944600.225528318
12375.0 8811600.249319162
12425.0 8682200.281553771
12475.0 8544599.847435955
12525.0 8423800.277778376
12575.0 8296999.983133938
12625.0 8178999.736315437
12675.0 8061399.882904131
12725.0 7924200.097427041
12775.0 7677400.215764706
12825.0 6928400.011072312
12875.0 7511800.0961446455
12925.0 7483200.04712252
12975.0 7380599.950349789
13025.0 7285800.033463277
13075.0 7182600.540414726
13125.0 7081400.3094069045
13175.0 6976199.846086981
13225.0 6884000.1511063855
13275.0 6788200.047494582
13325.0 6693400.253553035
13375.0 6600600.308061488
13425.0 6507800.080201877
13475.0 6419000.441264699
13525.0 6330200.094009327
13575.0 6244200.245519532
13625.0 6159000.23001696
13675.0 6073599.975592973
13725.0 5991600.328043281
13775.0 5912800.068352159
13825.0 5833400.06054029
13875.0 5755999.921277175
13925.0 5678599.969882979
13975.0 5602600.022372119
14025.0 5529200.138643176
14075.0 5455799.952241611
14125.0 5383799.959505561
14175.0 5313400.13887165
14225.0 5243800.158660879
14275.0 5175400.217230358
14325.0 5107800.317071939
14375.0 5041799.908414155
14425.0 4971799.986083823
14475.0 4911400.028061335
14525.0 4847800.043149021
14570.0 4794200.195969228
14620.0 4732799.869813767
14675.0 4668200.152194377
14725.0 4609600.170759166
14775.0 4550600.084485357
14825.0 4495999.966071927
14875.0 4439400.302297766
14925.0 4384800.170881329
14975.0 4330200.086037439
15025.0 4277600.028412706
15075.0 4222600.180083932
15125.0 4171399.998671102
15175.0 4119799.92549949
15225.0 4069200.0432781274
15275.0 4015400.082741596
15325.0 3963799.8465691516
15375.0 3921200.063146198
15425.0 3856999.9180321842
15475.0 3825400.097302313
15525.0 3777199.9010958904
15575.0 3698000.057073462
15625.0 3710999.9372561947
15675.0 3623200.071048512
15725.0 3549400.1473710476
15775.0 3590400.095492265
15825.0 3541800.131389439
15875.0 3359200.157973388
15925.0 3429800.124705828
15975.0 3440800.0075642336
16050.0 3348600.0840527257
16150.0 3196599.949072974
16250.0 3244800.123218633
16350.0 3117800.0765732885
16450.0 2969799.8887112834
16550.0 3035799.8617996285
16650.0 2969800.166025457
16750.0 2841200.0050551095
16850.0 2704200.0442613033
16950.0 2772200.105439559
17050.0 2711799.8914103704
17150.0 2655999.9505426884
17250.0 2589400.019836968
17350.0 2386800.0490992093
17450.0 2462200.075519632
17550.0 2432000.1400359357
17650.0 2381399.979361071
17750.0 2330200.172795349
17850.0 2281599.9824809697
17950.0 2233400.0579449553
18050.0 2179200.0476852083
18150.0 2021000.0274504921
18250.0 2063800.1135678005
18350.0 2052200.0607408907
18450.0 2011400.0491426496
18550.0 1969199.9931955799
18650.0 1919600.0084533864
18750.0 1785200.0692728078
18850.0 1845400.0281786947
18950.0 1816200.0404283393
19050.0 1778999.9724474007
19150.0 1745199.9957819204
19250.0 1710400.0700724598
19350.0 1667600.076163092
19450.0 1543400.0701819793
19550.0 1602599.9990051563
19650.0 1581800.025692939
19750.0 1551000.0265611128
19850.0 1521199.9892519193
19950.0 1492399.9852422364
20050.0 1464600.0573490176
20150.0 1436800.0580034433
20250.0 1410000.0113931801
20350.0 1383599.9868454954
20450.0 1357800.0361880693
20550.0 1332000.0808961478
20650.0 1308200.084637514
20750.0 1283800.0565672687
20850.0 1260400.0052003297
20950.0 1237599.9941954038
21050.0 1215199.9555626179
21150.0 1192399.9912298825
21250.0 1171999.9856302016
21350.0 1151200.001232157
21450.0 1130800.0260179427
21550.0 1105399.9885832965
21650.0 1026839.9895558506
21750.0 1062599.9520213678
21850.0 1052799.9859254367
21950.0 1034999.9866387149
22050.0 1017240.0466696399
22150.0 999720.0191877278
22250.0 982560.0010106594
22350.0 965580.0114161622
22450.0 949300.0196361216
22550.0 933200.0014827823
22650.0 917500.0275613902
22750.0 902100.0034820238
22850.0 887100.0017848167
22950.0 872400.0392836801
23050.0 858000.0367520263
23150.0 843900.0224740286
23250.0 830080.0144948
23350.0 816519.9873095208
23450.0 803260.0304190869
23550.0 790240.0361767147
23650.0 777520.0035487973
23750.0 765059.9898990914
23850.0 752779.99265454
23950.0 740719.9924257183
24050.0 728840.0324582387
24150.0 717160.0117933082
24250.0 706039.9942571751
24350.0 694800.0263012765
24450.0 683619.9976972609
24550.0 673400.0209446488
24650.0 662260.0220012997
24750.0 651980.0159067704
24850.0 643000.0107098179
24950.0 630099.9937131188
25050.0 623620.0087468548
25150.0 614239.992374827
25250.0 599620.0096634891
25350.0 595300.0018322911
25450.0 587759.9797700762
25550.0 577220.0183520283
25650.0 560940.0188495903
25750.0 560779.9897866974
25850.0 553940.004414544
25950.0 545540.0005667735
26050.0 533320.0105982712
26150.0 514920.00526275387
26250.0 491920.0156338794
26350.0 510280.02010486467
26450.0 507080.0167680039
26550.0 499980.0189616893
26650.0 490280.0277498816
26750.0 467639.99979629106
26850.0 476159.996001318
26950.0 472799.98567821126
27050.0 466559.9923906701
27150.0 460000.00796596037
27250.0 453440.0184363245
27350.0 447039.9828606398
27450.0 438719.9955009669
27550.0 416740.012898244
27650.0 420280.01483647956
27750.0 421679.9873830211
27850.0 416720.0107811438
27950.0 410960.0054230819
28050.0 405340.01882994
28150.0 399779.9987534695
28250.0 394319.9908353184
28350.0 388899.99419561785
28450.0 383680.0019962357
28550.0 377860.01411073806
28650.0 367879.99985798716
28750.0 350219.99629436986
28850.0 361200.0044910317
28950.0 358320.0042262048
29050.0 353820.00371632224
29150.0 349140.00603772927
29250.0 344520.00110051146
29350.0 340000.0031714753
29450.0 335520.0090474419
29550.0 331160.00347533484
29650.0 326779.98780816793
29750.0 322560.01314244105
29850.0 318379.99755481567
29950.0 314260.0013638843
30050.0 310240.010468581
30150.0 306260.0112045511
30250.0 301079.9996227223
30350.0 286060.0057137852
30450.0 286919.9969949433
30550.0 290000.01507551357
30650.0 287279.9999726037
30750.0 283700.00203853514
30850.0 280020.00441946514
30950.0 276640.00520054455
31050.0 273160.0040641729
31150.0 269780.0060543685
31250.0 266400.0124486152
31350.0 263120.0044037166
31450.0 259900.0023065932
31550.0 256720.0082948107
31650.0 253580.00975986873
31750.0 250499.99998242193
31850.0 247420.0009106617
31950.0 244440.00028703825
32100.0 240020.01568122677
32300.0 234300.00431264823
32500.0 228680.00529551774
32700.0 223119.9982578359
32900.0 210600.00375973084
33100.0 210879.99652520628
33300.0 207660.0055069445
33500.0 202940.0085448991
33700.0 198319.99804964804
33900.0 193839.99096553525
34100.0 189480.00574828134
34300.0 185200.01056731786
34500.0 181079.99415187497
34700.0 177000.00003343218
34900.0 173120.00756416487
35100.0 169300.006044714
35300.0 165620.00020696045
35500.0 162040.00287057643
35700.0 158459.99617043036
35900.0 155080.00002002507
36100.0 151700.00202014478
36300.0 148519.99903853794
36500.0 145240.0032520743
36700.0 142360.00834241396
36900.0 139079.99940349575
37100.0 136300.00423810893
37300.0 131459.99665975722
37500.0 127540.00268259269
37700.0 128100.00464380727
37900.0 125620.00053002285
38100.0 122619.9977993199
38300.0 120240.00106498662
38500.0 118199.99920547518
38700.0 115900.00743955237
38900.0 113340.00024587165
39100.0 110200.00554652995
39300.0 109060.00074229472
39500.0 107120.00273312823
39700.0 105040.00286392291
39900.0 102900.00276965104
40100.0 100060.00016294545
40300.0 97744.00271288803
40500.0 94138.00009537135
40700.0 95046.00139852529
40900.0 93478.00277702963
41100.0 91714.00416141261
41300.0 89974.0000738551
41500.0 88067.99805066352
41700.0 84569.99886795497
41900.0 84756.00188602542
42100.0 83462.00247528114
42300.0 81921.9996120963
42500.0 80420.00116108678
42700.0 78954.00250077723
42900.0 77508.00193468551
43100.0 76116.00064572973
43300.0 74744.00084320156
43500.0 73310.00097205043
43700.0 70277.99896244053
43900.0 70165.99767464424
44100.0 69554.00128314146
44300.0 68336.0021228316
44500.0 67134.00214679509
44700.0 66010.00104589606
44900.0 64811.999501675156
45100.0 63735.99861715005
45300.0 62629.99978501063
45500.0 61536.00118959314
45700.0 60461.99929835318
45900.0 59424.00166840622
46100.0 58394.0022451965
46300.0 57289.998634227675
46500.0 54399.99965523193
46700.0 53631.999710286116
46900.0 54282.00198063743
47100.0 53652.00198488108
47300.0 52806.00206909943
47500.0 51973.99929221493
47700.0 51182.00207656842
47900.0 50357.99891324958
48100.0 49538.00018412331
48300.0 48737.99750572499
48500.0 47951.998817469095
48700.0 47176.00117119281
48900.0 46426.000665886815
49100.0 45679.998545693496
49300.0 44954.00132596768
49500.0 44248.00024506783
49700.0 43535.99961835505
49900.0 42866.001298958356
50100.0 42190.00162193708
50300.0 41495.99997774335
50500.0 40897.99960817046
50700.0 40233.999120336244
50900.0 39523.99990954613
51100.0 38772.00024744745
51300.0 37014.00027202905
51500.0 37654.00070862942
51700.0 37158.00114233629
51900.0 36690.00094812893
52100.0 36159.999517863645
52300.0 35617.999289758234
52500.0 35030.00009345691
52700.0 34468.00115701719
52900.0 34052.00170715755
53100.0 33550.00200408874
53300.0 33058.00097241994
53500.0 32570.000591681688
53700.0 31992.00181267416
53900.0 31525.99937320636
54100.0 31173.999910474526
54300.0 30722.000251897072
54500.0 30273.999946787786
54700.0 29842.00084106171
54900.0 29414.000282813286
55100.0 28916.000766121
55300.0 28408.001150057502
55500.0 28160.00065276986
55700.0 27784.00208706006
55900.0 27390.000769320697
56100.0 27008.000659935056
56300.0 26629.999670391244
56500.0 26262.00043849356
56700.0 25894.00013640048
56900.0 25490.000209281992
57100.0 24928.000894118537
57300.0 24774.00091843535
57500.0 24502.00033907308
57700.0 24173.999555678278
57900.0 23846.000782622432
58100.0 23518.00076848176
58300.0 23203.99972362039
58500.0 22903.999329714734
58700.0 22547.999654735537
58900.0 22134.001443843343
59100.0 21118.000990097982
59300.0 21568.001057930516
59500.0 21094.001281186866
59700.0 20966.00061416065
59900.0 20818.000441292526
60100.0 20593.99984765434
60300.0 20326.001289152628
60500.0 20068.001053469667
60700.0 19804.00035852603
60900.0 19546.000442467903
61100.0 19292.000012036784
61300.0 19047.999605914425
61500.0 18803.999956936124
61700.0 18566.00020512472
61900.0 18328.001022474014
62100.0 18094.00016279809
62300.0 17870.00073590965
62500.0 17619.99935938601
62700.0 17331.999760589988
62900.0 16763.99993793123
63100.0 16870.000476738573
63300.0 16746.00025845305
63500.0 16568.000516309017
63700.0 16364.000236676675
63900.0 16159.999974928558
64200.0 15866.000538753116
64600.0 15478.000575936043
65000.0 15106.000023019984
65400.0 14742.000001156905
65800.0 14390.000219463243
66200.0 14051.999895029685
66600.0 13718.00019317709
67000.0 13396.000116875683
67400.0 13032.000195967767
67800.0 12534.000666749807
68200.0 12470.000145268232
68600.0 12201.999846294928
69000.0 11924.000829242113
69400.0 11650.000344481698
69800.0 11391.999702806808
70200.0 11137.999769977057
70600.0 10889.999775618468
71000.0 10646.00038800726
71400.0 10411.999657587587
71800.0 10182.19990565371
72200.0 9960.000195559849
72600.0 9733.00015354645
73000.0 9533.600049095197
73400.0 9330.400573039864
73800.0 9131.599895220814
74200.0 8915.00019702543
74600.0 8510.999960043177
75000.0 8237.000593435614
75400.0 8337.600386653425
75800.0 8207.799962362944
76200.0 8042.600251345401
76600.0 7877.600148397496
77000.0 7716.999882230058
77400.0 7554.799923258276
77800.0 7368.600119144879
78200.0 7252.399996934894
78600.0 7111.79961174791
79000.0 6970.599890681001
79400.0 6831.400297304186
79800.0 6696.600097124007
80200.0 6564.800063883222
80600.0 6436.600079228865
81000.0 6311.400031004287
81400.0 6148.000029490443
81800.0 6049.600111070922
82200.0 5953.199846546782
82600.0 5840.000343320787
83000.0 5728.599860692789
83400.0 5620.199816239023
83800.0 5514.800005506139
84200.0 5410.800245756364
84600.0 5310.400078126009
85000.0 5211.400054525008
85400.0 5114.99984135002
85800.0 5020.9998978156855
86200.0 4923.4001302000925
86600.0 4777.000285982655
87000.0 4734.9999782534815
87400.0 4591.59996761117
87800.0 4508.9998593403025
88200.0 4498.800172619388
88600.0 4418.800248490895
89000.0 4340.800070657081
89400.0 4264.199996137559
89800.0 4188.60004066444
90200.0 4115.600295777451
90600.0 4043.4000514459944
91000.0 3973.800009449681
91400.0 3904.60015496088
91800.0 3837.6000111421267
92200.0 3771.400109125917
92600.0 3707.2002061060252
93000.0 3644.2000204649953
93400.0 3577.400018053783
93800.0 3460.4000524917888
94200.0 3441.5998084557077
94600.0 3404.3998932720624
95000.0 3346.2000923889937
95400.0 3291.0001044858095
95800.0 3238.400149178763
96200.0 3185.1999535823647
96600.0 3133.0000346482598
97000.0 3081.8001559685817
97400.0 3032.0000062812783
97800.0 2982.8002341006204
98200.0 2933.0002115491106
98600.0 2882.800033404604
99000.0 2840.999977739672
99400.0 2795.8000782839326
99800.0 2751.600000494664
100200.0 2707.8000749970115
200000.0 170.45999519022175
400000.0 10.476000161102707
600000.0 2.0384000486535285
800000.0 0.6375200242853968
1000000.0 0.25878001202996026
1200000.0 0.12388000419124764
1400000.0 0.06643400140365005
1600000.0 0.038738001653279126
