wave flux
90.9000015258789 0.0
93.5 0.0
96.0999984741211 0.0
97.69999694824219 0.0
99.5999984741211 0.0
102.0 0.0
103.80000305175781 0.0
105.5999984741211 0.0
107.69999694824219 0.0
110.4000015258789 0.0
114.0 0.0
117.80000305175781 0.0
121.30000305175781 0.0
124.80000305175781 0.0
127.0999984741211 0.0
128.39999389648438 0.0
130.5 0.0
132.39999389648438 0.0
133.89999389648438 0.0
136.60000610351562 0.0
139.8000030517578 0.0
143.3000030517578 0.0
147.1999969482422 0.0
151.0 0.0
155.1999969482422 0.0
158.8000030517578 0.0
162.0 0.0
166.0 0.0
170.3000030517578 0.0
173.39999389648438 0.0
176.8000030517578 0.0
180.1999969482422 0.0
181.6999969482422 0.0
186.10000610351562 0.0
191.0 0.0
193.89999389648438 0.0
198.39999389648438 0.0
201.8000030517578 0.0
205.0 0.0
210.5 0.0
216.1999969482422 0.0
219.8000030517578 0.0
223.0 0.0
226.8000030517578 0.0
230.0 0.0
234.0 0.0
240.0 0.0
246.5 0.0
252.39999389648438 0.0
256.79998779296875 0.0
260.0 0.0
264.0 0.0
268.5 0.0
273.5 0.0
278.5 0.0
284.0 0.0
290.0 0.0
296.0 0.0
301.0 0.0
308.0 0.0
318.0 0.0
328.0 0.0
338.0 0.0
348.0 0.0
357.0 0.0
366.0 0.0
375.0 1.3800000060540578e-23
385.0 1.4180020681666714e-22
395.0 1.054526033238216e-21
405.0 6.99681608981613e-21
414.0 3.5421901344541125e-20
422.0 1.410192057006466e-19
430.0 5.322900187468697e-19
441.0 3.0483460483839274e-18
451.0 1.3793740534017425e-17
460.0 5.06508821952761e-17
470.0 2.0226759037759135e-16
480.0 7.60692007329123e-16
490.0 2.7050660380385785e-15
500.0 9.1257866280751e-15
506.0 1.4956120324549394e-14
512.0 3.618291993700568e-14
520.0 8.82656407243489e-14
530.0 2.6300359141794556e-13
540.0 7.275524380910648e-13
550.0 1.998817987621466e-12
560.0 5.20500009218819e-12
570.0 1.3085620075765143e-11
580.0 3.031366062436886e-11
590.0 4.029119937240472e-12
600.0 8.631400052142723e-12
610.0 1.801439965508868e-11
620.0 3.6594001699672346e-11
630.0 7.253600166288079e-11
640.0 1.404179982117133e-10
650.0 2.661199996842254e-10
658.0 4.3678798608484734e-10
665.0 6.65839978327743e-10
675.0 1.198420057092117e-09
685.0 2.115120107677739e-09
695.0 3.667759820993923e-09
705.0 6.224400167856857e-09
716.0 1.1006799606176193e-08
726.0 1.8118999423407314e-08
735.0 2.8016000456586123e-08
745.0 4.482879963358936e-08
755.0 7.076000165786869e-08
765.0 1.1024600290281645e-07
775.0 1.6948000827542225e-07
785.0 2.576199936594688e-07
795.0 3.8319600430652465e-07
805.0 5.714800097268756e-07
815.0 8.41020024382949e-07
825.0 1.2220800127633118e-06
835.0 1.756820087282528e-06
845.0 2.5021001260351434e-06
855.0 3.528300060839973e-06
865.0 4.931599726248066e-06
875.0 6.811799940657517e-06
885.0 9.386600721189175e-06
895.0 1.278260011252933e-05
905.0 1.719219939433168e-05
915.0 0.012489599503255632
925.0 0.03926200428908083
935.0 0.05130399914766663
945.0 0.06889600388062096
955.0 0.09802399779570627
965.0 0.12993200262716567
975.0 0.1646700052547679
985.0 0.2133759956328579
995.0 0.26367999274461623
1005.0 0.36184000163595975
1015.0 0.46177999166069794
1025.0 0.56448002262174
1035.0 0.7261800265276176
1045.0 0.9234400352000908
1055.0 1.1553799580781376
1065.0 1.3982600375066625
1075.0 1.7592400326616606
1085.0 2.174060157270565
1095.0 2.603440042478127
1105.0 8.04680043194078
1115.0 26.435198584046802
1125.0 38.86599674063893
1135.0 53.51600411488132
1145.0 66.38600245635334
1155.0 72.5119990566971
1165.0 95.8660031268692
1175.0 107.54999998550743
1185.0 115.34600100007802
1195.0 46.46200247984473
1205.0 40.03200070425727
1215.0 9.813600503497517
1225.0 47.15800038548367
1235.0 126.96000030420878
1245.0 305.4999934718699
1255.0 722.3800207414372
1265.0 735.5200335994423
1275.0 1424.7800697380203
1285.0 2266.160025478679
1295.0 2968.9999490483024
1305.0 2146.1401137608837
1315.0 4162.799884597594
1325.0 5349.000116777947
1335.0 5691.999905471258
1345.0 8005.799852168845
1355.0 8363.20025595561
1365.0 9107.400284632564
1375.0 10207.799872316
1385.0 11651.000088161532
1395.0 13776.200000746194
1405.0 15689.000515561127
1415.0 15697.400836450912
1425.0 18538.400121088845
1435.0 18578.20088456514
1442.0 21808.19978573147
1447.0 24308.000710414595
1455.0 28144.000660589612
1465.0 28378.000421905446
1475.0 31384.001661406277
1485.0 35591.99978191359
1495.0 41360.00276235695
1505.0 45793.9984916416
1512.0 45469.99940319584
1517.0 50360.001579013086
1525.0 53938.005449227116
1535.0 306573.99282444356
1545.0 1170060.070906775
1555.0 946439.9987693708
1565.0 705019.9887594935
1575.0 1351540.003233351
1585.0 1695060.106941181
1595.0 2406139.8443887043
1605.0 1878340.005015616
1615.0 1611220.031599929
1625.0 1299340.0325359795
1635.0 1487899.9879499832
1645.0 2107300.048249758
1655.0 1056920.075271275
1665.0 1705880.148683834
1672.0 356500.00484253
1677.0 2395559.871121134
1685.0 3876000.033844443
1695.0 4075200.152802938
1705.0 3482600.295820412
1715.0 4718599.8183031855
1725.0 5152999.739440312
1735.0 6457999.756021987
1745.0 5600199.988836559
1755.0 7465400.160267625
1765.0 5476600.151386366
1775.0 7311399.753461707
1785.0 6083000.13163869
1795.0 9152200.159471061
1805.0 7470600.284577729
1815.0 8609400.232360957
1825.0 7105399.78092516
1835.0 6373400.034944838
1845.0 5940000.151644743
1855.0 6946199.7739539435
1865.0 7742599.7318138685
1875.0 7316399.973473129
1885.0 7634399.859440094
1895.0 8506000.603279611
1905.0 7511400.171886789
1915.0 8012000.548020982
1925.0 8053200.040305976
1935.0 5763000.24819951
1945.0 8952400.349948725
1955.0 9138799.922181038
1967.0 10109999.727794912
1976.0 9908800.584166436
1984.0 9503200.708839934
1995.0 9247200.471292159
2005.0 8606199.659998776
2015.0 7757000.173656737
2025.0 7423199.919740629
2035.0 8734799.830964774
2045.0 9810400.419196423
2055.0 8482200.265449462
2065.0 8011800.200740007
2074.0 10440599.982068544
2078.0 11144400.64118614
2085.0 10562400.585104603
2095.0 9858399.952161526
2105.0 9058800.067053998
2115.0 9199400.353174442
2125.0 9541000.226670166
2135.0 7011799.9372562
2145.0 8816200.183401225
2155.0 9208400.41994505
2165.0 8006000.229431796
2175.0 8125600.585824302
2185.0 8512400.402957099
2195.0 9612000.005056188
2205.0 9017600.241866082
2215.0 7344800.324071384
2225.0 7005200.11277228
2235.0 9257600.425101863
2245.0 8179599.67389348
2255.0 6849799.9676466575
2265.0 6942199.9897453515
2275.0 8183000.0105132265
2285.0 8683800.510761257
2295.0 7807399.922731
2305.0 8198599.766264712
2315.0 7558800.059860949
2325.0 7114000.002835006
2335.0 4823399.89935545
2345.0 3684999.8924532584
2355.0 6380599.779286566
2365.0 3645999.8301452007
2375.0 5123000.0049215425
2385.0 2809999.918179739
2395.0 3862399.9635335025
2405.0 3643800.0540315537
2415.0 4774800.352658404
2425.0 7572199.68734414
2435.0 7271000.090723558
2445.0 7918600.311973302
2455.0 7861200.420994814
2465.0 7492399.875761757
2475.0 7051800.410411493
2485.0 7338600.099229745
2495.0 7004000.084540839
2505.0 9170999.581898335
2513.0 6903600.2079132255
2518.0 7634199.939187778
2525.0 6171799.891340171
2535.0 5982400.167858721
2545.0 6104800.178660182
2555.0 7314999.724876528
2565.0 6310399.997364156
2575.0 7377800.098339352
2585.0 6725799.956685077
2595.0 5968199.9481626805
2605.0 5198400.244874569
2615.0 4834399.973597917
2625.0 6384200.318860613
2635.0 7793600.264554449
2645.0 11301999.957719954
2655.0 11468799.913546536
2665.0 9165400.421017092
2675.0 10163999.913675308
2685.0 9851000.198880857
2695.0 9377199.950644042
2705.0 9968000.175251253
2715.0 8566599.692678103
2725.0 8713400.058679411
2735.0 9481000.496064568
2745.0 5479599.988931008
2755.0 6558200.09347964
2765.0 7578200.501547228
2775.0 9315800.15406308
2785.0 7513200.369665083
2795.0 2782600.029034986
2805.0 3660400.08762839
2815.0 9041199.595318897
2825.0 11146600.078583632
2835.0 10533000.102099875
2845.0 10121799.979225444
2855.0 9123200.102238035
2865.0 10947600.375964668
2875.0 10485399.831809342
2885.0 10859999.904574033
2895.0 10128000.223047718
2910.0 12379999.811918372
2930.0 11643000.375157181
2950.0 11530800.160178531
2970.0 12420000.34398056
2990.0 12626000.69470066
3010.0 13189999.988931254
3030.0 13021999.261806559
3050.0 12963999.940472234
3070.0 13051999.95654091
3090.0 13653999.926706593
3110.0 13076000.457074512
3130.0 12970000.926641753
3150.0 13718000.500632484
3170.0 13627999.48697846
3190.0 12642000.497899797
3210.0 13410000.159943221
3230.0 12767999.87872635
3250.0 13521999.974736623
3270.0 13806001.06726909
3290.0 14002000.570167609
3310.0 14408000.615556685
3330.0 14003999.935587306
3350.0 13820000.537996827
3370.0 13625999.974569675
3390.0 13911999.608525587
3410.0 14344000.332493378
3430.0 14595999.74158642
3450.0 14502000.471187064
3470.0 14240001.113992335
3490.0 14079999.304822538
3510.0 14666000.566732882
3530.0 14814000.973001963
3550.0 15260000.795271816
3570.0 14518000.411685135
3590.0 14563999.986541096
3610.0 14674000.27811761
3630.0 14916000.433601627
3640.0 14611999.967142578
3650.0 15308000.441025984
3670.0 15074000.282946838
3690.0 16064000.340948276
3710.0 20763999.848666925
3730.0 27834000.415112447
3750.0 42761999.281501986
3770.0 44997999.97611509
3790.0 55523999.666609764
3810.0 62157999.83677007
3830.0 48913997.743072495
3850.0 64564002.51327601
3870.0 68755998.9002617
3890.0 46044000.22323807
3910.0 65194001.258315854
3930.0 47116002.6395438
3950.0 63378000.58919791
3970.0 38036000.81574866
3990.0 65224001.30976501
4010.0 66463998.76335792
4030.0 65098001.89092924
4050.0 64528002.714402094
4070.0 63074000.68656372
4090.0 59193999.06266927
4110.0 46219999.92731466
4130.0 61361997.148696765
4150.0 62506002.273814365
4170.0 60446000.949916914
4190.0 60136002.27818605
4210.0 59554002.773108944
4230.0 58344000.36541126
4250.0 58224000.99661679
4270.0 56316001.516792715
4290.0 56970003.19652183
4310.0 53571999.60037311
4330.0 48349999.79412183
4350.0 41572003.12500557
4370.0 54794003.22174513
4390.0 53497999.87821432
4410.0 52052003.73962105
4430.0 52190000.89015597
4450.0 52417999.68142875
4470.0 51912003.620337784
4490.0 51476001.296801664
4510.0 52177998.70976486
4530.0 50118000.77165341
4550.0 48883998.6408236
4570.0 50513999.79712473
4590.0 48375999.19395664
4610.0 49901999.31053783
4630.0 48066002.22361976
4650.0 48612000.73754262
4670.0 48147999.55844401
4690.0 46791998.99398656
4710.0 45187997.753496304
4730.0 46602003.43940232
4750.0 46647999.43087746
4770.0 45623998.93193948
4790.0 45250001.358957365
4810.0 44592000.488802604
4830.0 43799997.99965633
4850.0 37980002.22654184
4870.0 30444001.148180783
4890.0 41882001.3827266
4910.0 42070001.25809342
4930.0 40962002.04476045
4950.0 41470002.692098975
4970.0 41598002.751357764
4990.0 39994002.97400337
5010.0 38401998.6951902
5030.0 39230000.00027455
5050.0 38695998.822907716
5070.0 38986000.32765356
5090.0 38462000.71783512
5110.0 38155999.54201771
5130.0 37185998.30126598
5150.0 36466000.72413072
5170.0 35676001.2614518
5190.0 35327999.72611375
5210.0 35284002.329981744
5230.0 34782001.69409983
5250.0 35232001.821540214
5270.0 33382001.450130932
5290.0 34497998.913367026
5310.0 33618000.76576963
5330.0 32926000.044690147
5350.0 33719999.829531156
5370.0 33230000.467262287
5390.0 32740001.784581646
5410.0 32118000.38357288
5430.0 31930001.492740296
5450.0 32174001.190341562
5470.0 31752001.027907595
5490.0 31586000.443628356
5510.0 31158000.208138574
5530.0 30840000.52829252
5550.0 30862000.168745056
5570.0 30394001.87325639
5590.0 30100000.403088782
5610.0 29951999.23496534
5630.0 29776001.379270352
5650.0 29260000.132620387
5670.0 28891999.576558813
5690.0 28908001.549710438
5710.0 28654001.158795074
5730.0 28580001.60508759
5750.0 28189999.307206977
5770.0 27979998.686498027
5790.0 27634000.48067654
5810.0 27423999.507367738
5830.0 27176000.796034697
5850.0 26934000.41705124
5870.0 26706000.229848966
5890.0 26062000.224535983
5910.0 26190000.61634155
5930.0 25946000.034570765
5950.0 25655999.707884982
5970.0 25502001.022748668
5990.0 25118000.582001034
6010.0 24861999.168567117
6030.0 24754000.45878858
6050.0 24511999.858009942
6070.0 24373999.214879863
6090.0 24084000.650224864
6110.0 23795999.26586565
6130.0 23453999.296534687
6150.0 22912001.110278722
6170.0 23031999.38952743
6190.0 23052000.1863409
6210.0 22880000.98539464
6230.0 22530000.880900998
6250.0 21850001.259811595
6270.0 22295998.784367267
6290.0 22092001.22537066
6310.0 21668000.95968928
6330.0 21625999.779538013
6350.0 21289999.303715132
6370.0 21132000.71426438
6390.0 21056000.711868342
6410.0 20736000.329717178
6430.0 20662000.023361236
6450.0 20232000.16482493
6470.0 20378000.197502755
6490.0 19881999.70970872
6510.0 19852000.515475783
6530.0 19670000.758697238
6550.0 17937999.83358927
6570.0 14127999.832917508
6590.0 18872000.264448132
6610.0 19064000.55806401
6630.0 19040000.551487636
6650.0 18902000.21277056
6670.0 18713999.661524374
6690.0 18601999.817091424
6710.0 18452000.458021358
6730.0 18272000.510464717
6750.0 18096000.479438826
6770.0 18027999.798534673
6790.0 17849999.754409645
6810.0 17734001.022960324
6830.0 17516000.07027846
6850.0 17399999.66067957
6870.0 17296000.82713953
6890.0 17158000.247669104
6910.0 17012000.22431174
6930.0 16864000.350125726
6950.0 16738000.00106491
6970.0 16590000.562499218
6990.0 16474000.64786102
7010.0 16214000.005937152
7030.0 16169999.60037885
7050.0 16064000.193599442
7070.0 15948000.049499521
7090.0 15830000.69872127
7110.0 15409999.4784396
7130.0 15482000.378219007
7150.0 15396000.262227323
7170.0 15288000.102612121
7190.0 15128000.419429662
7210.0 15024000.490922635
7230.0 14878000.168504773
7250.0 14780000.761798209
7270.0 14714000.314264601
7290.0 14533999.647610575
7310.0 14397999.998538477
7330.0 14329999.53039487
7350.0 14243999.87524172
7370.0 14177999.972792407
7390.0 14018000.280329414
7410.0 13856000.701630302
7430.0 13710000.721489618
7450.0 13644000.272332778
7470.0 13458000.00351243
7490.0 13420000.652603827
7510.0 13344000.326323083
7530.0 13286000.301331779
7550.0 13239999.92161328
7570.0 13100000.153681986
7590.0 13031999.75661642
7610.0 12935999.977113746
7630.0 12838000.702594599
7650.0 12698000.17812545
7670.0 12577999.816265056
7690.0 12521999.593290431
7710.0 12384000.353732845
7730.0 12358000.582549319
7750.0 12258000.280037167
7770.0 11906000.504872061
7790.0 12103999.891972428
7810.0 12006000.264929468
7830.0 11874000.144648263
7850.0 11735999.392080143
7870.0 11671999.52848594
7890.0 11554000.749882996
7910.0 11502000.143029843
7930.0 11422000.608934157
7950.0 11296000.561948342
7970.0 11329999.786823405
7990.0 11106000.237780234
8010.0 11142000.153303621
8030.0 11042000.203728141
8050.0 10986000.115502479
8070.0 10895999.905921213
8090.0 10818000.102024633
8110.0 10761999.604127536
8130.0 10693999.795895329
8150.0 10615800.434911164
8170.0 10546000.64233711
8190.0 10325199.916304035
8210.0 10296799.530237025
8230.0 10220200.42700267
8250.0 10169999.995335558
8270.0 10221600.409901554
8290.0 10124200.195765313
8310.0 10025000.413489558
8330.0 9819200.415848441
8350.0 9869800.098280797
8370.0 9653799.795673303
8390.0 9614800.207451912
8410.0 9544799.58567354
8430.0 9732200.376684912
8450.0 9531800.552136296
8470.0 9202800.594700204
8490.0 10049400.373199781
8510.0 8896000.011413166
8530.0 10230600.84855377
8550.0 8276600.157338769
8570.0 10500199.939846272
8590.0 9739000.532087328
8610.0 9422999.991018092
8630.0 10750000.249290304
8650.0 10481000.14013117
8670.0 8114400.151218566
8690.0 10456199.866854321
8710.0 10837999.580855697
8730.0 10563400.321618592
8750.0 8348000.122006944
8770.0 10212600.458014462
8790.0 10606600.500728175
8810.0 10500600.092663193
8830.0 10239200.746634187
8850.0 9647799.816919321
8870.0 8103200.111971996
8890.0 10073400.355266571
8910.0 10119400.309546951
8930.0 10040999.718048915
8950.0 10071400.174306652
8970.0 9962000.73934714
8990.0 9760800.127447672
9010.0 7990800.044822862
9030.0 8869600.165972186
9050.0 9643800.464736542
9070.0 9389400.222958371
9090.0 9251600.171040216
9110.0 9424800.641541056
9130.0 9436400.090144666
9150.0 9424999.96016576
9170.0 9312600.335136577
9190.0 9161600.070739636
9210.0 8830200.469907705
9230.0 6999400.251294297
9250.0 8513199.840970097
9270.0 8704000.418349871
9290.0 8941399.785539996
9310.0 8911200.074034657
9330.0 8831800.055548757
9350.0 8794000.426420636
9370.0 8745800.089720175
9390.0 8612800.079086972
9410.0 8341799.655812702
9430.0 8481199.894276973
9450.0 8458800.46588035
9470.0 8424599.802407501
9490.0 8370799.747730887
9510.0 8263400.255544776
9530.0 7909600.091006737
9550.0 6402799.855321382
9570.0 7892400.285351127
9590.0 8058600.2195329275
9610.0 7964600.135897143
9630.0 7828400.452336445
9650.0 7908200.312948392
9670.0 7771199.978143645
9690.0 7756400.296178603
9710.0 7796399.83541781
9730.0 7733200.352540055
9750.0 7637200.544603501
9770.0 7640400.21820937
9790.0 7587200.160066102
9810.0 7528599.983988041
9830.0 7470000.070796936
9850.0 7373799.662736059
9870.0 7344400.407810913
9890.0 7262800.296472564
9910.0 7251200.496382967
9930.0 7206600.572668637
9950.0 7165400.213769884
9970.0 7147399.967391125
9990.0 7088399.798164931
10025.0 6696400.326725993
10075.0 6356800.050334407
10125.0 6709400.284861847
10175.0 6666400.173992666
10225.0 6583000.035265469
10275.0 6488600.30279503
10325.0 6351400.388722968
10375.0 6271599.982114534
10425.0 6178400.251609773
10475.0 6010000.059758917
10525.0 5944600.031666897
10575.0 5873200.171128751
10625.0 5784000.353549792
10675.0 5598000.050193703
10725.0 5578000.392387547
10775.0 5505200.069269342
10825.0 5425200.199564134
10875.0 5335999.87644388
10925.0 4740199.852984893
10975.0 5073399.866631789
11025.0 5141599.921236055
11075.0 5075399.992077424
11125.0 4986799.954643402
11175.0 4917999.961845677
11225.0 4853000.0135111455
11275.0 4694599.819473918
11325.0 4633800.032440477
11375.0 4619799.740234954
11425.0 4531400.0638012905
11475.0 4511400.058745502
11525.0 4450600.016005924
11575.0 4380200.255916647
11625.0 4267200.238550775
11675.0 4183399.929769641
11725.0 4200600.115561857
11775.0 4065200.012815555
11825.0 4043399.8363348795
11875.0 3963199.938967077
11925.0 3975400.147911063
11975.0 3881000.0048313695
12025.0 3850200.2448211983
12075.0 3787200.1575096757
12125.0 3739000.0772982184
12175.0 3699999.907165062
12225.0 3644400.068505805
12275.0 3588400.1570049967
12325.0 3544000.17315367
12375.0 3500799.946038492
12425.0 3462600.0698354184
12475.0 3404399.9472763455
12525.0 3360399.9178447756
12575.0 3293199.951426785
12625.0 3264200.1228795596
12675.0 3234600.1848418443
12725.0 3194599.9326904723
12775.0 3125999.9027042994
12825.0 2786600.098393448
12875.0 3052000.214606714
12925.0 3026399.9501997796
12975.0 2989000.085122753
13025.0 2952800.0961584626
13075.0 2916400.088779669
13125.0 2875399.991330096
13175.0 2827800.1409949157
13225.0 2804599.9637530753
13275.0 2767999.9992188984
13325.0 2734600.1733513437
13375.0 2699799.8591264905
13425.0 2664399.945672902
13475.0 2630800.0831621266
13525.0 2590199.9722564532
13575.0 2557200.0395531203
13625.0 2532000.1938835722
13675.0 2497199.9335571337
13725.0 2445200.0927689127
13775.0 2432800.004160123
13825.0 2405200.1114704846
13875.0 2382999.963825897
13925.0 2344000.0984027325
13975.0 2321200.09265599
14025.0 2293799.932325691
14075.0 2268200.1341889
14125.0 2237400.066238315
14175.0 2211799.948171164
14225.0 2183799.9498276724
14275.0 2156999.972084032
14325.0 2132600.021932246
14375.0 2109999.993945797
14425.0 2046400.0781795941
14475.0 2057399.9884348135
14525.0 2014200.0793992756
14570.0 2010800.0815937356
14620.0 1981999.9991554895
14675.0 1964400.0311935705
14725.0 1937400.04163431
14775.0 1907800.0362611343
14825.0 1891799.9948009793
14875.0 1862000.0507001714
14925.0 1854800.1018274832
14975.0 1828800.1083188963
15025.0 1795200.0465942423
15075.0 1775200.0187516569
15125.0 1759800.0093887222
15175.0 1741000.0929920787
15225.0 1742600.079051943
15275.0 1687399.9553117412
15325.0 1671600.0732898794
15375.0 1691199.918614299
15425.0 1611799.9882272142
15475.0 1661399.943566409
15525.0 1654600.0743623464
15575.0 1548600.1196305251
15625.0 1642799.9784791202
15675.0 1589000.093210991
15725.0 1507600.0505759355
15775.0 1591600.080716866
15825.0 1584200.0795469254
15875.0 1423000.0725717053
15925.0 1542400.002398125
15975.0 1548400.0634849116
16050.0 1509800.0007915134
16150.0 1418400.0436624698
16250.0 1468600.0313706151
16350.0 1415600.0182379412
16450.0 1327200.0311175245
16550.0 1373200.0480331127
16650.0 1344399.9532929668
16750.0 1297600.0300203087
16850.0 1218199.9830907364
16950.0 1260200.0582794198
17050.0 1229200.0538830769
17150.0 1207599.9732409227
17250.0 1175600.0007446522
17350.0 1082000.0105172596
17450.0 1120800.0036098782
17550.0 1105200.057369298
17650.0 1081400.0431562748
17750.0 1062600.0490834978
17850.0 1039600.0203877789
17950.0 1023079.9987688132
18050.0 997059.9819875268
18150.0 926860.0141861804
18250.0 952020.0203680666
18350.0 942500.0413187487
18450.0 924599.9910342759
18550.0 903840.0059588294
18650.0 887280.0061823692
18750.0 816480.0569725451
18850.0 850020.0164781462
18950.0 833419.9677430413
19050.0 823459.9798310403
19150.0 807540.0373506978
19250.0 791840.0300337573
19350.0 775419.9822732847
19450.0 718000.0265701081
19550.0 746960.0320779454
19650.0 734480.0088529176
19750.0 719200.0432154493
19850.0 707640.0220390585
19950.0 694740.0147017422
20050.0 682280.0106882789
20150.0 670079.9996746241
20250.0 657519.9936755435
20350.0 645280.0156358724
20450.0 634640.0218204645
20550.0 623200.0089793201
20650.0 611219.9755024445
20750.0 600719.97471561
20850.0 590419.9889779112
20950.0 579960.0251971586
21050.0 569560.0144221379
21150.0 558399.993450645
21250.0 548980.0146659935
21350.0 539520.0235982398
21450.0 531640.0362600484
21550.0 522099.9956758681
21650.0 485159.9946998791
21750.0 503060.0084151046
21850.0 496340.0169426484
21950.0 488539.9929159125
22050.0 479440.0002753334
22150.0 470820.0078439939
22250.0 464499.9949002251
22350.0 456760.0035230244
22450.0 449319.99892238574
22550.0 440679.9958017439
22650.0 434479.9837400113
22750.0 427540.0239467095
22850.0 420779.99880805827
22950.0 413699.99888194323
23050.0 407680.01602705946
23150.0 401120.0001909444
23250.0 394980.0190439531
23350.0 388700.0178261048
23450.0 382560.0008555183
23550.0 376600.0074435574
23650.0 370560.0181274753
23750.0 364780.00250684127
23850.0 358920.0225616329
23950.0 353260.0167143743
24050.0 347200.00153911643
24150.0 341340.00618884683
24250.0 338660.00841434544
24350.0 330700.00060576486
24450.0 325140.0047433272
24550.0 323520.0039714405
24650.0 316420.0046656247
24750.0 311840.00646237517
24850.0 310680.00404594466
24950.0 296919.99852629274
25050.0 302479.9984793443
25150.0 298180.00051030866
25250.0 282859.99616315507
25350.0 289460.01926422276
25450.0 286060.00470640487
25550.0 281080.01599205396
25650.0 265019.9984380215
25750.0 273540.0034323402
25850.0 269760.00370468904
25950.0 266800.0070278842
26050.0 261339.99076790953
26150.0 246060.0231976636
26250.0 240460.01466127113
26350.0 251000.0158939527
26450.0 248999.99928495963
26550.0 245319.99828129172
26650.0 240639.99755658177
26750.0 225300.0082356184
26850.0 234599.9997801322
26950.0 232240.00800335623
27050.0 228760.0149514657
27150.0 225880.0056263994
27250.0 222699.99688172332
27350.0 219619.9974799131
27450.0 216540.0104242227
27550.0 203140.00605694434
27650.0 207799.99803920242
27750.0 207900.00436770238
27850.0 205120.0057607767
27950.0 202440.00125668469
28050.0 199739.99692991664
28150.0 196980.00209398213
28250.0 194380.00999486
28350.0 191820.0042007211
28450.0 189099.9990732163
28550.0 186819.99933368017
28650.0 183059.99755861313
28750.0 172160.00571133255
28850.0 179179.99575331263
28950.0 177000.00530595865
29050.0 174920.00980596564
29150.0 172320.0035843462
29250.0 170340.00449263534
29350.0 168240.0014555051
29450.0 166060.00760539487
29550.0 163980.00293032883
29650.0 161900.00008901994
29750.0 159799.99515726138
29850.0 157819.99892410013
29950.0 155740.00784146826
30050.0 153760.00708492904
30150.0 151860.00349110027
30250.0 149879.99445410375
30350.0 142039.99808846368
30450.0 143620.00682667474
30550.0 144399.99942951387
30650.0 142620.00605322124
30750.0 140920.00922328103
30850.0 138940.00344170252
30950.0 137360.00071872413
31050.0 135660.00465247815
31150.0 133859.99964282732
31250.0 132380.00586426846
31350.0 130779.99992985529
31450.0 129200.00459285751
31550.0 127800.00298255717
31650.0 126319.99574983388
31750.0 124640.00579725485
31850.0 123340.00425149733
31950.0 121860.00630976379
32100.0 119660.00378071981
32300.0 116899.99620186225
32500.0 114200.00199209804
32700.0 111520.00414656218
32900.0 105460.0071805958
33100.0 105640.004257041
33300.0 103659.99836785544
33500.0 101382.0000209287
33700.0 98943.99898380999
33900.0 96786.00005524093
34100.0 94678.00682913765
34300.0 92686.00471655367
34500.0 90744.00463790931
34700.0 88754.00142865187
34900.0 86838.00346941834
35100.0 84979.9979451264
35300.0 83160.00180212678
35500.0 81311.99578101735
35700.0 79482.00087611319
35900.0 78178.00074970661
36100.0 76076.0019570475
36300.0 75010.00082082867
36500.0 72825.99738026908
36700.0 71974.00158575467
36900.0 69571.99820937675
37100.0 69017.99998614144
37300.0 66844.00020644054
37500.0 64079.99961287922
37700.0 64963.99963363578
37900.0 63744.00013760301
38100.0 61672.000826761076
38300.0 60807.99587615048
38500.0 60095.99748678956
38700.0 58841.99995877239
38900.0 57669.9995905422
39100.0 55296.00051517288
39300.0 55598.00247047222
39500.0 54579.999495556636
39700.0 53564.000112441005
39900.0 52430.00260051503
40100.0 50955.99962749377
40300.0 49538.001740473206
40500.0 48224.001010258995
40700.0 48635.9998471117
40900.0 47710.001075554545
41100.0 46890.00146354051
41300.0 46016.00016958283
41500.0 45128.00159613192
41700.0 43042.00166157681
41900.0 43460.000622246785
42100.0 42679.99919889221
42300.0 41970.001358060814
42500.0 41204.00036831282
42700.0 40470.00102528707
42900.0 39751.99788705223
43100.0 39038.0002029741
43300.0 38342.00151309654
43500.0 37666.0012663997
43700.0 36024.00101052055
43900.0 36216.00002778541
44100.0 35707.99939748707
44300.0 35101.99965547186
44500.0 34494.001928143894
44700.0 33977.99984208408
44900.0 33322.00178110952
45100.0 32766.001055251036
45300.0 32200.00030813186
45500.0 31664.000260687437
45700.0 31123.998489479956
45900.0 30598.001815454296
46100.0 30101.998939618992
46300.0 29576.0014267338
46500.0 28268.00018176615
46700.0 27772.00018942652
46900.0 28106.000727248324
47100.0 27695.99915913811
47300.0 27250.00097836506
47500.0 26794.00049951573
47700.0 26373.999691813846
47900.0 25956.00073823682
48100.0 25539.99995300478
48300.0 25141.99939043279
48500.0 24723.999281874796
48700.0 24348.000773804317
48900.0 23941.999320443992
49100.0 23590.00150594286
49300.0 23184.001292217512
49500.0 22875.999969700766
49700.0 22448.00151800132
49900.0 22170.001820654245
50100.0 21831.999531093254
50300.0 21406.000161572385
50500.0 21176.001404396477
50700.0 20858.001198427246
50900.0 20402.000111887177
51100.0 20192.00066068064
51300.0 19352.0005713492
51500.0 19606.001083351664
51700.0 19162.00010016616
51900.0 19048.00003177533
52100.0 18776.000328752907
52300.0 18506.000341388964
52500.0 18185.999983977694
52700.0 17768.000550516193
52900.0 17716.000859525484
53100.0 17467.99976288018
53300.0 17217.999839049975
53500.0 16970.00016158985
53700.0 16544.000048307207
53900.0 16336.000596879907
54100.0 16246.00039822361
54300.0 16016.000490125793
54500.0 15787.999559848002
54700.0 15558.000164477991
54900.0 15340.00027774082
55100.0 15084.0005851416
55300.0 14618.000449453462
55500.0 14704.000110956935
55700.0 14495.999836855946
55900.0 14285.99978386197
56100.0 14097.99974506719
56300.0 13908.000546522733
56500.0 13720.000032706786
56700.0 13530.000020388752
56900.0 13342.000242322698
57100.0 12847.999770507942
57300.0 12973.999509093745
57500.0 12814.000412246533
57700.0 12637.999846581057
57900.0 12467.999956823996
58100.0 12308.000304597672
58300.0 12130.000602885035
58500.0 11971.999520809659
58700.0 11812.000866109918
58900.0 11633.999959601211
59100.0 11178.000459510638
59300.0 11335.999673889468
59500.0 10928.000451397762
59700.0 11005.999989664808
59900.0 10918.000360734854
60100.0 10778.000324825482
60300.0 10639.999780401864
60500.0 10507.999884562425
60700.0 10370.000194719465
60900.0 10240.000281361901
61100.0 10102.000331410945
61300.0 9982.200559238427
61500.0 9855.999869271564
61700.0 9732.600412207901
61900.0 9609.399756384542
62100.0 9490.200021152112
62300.0 9367.599915930212
62500.0 9251.600331728785
62700.0 9127.399712795643
62900.0 8770.000492587873
63100.0 8892.800346908796
63300.0 8802.999695465724
63500.0 8694.800280428335
63700.0 8594.400605119876
63900.0 8485.600697052256
64200.0 8335.800364815152
64600.0 8137.600151876433
65000.0 7937.80006826022
65400.0 7761.399720138064
65800.0 7570.599975794121
66200.0 7394.400521081972
66600.0 7226.200222876895
67000.0 7059.200303990716
67400.0 6877.999716637295
67800.0 6631.00008708448
68200.0 6566.800286376109
68600.0 6439.000210646108
69000.0 6293.400057184305
69400.0 6128.0000647628785
69800.0 6015.199753049236
70200.0 5883.000436167852
70600.0 5751.800146075592
71000.0 5600.200247351466
71400.0 5505.199968058017
71800.0 5386.000236770985
72200.0 5266.399774909128
72600.0 5123.200118238712
73000.0 5044.19990233138
73400.0 4939.6000176206635
73800.0 4832.399919056159
74200.0 4722.999951881766
74600.0 4550.000025005854
75000.0 4389.400057683881
75400.0 4431.999917205501
75800.0 4347.400097761234
76200.0 4264.799906055965
76600.0 4178.200317665343
77000.0 4094.600306739431
77400.0 4008.60004991617
77800.0 3884.5999838154794
78200.0 3851.4002517875365
78600.0 3777.400243097102
79000.0 3702.8000514278133
79400.0 3630.200066515431
79800.0 3558.7999346087868
80200.0 3489.1999986595124
80600.0 3422.4001412814073
81000.0 3356.800072440429
81400.0 3251.0001460666176
81800.0 3220.0000907464287
82200.0 3167.9999937114058
82600.0 3108.4000443535547
83000.0 3049.599927792601
83400.0 2991.8000006113616
83800.0 2934.399856654175
84200.0 2881.6001098767515
84600.0 2829.000127785832
85000.0 2775.4000664018204
85400.0 2726.3999667482167
85800.0 2673.99999337896
86200.0 2627.200068688661
86600.0 2539.2000190567655
87000.0 2531.6000026803936
87400.0 2464.600003938974
87800.0 2422.8000529186825
88200.0 2401.4002030065094
88600.0 2354.7999967854917
89000.0 2317.0000976165
89400.0 2277.000072988341
89800.0 2237.2000097565474
90200.0 2197.5999907487558
90600.0 2156.000075823798
91000.0 2122.999989384569
91400.0 2086.199972383099
91800.0 2051.3999381401186
92200.0 2016.6000016345797
92600.0 1974.0001877918469
93000.0 1948.9999517071465
93400.0 1916.2000424300766
93800.0 1853.0000788449222
94200.0 1848.599943585352
94600.0 1822.5999815078999
95000.0 1788.0000261939329
95400.0 1756.2000140697733
95800.0 1734.2000060081314
96200.0 1705.4001282342695
96600.0 1678.400001382166
97000.0 1650.8000424829445
97400.0 1623.8000911539095
97800.0 1598.0001152533011
98200.0 1571.0000414699064
98600.0 1537.6000300245562
99000.0 1523.400020811323
99400.0 1499.3999912659588
99800.0 1475.6000621860742
100200.0 1451.8000583069895
200000.0 93.42600304651806
400000.0 5.824599985749319
600000.0 1.1410000321171232
800000.0 0.35837999971685536
1000000.0 0.14582000447893845
1200000.0 0.06988200228818488
1400000.0 0.03752399834832309
1600000.0 0.021893999924986998
