wave flux
90.9000015258789 0.0
93.5 0.0
96.0999984741211 0.0
97.69999694824219 0.0
99.5999984741211 0.0
102.0 0.0
103.80000305175781 0.0
105.5999984741211 0.0
107.69999694824219 0.0
110.4000015258789 0.0
114.0 0.0
117.80000305175781 0.0
121.30000305175781 0.0
124.80000305175781 0.0
127.0999984741211 0.0
128.39999389648438 0.0
130.5 0.0
132.39999389648438 0.0
133.89999389648438 0.0
136.60000610351562 0.0
139.8000030517578 0.0
143.3000030517578 0.0
147.1999969482422 0.0
151.0 0.0
155.1999969482422 0.0
158.8000030517578 0.0
162.0 0.0
166.0 0.0
170.3000030517578 0.0
173.39999389648438 0.0
176.8000030517578 0.0
180.1999969482422 0.0
181.6999969482422 0.0
186.10000610351562 0.0
191.0 0.0
193.89999389648438 0.0
198.39999389648438 0.0
201.8000030517578 0.0
205.0 0.0
210.5 0.0
216.1999969482422 0.0
219.8000030517578 1.3529999568107637e-23
223.0 5.511920405371851e-23
226.8000030517578 2.1834798640324535e-22
230.0 6.100800148423047e-22
234.0 2.065160009733175e-21
240.0 1.1875600691456426e-20
246.5 7.239200769872756e-20
252.39999389648438 3.469400103103099e-19
256.79998779296875 1.0696000372786298e-18
260.0 2.374800107362688e-18
264.0 6.2760000788369134e-18
268.5 1.8032400809097458e-17
273.5 5.602400314203438e-17
278.5 1.6883200768873781e-16
284.0 5.434399996476059e-16
290.0 1.8534000163537777e-15
296.0 6.000400628211851e-15
301.0 1.5543599655534657e-14
308.0 5.612000102708396e-14
318.0 3.199800027239343e-13
328.0 1.6519199001473773e-12
338.0 7.769199858502515e-12
348.0 3.364800180517585e-11
357.0 1.1943999729066268e-10
366.0 3.943799904280821e-10
375.0 1.227200040032664e-09
385.0 4.0966000500598375e-09
395.0 1.2840000876779827e-08
405.0 3.827599977035813e-08
414.0 9.778800252353746e-08
422.0 2.1766000692786202e-07
430.0 4.6826001154231107e-07
441.0 1.3005999911372837e-06
451.0 3.1368000796417043e-06
460.0 6.708999599020582e-06
470.0 1.507440043261576e-05
480.0 3.278400079734748e-05
490.0 6.910799959755978e-05
500.0 0.0001411440109577502
506.0 0.0009387199649861896
512.0 0.0018964800461929096
520.0 0.0030124000849524493
530.0 0.0052910003363445465
540.0 0.008939200015064054
550.0 0.015382000253800336
560.0 0.025448001146086863
570.0 0.041552001884991266
580.0 0.06458200241225369
590.0 0.10407200329572648
600.0 0.16120800661108176
610.0 0.24792001725698548
620.0 0.3728800043032265
630.0 0.5556599910850015
640.0 0.8107600226130641
650.0 1.18564005575232
658.0 1.5865600020399038
665.0 2.0280000646261414
675.0 2.8608001568480876
685.0 4.005000140406411
695.0 5.570200097149846
705.0 7.624000292271569
716.0 10.701999888578122
726.0 14.43120112130112
735.0 18.710000086881113
745.0 24.8280001503469
755.0 32.68200182198238
765.0 42.65199846732248
775.0 55.430001172013306
785.0 71.47400120028125
795.0 91.01999934407593
805.0 116.03999747801114
815.0 146.78000333978386
825.0 184.32000035654968
835.0 228.66000481806574
845.0 285.9799980581592
855.0 352.94000156119245
865.0 434.4600106868844
875.0 529.8200150505317
885.0 646.4599924908035
895.0 782.7199740166664
905.0 936.2800122790471
915.0 13522.000638272859
925.0 88544.00362193616
935.0 141560.00000827928
945.0 274360.00910980446
955.0 870000.0027590157
965.0 1328439.9796812849
975.0 509100.00108573225
985.0 4904199.989523834
995.0 7947600.50294933
1005.0 8982400.16938217
1015.0 3952200.127449193
1025.0 619980.0287616502
1035.0 2787200.0055710585
1045.0 12985600.35690219
1055.0 20767999.604878474
1065.0 20307999.52875175
1075.0 26828000.9317056
1085.0 28334000.208422948
1095.0 31626000.29534097
1105.0 53614000.80424088
1115.0 161800006.61347553
1125.0 192940008.13272431
1135.0 228780010.10161576
1145.0 202680006.13298088
1155.0 239639997.09267408
1165.0 261580017.2682001
1175.0 237059997.4852204
1185.0 182859997.99093506
1195.0 15218000.263939587
1205.0 11536000.09512037
1215.0 1406400.0195845843
1225.0 7028800.39720501
1235.0 83251998.30414094
1245.0 229439999.0227597
1255.0 334639999.8996239
1265.0 243499994.04211926
1275.0 392539995.4580908
1285.0 487700025.47493476
1295.0 384300009.6282113
1305.0 216460018.1559873
1315.0 422180015.3397955
1325.0 472240014.8033347
1335.0 409660018.291693
1345.0 515900023.9143408
1355.0 482640021.24228126
1365.0 414419999.70470315
1375.0 472640013.34077275
1385.0 475520016.1304224
1395.0 482860002.22262967
1405.0 480160002.99855125
1415.0 443240016.9560056
1425.0 475359986.13268685
1435.0 435979999.72258735
1442.0 489079999.02046263
1447.0 521260022.9154175
1455.0 509840031.0585023
1465.0 467960010.7025813
1475.0 440039994.1876997
1485.0 461519997.5943348
1495.0 492420010.71411324
1505.0 483439988.7763414
1512.0 440560008.0952051
1517.0 483719997.4847416
1525.0 444879997.5108798
1535.0 413139994.8984523
1545.0 468759993.7889089
1555.0 410460013.07507867
1565.0 378499999.47041434
1575.0 399960012.0569544
1585.0 439719996.6403141
1595.0 454240023.3216467
1605.0 425100018.19466835
1615.0 428480005.49714214
1625.0 390340003.5797549
1635.0 405180020.5643195
1645.0 417700018.89597255
1655.0 364980002.5971968
1665.0 406179986.8964866
1672.0 321859991.21174484
1677.0 387359998.20744294
1685.0 424620007.429743
1695.0 397239985.9463113
1705.0 372379996.87819517
1715.0 352980001.1603802
1725.0 348240015.0739825
1735.0 367380003.31795156
1745.0 363640003.5504798
1755.0 396000009.29007614
1765.0 341880001.9345858
1775.0 371660002.02566695
1785.0 375259991.26124954
1795.0 401439972.6334176
1805.0 386360024.205126
1815.0 376960002.74308866
1825.0 365859989.50357693
1835.0 351480009.4390047
1845.0 327700015.1426099
1855.0 333440007.72973514
1865.0 335360012.4926578
1875.0 360559998.3245567
1885.0 346139988.35259175
1895.0 336839995.0323391
1905.0 334860007.6123368
1915.0 336580006.6586649
1925.0 335880010.00540817
1935.0 337540008.6544522
1945.0 344100002.285264
1955.0 332399998.1749229
1967.0 350559988.4526253
1976.0 353620019.2780426
1984.0 338160012.1554619
1995.0 323460005.702663
2005.0 328439991.9829982
2015.0 305839991.3786518
2025.0 322160021.88481927
2035.0 313940002.32261544
2045.0 322619998.06969595
2055.0 305879998.540745
2065.0 304520007.58897525
2074.0 314900001.2071493
2078.0 316939996.04784065
2085.0 317800003.7758647
2095.0 303160026.963784
2105.0 299459998.9251563
2115.0 298220002.0803811
2125.0 300480005.28226465
2135.0 265960004.4197835
2145.0 288220014.718574
2155.0 293280005.97045046
2165.0 278519997.69230545
2175.0 272720009.7946779
2185.0 268679997.0235544
2195.0 282760002.18886733
2205.0 270700002.42489713
2215.0 252000008.04594308
2225.0 241900001.91162023
2235.0 265120001.2624197
2245.0 240280000.78523403
2255.0 235120005.01993918
2265.0 240180003.7439341
2275.0 251119994.69993952
2285.0 256359998.97751716
2295.0 243900004.24170804
2305.0 233160010.0038649
2315.0 223340002.49099103
2325.0 222880008.6379309
2335.0 210159999.52460703
2345.0 199640012.60492736
2355.0 217400000.0052975
2365.0 197140006.83835587
2375.0 204580007.38793543
2385.0 184920008.3475726
2395.0 203359999.1872767
2405.0 191820005.5958203
2415.0 196759999.10251066
2425.0 205439994.42272672
2435.0 195220000.91648495
2445.0 209159998.40177107
2455.0 200420010.71281087
2465.0 201100004.48272237
2475.0 192299990.27079248
2485.0 204839997.00567964
2495.0 197519997.07864714
2505.0 212280004.6509133
2513.0 194220008.65418592
2518.0 199440007.86577767
2525.0 186360008.1409616
2535.0 186940003.8140333
2545.0 183860005.5699391
2555.0 193199997.44552755
2565.0 190360001.8332349
2575.0 202740005.80412406
2585.0 200500002.96834293
2595.0 198620003.50534537
2605.0 189720007.20832628
2615.0 188699996.787123
2625.0 194380000.3902489
2635.0 195339994.50091705
2645.0 209479994.77960396
2655.0 205399996.29178026
2665.0 190860008.5234867
2675.0 198600000.12196273
2685.0 195759995.25299528
2695.0 189560004.67021784
2705.0 193839998.7357915
2715.0 185160004.57671145
2725.0 186420010.2861477
2735.0 197300008.20571724
2745.0 173600009.19107035
2755.0 172479998.5086021
2765.0 177180004.253053
2775.0 186239998.53366703
2785.0 184900006.56977978
2795.0 159360004.6181302
2805.0 172380005.87588638
2815.0 187179998.52912816
2825.0 187460008.03371233
2835.0 179180002.6082183
2845.0 172820008.27708808
2855.0 171040000.7826767
2865.0 178279999.35857913
2875.0 173080001.99710068
2885.0 176160000.81952572
2895.0 170980006.99353176
2910.0 182740008.43563446
2930.0 175480009.51077104
2950.0 174559995.74280965
2970.0 174240005.2733382
2990.0 173220001.62277153
3010.0 175439998.59845394
3030.0 172759999.15960956
3050.0 169720004.2173876
3070.0 167100009.90206698
3090.0 167339998.1190622
3110.0 163000006.22029337
3130.0 161180006.19445994
3150.0 161160002.62309033
3170.0 158740003.64237165
3190.0 153540001.16880873
3210.0 155000005.3741315
3230.0 152320000.7360848
3250.0 151459997.1741483
3270.0 150639999.0676352
3290.0 149720008.22001624
3310.0 148960001.31007558
3330.0 145979999.52751487
3350.0 143459998.6093482
3370.0 142340002.4484516
3390.0 140219999.26327783
3410.0 140559997.22059682
3430.0 139040003.50832137
3450.0 137720003.5680495
3470.0 135600007.002815
3490.0 134240002.12135518
3510.0 133820000.47130184
3530.0 132960007.98617621
3550.0 131640000.97069511
3570.0 129880008.15049656
3590.0 128460002.46169044
3610.0 127200001.83985867
3630.0 125680002.29774684
3640.0 125219998.99789265
3650.0 126720005.14002426
3670.0 125500006.04806249
3690.0 120979999.66909897
3710.0 121859999.15755987
3730.0 123340002.8923763
3750.0 153499999.61393172
3770.0 161099992.35927832
3790.0 190760002.87069157
3810.0 215060001.9498215
3830.0 174520007.5620781
3850.0 227659994.37628344
3870.0 248020018.67856437
3890.0 154960001.65232646
3910.0 243500005.41743982
3930.0 248219999.14935905
3950.0 239559997.43926144
3970.0 146400001.96367708
3990.0 228820014.08862835
4010.0 239140000.24729007
4030.0 233720004.78137675
4050.0 234320009.36094618
4070.0 226900005.09008718
4090.0 190300004.14847925
4110.0 150040002.46234256
4130.0 212680003.6496825
4150.0 217120003.2665835
4170.0 214420007.89969647
4190.0 212100004.1472456
4210.0 209540001.71742687
4230.0 205980011.43716997
4250.0 202720005.12680754
4270.0 198899997.099195
4290.0 196599994.66595212
4310.0 189840002.8196195
4330.0 153580005.8177158
4350.0 132359999.85898872
4370.0 181540013.43332627
4390.0 180519997.2268544
4410.0 180820008.09394348
4430.0 178000013.29013416
4450.0 176699997.9210474
4470.0 172500008.1127579
4490.0 169360004.41203237
4510.0 168800002.4399535
4530.0 166299996.73720983
4550.0 162880000.51759294
4570.0 162680009.7000273
4590.0 159260007.86733055
4610.0 158800003.1863139
4630.0 154939995.44722685
4650.0 154539998.39976496
4670.0 152080002.24961716
4690.0 149920002.7713136
4710.0 146300007.32766595
4730.0 146200003.3177922
4750.0 144039999.3957284
4770.0 142579999.8611217
4790.0 140380001.26578063
4810.0 137720001.5726948
4830.0 133559999.27973497
4850.0 111439999.61215568
4870.0 92352003.13652036
4890.0 127040001.37010358
4910.0 128780006.6489628
4930.0 126859998.7793207
4950.0 126460000.04118198
4970.0 125260002.3122184
4990.0 123400000.53557453
5010.0 120380004.73288281
5030.0 119780005.7156365
5050.0 117220001.93537001
5070.0 117119999.54302818
5090.0 115659997.04925609
5110.0 113959997.33359753
5130.0 112959996.437467
5150.0 111040006.38500977
5170.0 109239996.60647103
5190.0 108240006.9561243
5210.0 106919998.19481608
5230.0 105320004.853678
5250.0 104720004.4779958
5270.0 102660005.11285299
5290.0 102460000.29400809
5310.0 100512003.07444492
5330.0 99807999.82820933
5350.0 98836000.53037445
5370.0 97632001.97025695
5390.0 96462002.4453317
5410.0 95111998.3920808
5430.0 94106001.03675182
5450.0 93172003.10937385
5470.0 91966003.36735916
5490.0 90978000.71237913
5510.0 89867999.63852522
5530.0 88959996.98921102
5550.0 87960000.0823744
5570.0 86946004.76581614
5590.0 85972003.4514293
5610.0 85097999.24485753
5630.0 84140001.43845786
5650.0 82941997.90638159
5670.0 82074005.55780691
5690.0 81276001.66798186
5710.0 80388000.45158555
5730.0 79494000.42695618
5750.0 78585999.12055218
5770.0 77722000.87230952
5790.0 76762001.6618406
5810.0 75954001.06582858
5830.0 75136002.5626093
5850.0 74317998.28673795
5870.0 73061999.22029686
5890.0 72506001.04498488
5910.0 71882001.2445919
5930.0 71150002.75997794
5950.0 70114003.1153055
5970.0 69511998.85402954
5990.0 68627997.94711785
6010.0 68081998.3848855
6030.0 67363999.50682619
6050.0 66610001.7145152
6070.0 65901998.88990625
6090.0 65204003.08883432
6110.0 64536001.763993226
6130.0 63833999.30563237
6150.0 62745998.836264715
6170.0 62478000.907677926
6190.0 61855997.7798023
6210.0 61208003.86625189
6230.0 60514005.49428522
6250.0 59626000.8928322
6270.0 59309999.91034099
6290.0 58682002.90454183
6310.0 58010001.73317537
6330.0 57462002.642771326
6350.0 56332000.73779818
6370.0 55940000.620951414
6390.0 55694001.367447495
6410.0 55082000.824705295
6430.0 54580001.2463764
6450.0 53828000.476215445
6470.0 53462001.040777616
6490.0 52723998.8418866
6510.0 52042000.3012906
6530.0 50910001.23637568
6550.0 45804002.75263188
6570.0 37822000.490223415
6590.0 48536000.21886498
6610.0 49392001.9406096
6630.0 49154002.63610449
6650.0 48797999.61184735
6670.0 48304001.91974487
6690.0 47852001.83230193
6710.0 47446001.9035693
6730.0 46953998.30967522
6750.0 46518000.01753065
6770.0 46075999.864626646
6790.0 45614000.83106658
6810.0 45182001.771503046
6830.0 44720001.16238444
6850.0 44298000.0468555
6870.0 43882000.255210094
6890.0 43469998.678700484
6910.0 43037999.288041286
6930.0 42602000.79425943
6950.0 42230001.96437445
6970.0 41834000.73502106
6990.0 41452000.09378962
7010.0 41005999.991647944
7030.0 40674000.12112311
7050.0 40222003.29838096
7070.0 39854001.20613029
7090.0 39544001.57153426
7110.0 39108001.59849612
7130.0 38782002.19187929
7150.0 38430001.84740808
7170.0 38083999.69960863
7190.0 37742000.90785608
7210.0 37396000.719072
7230.0 37020000.61981174
7250.0 36684001.113532566
7270.0 36371999.574528486
7290.0 36030001.562310845
7310.0 35704000.59744436
7330.0 35387999.78251893
7350.0 35082000.68987157
7370.0 34766000.07437732
7390.0 34449999.79133355
7410.0 34127999.72678448
7430.0 33762000.97395091
7450.0 33496000.764840834
7470.0 33150000.9572616
7490.0 32898000.216630537
7510.0 32602000.092635106
7530.0 32345999.694411427
7550.0 32060001.421841603
7570.0 31778001.487051815
7590.0 31498001.096978392
7610.0 31232000.54077869
7630.0 30946001.70725062
7650.0 30670000.825493347
7670.0 30404001.69757626
7690.0 30142000.927370083
7710.0 29872000.111724045
7730.0 29620001.74508784
7750.0 29364001.712610457
7770.0 28677999.919560015
7790.0 28862000.260060176
7810.0 28622000.643068865
7830.0 28369999.919802766
7850.0 28074000.706029825
7870.0 27778000.611416932
7890.0 27482001.303623024
7910.0 27401999.11323138
7930.0 27186000.166532762
7950.0 26860000.09703053
7970.0 26734000.37805931
7990.0 26304001.10398732
8010.0 26281999.916694645
8030.0 26062000.1053915
8050.0 25846000.43273641
8070.0 25630001.231696047
8090.0 25414000.338907998
8110.0 25194001.098491646
8130.0 24991999.305548955
8150.0 24785999.928689808
8170.0 24585999.809137076
8190.0 24340000.716189314
8210.0 24188000.22004954
8230.0 23951999.327277534
8250.0 23888001.952076785
8270.0 23746000.644399658
8290.0 23520000.101784587
8310.0 23380000.625853308
8330.0 23164000.638063576
8350.0 23008000.98399995
8370.0 22818000.648746915
8390.0 22611999.847711857
8410.0 22375999.04074833
8430.0 22160000.306396678
8450.0 21790000.165928777
8470.0 21500000.751072574
8490.0 21723999.735175267
8510.0 20838000.544003632
8530.0 21637999.595559783
8550.0 19836001.06003477
8570.0 21722000.734794483
8590.0 20220000.178967744
8610.0 19743999.749739565
8630.0 21769999.758168716
8650.0 20844000.930845186
8670.0 17695999.659900267
8690.0 21227999.49142904
8710.0 21891999.352942593
8730.0 21012000.979626227
8750.0 16838000.052177295
8770.0 19956000.58856523
8790.0 21544000.581627455
8810.0 21614000.74154002
8830.0 21078000.278052513
8850.0 18888000.737560786
8870.0 16149999.567132153
8890.0 20042000.68218392
8910.0 20756000.640399165
8930.0 20739999.977289964
8950.0 20664000.726798613
8970.0 20349999.241286464
8990.0 19470000.31227207
9010.0 15722000.788132733
9030.0 17038000.522419367
9050.0 19328000.465524312
9070.0 19502000.213603977
9090.0 19422000.39575483
9110.0 19435999.691310316
9130.0 19299999.759728495
9150.0 19184000.47365572
9170.0 18934000.12927173
9190.0 18494000.98443982
9210.0 17309999.990385685
9230.0 13709999.948198117
9250.0 16627999.356123757
9270.0 17612000.022768136
9290.0 18062000.633136876
9310.0 18035999.101771295
9330.0 17910001.334930714
9350.0 17826000.34798542
9370.0 17710000.87359779
9390.0 17530001.087257963
9410.0 17264000.38946001
9430.0 17274001.11542503
9450.0 17138001.018554214
9470.0 16968000.08858905
9490.0 16758000.512118764
9510.0 16368000.139107779
9530.0 15058000.312171703
9550.0 12304000.360722488
9570.0 15142000.679875944
9590.0 15962000.0482441
9610.0 16035999.71178242
9630.0 15839999.570911886
9650.0 15909999.824243164
9670.0 15774000.075616287
9690.0 15704000.067981334
9710.0 15604000.536185447
9730.0 15488000.79881419
9750.0 15368000.2074645
9770.0 15261999.866727877
9790.0 15148000.726469554
9810.0 15031999.935504807
9830.0 14905999.854234386
9850.0 14805999.634187093
9870.0 14696001.029950762
9890.0 14565999.8810636
9910.0 14490000.63256359
9930.0 14379999.886313388
9950.0 14249999.562942747
9970.0 14124000.350481385
9990.0 13964000.234778468
10025.0 12794000.078899456
10075.0 12152000.491661144
10125.0 13272000.647458833
10175.0 13162000.509300807
10225.0 12956000.42312972
10275.0 12730000.743685199
10325.0 12504000.048388764
10375.0 12293999.688833872
10425.0 12084000.100906009
10475.0 11867999.881392188
10525.0 11662000.406558953
10575.0 11472000.46997704
10625.0 11286000.271795148
10675.0 11030000.020390145
10725.0 10890000.060876703
10775.0 10713999.980043514
10825.0 10504000.199150156
10875.0 10257999.918300152
10925.0 8821800.053906437
10975.0 9500400.09094744
11025.0 9815399.846744651
11075.0 9705400.115958052
11125.0 9554999.99191243
11175.0 9401000.237708965
11225.0 9251600.505026802
11275.0 9043799.86068252
11325.0 8917799.928592319
11375.0 8813799.808497803
11425.0 8673400.45317909
11475.0 8541000.190679964
11525.0 8408200.208388964
11575.0 8275800.476330195
11625.0 8131400.305024459
11675.0 8002199.89523774
11725.0 7896200.10906483
11775.0 7742400.280770671
11825.0 7649600.127790955
11875.0 7528800.341504813
11925.0 7426799.96545798
11975.0 7308199.67576309
12025.0 7202799.997644101
12075.0 7093400.023806962
12125.0 6987200.1474658195
12175.0 6884800.045539738
12225.0 6782000.147820232
12275.0 6679800.268356421
12325.0 6582000.016835904
12375.0 6486200.052622002
12425.0 6393999.979066093
12475.0 6289200.006819565
12525.0 6208000.013020798
12575.0 6110200.061790918
12625.0 6027000.299934183
12675.0 5940400.003470582
12725.0 5833600.346584261
12775.0 5625000.177040086
12825.0 4922600.079635183
12875.0 5508000.24717625
12925.0 5514200.1459727
12975.0 5454800.097280997
13025.0 5380600.071978482
13075.0 5305400.206680513
13125.0 5231800.223831428
13175.0 5151600.0416933345
13225.0 5088400.0632640375
13275.0 5018200.159712993
13325.0 4949999.940069444
13375.0 4881800.126633805
13425.0 4814599.979663075
13475.0 4749400.218140937
13525.0 4683199.958772702
13575.0 4621600.1054097535
13625.0 4559400.195584416
13675.0 4496800.071771588
13725.0 4436600.075394234
13775.0 4380400.102908068
13825.0 4322800.064741941
13875.0 4266000.046946578
13925.0 4209000.127513196
13975.0 4154799.952217749
14025.0 4100600.011716786
14075.0 4047000.075476633
14125.0 3994400.1420841604
14175.0 3943199.9594025547
14225.0 3891999.8773885826
14275.0 3842399.957038699
14325.0 3792800.096002717
14375.0 3744200.146559753
14425.0 3688599.9893283434
14475.0 3649400.083685213
14525.0 3600799.8908586674
14570.0 3562600.0075216363
14620.0 3524000.039050836
14675.0 3477400.149491588
14725.0 3434199.944813222
14775.0 3389600.084595056
14825.0 3350999.9275577306
14875.0 3308400.112582347
14925.0 3270800.003619453
14975.0 3230200.1144363424
15025.0 3190600.11847771
15075.0 3151000.0574960764
15125.0 3113399.975720309
15175.0 3074799.854801947
15225.0 3037600.0044904393
15275.0 2996600.162575001
15325.0 2957000.0224523116
15375.0 2928400.2238848405
15425.0 2873800.0932777417
15475.0 2857799.95685605
15525.0 2821600.011959418
15575.0 2747600.0752609014
15625.0 2783000.0497346385
15675.0 2699400.0933026406
15725.0 2632800.120965578
15775.0 2698200.094750333
15825.0 2660600.0728146983
15875.0 2472599.9521248406
15925.0 2567000.076831528
15975.0 2594800.0738755725
16050.0 2514800.031729734
16150.0 2377599.9086942147
16250.0 2456399.9663756336
16350.0 2342799.9892135044
16450.0 2211200.104886105
16550.0 2301000.0098001803
16650.0 2251800.0597013677
16750.0 2136799.933669183
16850.0 2015200.0846907427
16950.0 2104000.08088011
17050.0 2063800.0071366807
17150.0 2019200.061025054
17250.0 1964200.1037202168
17350.0 1772200.0253879444
17450.0 1863400.0531374763
17550.0 1849400.0164114987
17650.0 1811799.9992790436
17750.0 1773599.9793541087
17850.0 1736599.98380722
17950.0 1700999.9850978665
18050.0 1655400.03812248
18150.0 1507399.9664853972
18250.0 1560799.9733526907
18350.0 1562599.9900272684
18450.0 1533600.042380538
18550.0 1500600.011864804
18650.0 1462400.0341381913
18750.0 1331400.0216702807
18850.0 1401800.032619164
18950.0 1384800.1044284012
19050.0 1358600.0229865527
19150.0 1331600.0526133575
19250.0 1304999.9928748317
19350.0 1268999.9859853834
19450.0 1152400.031822407
19550.0 1220399.9979980388
19650.0 1207800.0225167575
19750.0 1185199.9814616984
19850.0 1162599.9895107353
19950.0 1140600.033892221
20050.0 1119600.013476469
20150.0 1098000.005096242
20250.0 1077999.9770983984
20350.0 1058000.0153889146
20450.0 1038399.997074576
20550.0 1019400.0512107154
20650.0 1000759.9810553154
20750.0 982560.0422575464
20850.0 964760.0527015644
20950.0 947360.0453343778
21050.0 930340.0007181166
21150.0 913439.9942724205
21250.0 897260.0297361937
21350.0 881220.0481711111
21450.0 865420.0575703048
21550.0 844459.971720086
21650.0 771380.018859741
21750.0 810700.0302907352
21850.0 806300.0219376727
21950.0 793359.9756960415
22050.0 779780.0486489132
22150.0 766400.0233288507
22250.0 753420.0125667413
22350.0 740680.0209950872
22450.0 728160.0222015741
22550.0 715920.0112697143
22650.0 704000.0112289254
22750.0 692220.025027816
22850.0 681340.0428594853
22950.0 670119.9937220074
23050.0 659240.0320760292
23150.0 648460.0333089504
23250.0 637940.0068492827
23350.0 627660.0208929325
23450.0 617540.0000023635
23550.0 607719.9929410444
23650.0 597999.9887704283
23750.0 588480.0119868845
23850.0 579099.9775691447
23950.0 569980.0170954871
24050.0 560759.9959628779
24150.0 551839.993034062
24250.0 543420.0318766962
24350.0 534740.0118914576
24450.0 526080.0414750384
24550.0 518360.0155021735
24650.0 509699.9828109683
24750.0 501919.97892116115
24850.0 495460.0007202385
24950.0 484139.99948435626
25050.0 480680.0146454443
25150.0 473560.02156724123
25250.0 460100.0270888744
25350.0 458819.9952577545
25450.0 453760.00612818246
25550.0 444940.00449693674
25650.0 429340.00244457426
25750.0 432620.00415010913
25850.0 428000.0182656222
25950.0 421479.9982910218
26050.0 410380.0294626968
26150.0 392820.0091718413
26250.0 373299.9939417074
26350.0 392640.01533303055
26450.0 392060.0153559747
26550.0 386799.9921635483
26650.0 378300.0232903154
26750.0 356040.0014791815
26850.0 367520.0173084514
26950.0 365800.02265815245
27050.0 361679.9968529438
27150.0 356620.0026574091
27250.0 351619.9995939338
27350.0 346260.0012511571
27450.0 339400.01640805305
27550.0 318039.9955018451
27650.0 322980.0060336899
27750.0 326519.9897977066
27850.0 323299.9867355533
27950.0 318840.0149335227
28050.0 314480.0010509622
28150.0 310219.995175581
28250.0 305960.0004176715
28350.0 301860.00564507383
28450.0 297740.00634559995
28550.0 292740.0072383272
28650.0 283540.01329863555
28750.0 267220.0076806192
28850.0 279559.99484461645
28950.0 277960.0031194299
29050.0 274740.0048978097
29150.0 271080.011107571
29250.0 267579.99899481505
29350.0 264019.9914182633
29450.0 260619.99853710327
29550.0 257260.00846722504
29650.0 253900.00778364317
29750.0 250639.99547336172
29850.0 247380.00245325107
29950.0 244220.0068648771
30050.0 241120.00164421857
30150.0 237760.01034834955
30250.0 233459.99719838292
30350.0 219360.00897466324
30450.0 220700.0132158891
30550.0 225040.0100542204
30650.0 223280.00320095048
30750.0 220519.99400869926
30850.0 217720.00377911475
30950.0 215060.00483562594
31050.0 212460.0050608901
31150.0 209800.00758287165
31250.0 207200.00968225626
31350.0 204640.00354808927
31450.0 202180.00206822614
31550.0 199680.00863340357
31650.0 197280.00932822475
31750.0 194860.00093857438
31850.0 192520.0065318645
31950.0 190200.00502453692
32100.0 186800.0022222853
32300.0 182340.0020066363
32500.0 178080.01073907103
32700.0 173620.01140732918
32900.0 162360.00408655952
33100.0 163499.9988708636
33300.0 161639.99602968924
33500.0 158040.00022049082
33700.0 154480.0061533505
33900.0 151020.00656083282
34100.0 147620.00514346117
34300.0 144300.002003748
34500.0 141100.00208932566
34700.0 137999.99722558307
34900.0 134939.99917741804
35100.0 131980.00498835967
35300.0 129120.00675174629
35500.0 126319.99540660686
35700.0 123560.00429519317
35900.0 121000.00739555848
36100.0 118300.00345487236
36300.0 115900.00420367742
36500.0 113340.0016880331
36700.0 111140.00400222838
36900.0 108479.99987787099
37100.0 106420.00148518836
37300.0 102119.99769422662
37500.0 98916.00077792545
37700.0 100044.00571858378
37900.0 98161.9977352034
38100.0 95661.99853206368
38300.0 93824.00055759148
38500.0 92430.00171716261
38700.0 90610.00525817991
38900.0 88571.99929689971
39100.0 85824.00322714224
39300.0 85274.00238739995
39500.0 83720.00398149816
39700.0 82122.00597193147
39900.0 80474.00016664679
40100.0 78045.99846161575
40300.0 76167.99732107582
40500.0 73120.00063156364
40700.0 74311.99950089313
40900.0 73254.00403967648
41100.0 71890.00194952963
41300.0 70536.00270906383
41500.0 68899.99961248982
41700.0 65718.00313970051
41900.0 66313.9990818107
42100.0 65445.99977817481
42300.0 64248.00046371954
42500.0 63080.00081767449
42700.0 61934.00090518599
42900.0 60816.0006678361
43100.0 59718.00248860783
43300.0 58646.00220873891
43500.0 57463.998744264754
43700.0 54717.999187073416
43900.0 54846.0018893527
44100.0 54558.00193303342
44300.0 53636.00038390929
44500.0 52704.002559054876
44700.0 51852.00039616746
44900.0 50890.00194578657
45100.0 50018.002101848455
45300.0 49152.00168528466
45500.0 48313.99948160959
45700.0 47487.9994236923
45900.0 46676.00157104167
46100.0 45860.001847048894
46300.0 44948.0020785032
46500.0 42406.001085554606
46700.0 41760.00036567102
46900.0 42543.99968045345
47100.0 42152.000583175424
47300.0 41500.00188715008
47500.0 40824.00031959626
47700.0 40171.999817210875
47900.0 39522.00060413375
48100.0 38884.002417633994
48300.0 38257.998904686756
48500.0 37642.00019726731
48700.0 37046.00216643465
48900.0 36454.00001496626
49100.0 35873.99998797001
49300.0 35307.99988957942
49500.0 34756.00169560204
49700.0 34200.00214972657
49900.0 33674.00046209277
50100.0 33148.00158578095
50300.0 32622.000059415695
50500.0 32130.00114468748
50700.0 31630.000490715363
50900.0 31093.999212452185
51100.0 30448.000590090465
51300.0 28916.000628482165
51500.0 29592.00149345232
51700.0 29239.999906676312
51900.0 28853.99946803587
52100.0 28450.001961125592
52300.0 28027.999169452632
52500.0 27566.00096004432
52700.0 27130.00118150508
52900.0 26800.000174874975
53100.0 26444.000116991883
53300.0 26057.999883819477
53500.0 25647.999823217302
53700.0 25181.999125969716
53900.0 24816.000929354777
54100.0 24556.000166640897
54300.0 24224.000897963233
54500.0 23878.000740347867
54700.0 23531.999881846925
54900.0 23188.00029315745
55100.0 22766.00063003896
55300.0 22350.00053245904
55500.0 22185.99968599276
55700.0 21914.000900751435
55900.0 21614.000752392003
56100.0 21307.999522563354
56300.0 21012.000489118964
56500.0 20722.000551199304
56700.0 20435.999924295902
56900.0 20086.000929616577
57100.0 19599.999018728868
57300.0 19520.00046485373
57500.0 19334.000048260506
57700.0 19078.000339533188
57900.0 18817.99963551387
58100.0 18567.999830319848
58300.0 18301.999696662904
58500.0 18052.001134882783
58700.0 17796.000407747237
58900.0 17430.000632890267
59100.0 16564.000097112475
59300.0 16990.000741397802
59500.0 16574.000456875594
59700.0 16514.000427825682
59900.0 16428.000359674603
60100.0 16237.999558896527
60300.0 16032.000096780308
60500.0 15838.000820228426
60700.0 15652.000610637875
60900.0 15456.000614248926
61100.0 15250.000723426541
61300.0 15060.000122746693
61500.0 14864.000535457079
61700.0 14674.000239077397
61900.0 14493.999999994092
62100.0 14308.000091315333
62300.0 14108.000249152003
62500.0 13908.000213369965
62700.0 13678.000400867171
62900.0 13172.000558011301
63100.0 13301.999869684445
63300.0 13225.999966300873
63500.0 13086.00030788866
63700.0 12946.000059654227
63900.0 12785.999896085612
64200.0 12550.000454364266
64600.0 12244.000888593537
65000.0 11954.000097393102
65400.0 11667.999924067988
65800.0 11388.000216750594
66200.0 11118.000141800005
66600.0 10856.000414578264
67000.0 10596.000031684625
67400.0 10300.00042266629
67800.0 9876.000316267528
68200.0 9861.199620929989
68600.0 9660.200163900949
69000.0 9441.800218861528
69400.0 9222.799902542703
69800.0 9021.399813355243
70200.0 8820.000509139923
70600.0 8623.599777212834
71000.0 8422.800399546928
71400.0 8247.800556405678
71800.0 8068.600246098941
72200.0 7893.199919782586
72600.0 7706.800106792806
73000.0 7552.000527447773
73400.0 7395.600105740797
73800.0 7231.799951088486
74200.0 7057.600307588603
74600.0 6720.600017396866
75000.0 6500.600013932261
75400.0 6599.200196821908
75800.0 6497.400156731918
76200.0 6378.5998691576715
76600.0 6248.400090887692
77000.0 6120.599911224902
77400.0 5987.400093910273
77800.0 5836.60008991769
78200.0 5749.400165765446
78600.0 5643.20022584153
79000.0 5531.0003099025125
79400.0 5421.200016788562
79800.0 5315.000171756189
80200.0 5210.799886511592
80600.0 5109.600203805095
81000.0 5007.399981250069
81400.0 4872.19989640355
81800.0 4796.0000180972565
82200.0 4726.80022621828
82600.0 4637.19998763916
83000.0 4549.4002287067915
83400.0 4463.800103086447
83800.0 4379.59983535231
84200.0 4297.999980750191
84600.0 4218.200221528792
85000.0 4140.2000877999835
85400.0 4063.999967671678
85800.0 3989.400070814974
86200.0 3908.199831378094
86600.0 3785.000078050966
87000.0 3759.4000082027364
87400.0 3640.1999536615085
87800.0 3575.6000803601864
88200.0 3573.0000638818783
88600.0 3512.8000629820867
89000.0 3450.8001892241723
89400.0 3390.2000100553837
89800.0 3331.0000608170158
90200.0 3272.400269869299
90600.0 3215.799978626861
91000.0 3160.2000911643654
91400.0 3105.5998415137205
91800.0 3052.000010566172
92200.0 2999.800013926344
92600.0 2945.800128077994
93000.0 2899.199851418822
93400.0 2843.0001526766637
93800.0 2744.400032162551
94200.0 2733.8000176502787
94600.0 2706.800103366892
95000.0 2661.200061709753
95400.0 2617.600070458839
95800.0 2576.999971965446
96200.0 2535.0001299663986
96600.0 2493.800099626521
97000.0 2452.7999667887234
97400.0 2413.2000545120886
97800.0 2374.6000323958365
98200.0 2333.6000360664557
98600.0 2294.000004844221
99000.0 2262.400051232936
99400.0 2226.400081325923
99800.0 2191.2000031342177
100200.0 2156.2000297706827
200000.0 136.8999902463426
400000.0 8.45819984303633
600000.0 1.6514000336830499
800000.0 0.5172000121649334
1000000.0 0.21012000985482435
1200000.0 0.10061200191531869
1400000.0 0.053982000399032934
1600000.0 0.031478002398655225
