wave flux
90.9000015258789 0.0
93.5 0.0
96.0999984741211 0.0
97.69999694824219 0.0
99.5999984741211 0.0
102.0 0.0
103.80000305175781 0.0
105.5999984741211 0.0
107.69999694824219 0.0
110.4000015258789 0.0
114.0 0.0
117.80000305175781 0.0
121.30000305175781 0.0
124.80000305175781 0.0
127.0999984741211 0.0
128.39999389648438 0.0
130.5 0.0
132.39999389648438 0.0
133.89999389648438 0.0
136.60000610351562 0.0
139.8000030517578 0.0
143.3000030517578 0.0
147.1999969482422 0.0
151.0 0.0
155.1999969482422 0.0
158.8000030517578 0.0
162.0 0.0
166.0 0.0
170.3000030517578 0.0
173.39999389648438 0.0
176.8000030517578 0.0
180.1999969482422 0.0
181.6999969482422 0.0
186.10000610351562 0.0
191.0 0.0
193.89999389648438 0.0
198.39999389648438 0.0
201.8000030517578 0.0
205.0 0.0
210.5 0.0
216.1999969482422 0.0
219.8000030517578 0.0
223.0 0.0
226.8000030517578 0.0
230.0 0.0
234.0 0.0
240.0 0.0
246.5 0.0
252.39999389648438 0.0
256.79998779296875 0.0
260.0 0.0
264.0 0.0
268.5 0.0
273.5 0.0
278.5 0.0
284.0 0.0
290.0 0.0
296.0 0.0
301.0 0.0
308.0 0.0
318.0 0.0
328.0 0.0
338.0 0.0
348.0 0.0
357.0 0.0
366.0 3.5408000886216346e-24
375.0 2.1665400077216763e-23
385.0 1.4411400447574576e-22
395.0 8.655120214531978e-22
405.0 4.7312401305296895e-21
414.0 2.0273798314549863e-20
422.0 6.99061989704844e-20
430.0 2.2948199264500863e-19
441.0 1.0915400588993061e-18
451.0 4.199680000811786e-18
460.0 1.3381799659958582e-17
470.0 4.590100295312745e-17
480.0 1.4900401286435296e-16
490.0 4.593599858885055e-16
500.0 1.3485000065259934e-15
506.0 3.333919747862395e-15
512.0 6.892100255538026e-15
520.0 1.510860015460628e-14
530.0 3.91433996632489e-14
540.0 9.59779965255999e-14
550.0 2.30276014085557e-13
560.0 5.306500079678945e-13
570.0 1.1842400277744621e-12
580.0 2.5338602260125858e-12
590.0 5.392400200246566e-12
600.0 1.1038800742488802e-11
610.0 2.2032399854725745e-11
620.0 4.286879843682547e-11
630.0 8.151799904141663e-11
640.0 1.516800116983683e-10
650.0 2.7631201265453173e-10
658.0 4.399560075329307e-10
665.0 6.536000320563802e-10
675.0 1.134160094032525e-09
685.0 1.93430021899282e-09
695.0 3.241159789336393e-09
705.0 5.3223999546170944e-09
716.0 9.085800719609098e-09
726.0 1.4496199370789743e-08
735.0 2.1811399595619524e-08
745.0 3.388720183096126e-08
755.0 5.197799816180984e-08
765.0 7.875200416583103e-08
775.0 1.1783999523170945e-07
785.0 1.7441599972226186e-07
795.0 2.52764008221127e-07
805.0 3.6754399752200736e-07
815.0 5.279600170227009e-07
825.0 7.488200374343351e-07
835.0 1.05196001036505e-06
845.0 1.4635400483167938e-06
855.0 2.0189601448629914e-06
865.0 2.7609199334925534e-06
875.0 3.733999973539869e-06
885.0 5.036399864551909e-06
895.0 6.724799604793403e-06
905.0 8.898200750125243e-06
915.0 0.007356999539911968
925.0 0.02408279905860436
935.0 0.03239800176004299
945.0 0.04332600468646445
955.0 0.06013400476314334
965.0 0.0795179989423867
975.0 0.10345800556052656
985.0 0.13490600952749607
995.0 0.17332602042637052
1005.0 0.22938600616392832
1015.0 0.2934400098900364
1025.0 0.36470000366946864
1035.0 0.4732799761515378
1045.0 0.5974199590304291
1055.0 0.7505199839199788
1065.0 0.9343399384628096
1075.0 1.167020032765558
1085.0 1.4499199705276538
1095.0 1.7810198671570643
1105.0 4.326599849085799
1115.0 13.282400528005445
1125.0 19.469001642798446
1135.0 27.99399953664933
1145.0 35.80600265002333
1155.0 39.89400347089047
1165.0 54.02999834992628
1175.0 65.12400187946189
1185.0 69.13000413583794
1195.0 42.67000204568602
1205.0 41.40799996848203
1215.0 15.442201555618734
1225.0 49.483998988038564
1235.0 109.85800029179275
1245.0 220.97800628197342
1255.0 416.2800086569025
1265.0 424.7800159948006
1275.0 598.5800281730942
1285.0 807.5200262404102
1295.0 965.7200114898502
1305.0 932.3999922788664
1315.0 1252.8800017629223
1325.0 1452.4199671172075
1335.0 1622.1800482410097
1345.0 1922.7000644840564
1355.0 2040.8800997918945
1365.0 2315.5801242769735
1375.0 2506.800020952816
1385.0 2694.0000963381162
1395.0 3065.600120802846
1405.0 3442.1999904155136
1415.0 3703.800242302533
1425.0 4078.199976987824
1435.0 4288.400228185578
1442.0 4977.000138683232
1447.0 5084.600132321103
1455.0 5645.800201366642
1465.0 5920.999945534339
1475.0 6446.400177356512
1485.0 7103.800087612477
1495.0 8087.400430648169
1505.0 8992.200215854571
1512.0 9062.000330987936
1517.0 9857.200231137653
1525.0 11155.200176679487
1535.0 18855.0006639666
1545.0 25384.000175729754
1555.0 28478.00070111807
1565.0 26862.000611437154
1575.0 35812.000587220915
1585.0 39666.00312695605
1595.0 45719.99905046063
1605.0 46440.000197559166
1615.0 49404.00237326768
1625.0 51441.997839728814
1635.0 65136.002607349
1645.0 83563.9968722661
1655.0 60314.000962142156
1665.0 100772.00144219516
1672.0 71125.99843625414
1677.0 133744.0002049714
1685.0 233930.01333471516
1695.0 248240.0118883775
1705.0 563940.013711665
1715.0 1429500.0174298163
1725.0 1794380.1193685632
1735.0 2615000.03494431
1745.0 2440200.0181783102
1755.0 3519800.024575806
1765.0 1908720.1378575591
1775.0 3055399.8320223633
1785.0 3355200.1115086465
1795.0 4911799.829192625
1805.0 3424799.951836182
1815.0 3658000.1782308063
1825.0 3256799.980416968
1835.0 3230800.063718399
1845.0 2350600.1598974504
1855.0 3436799.986370967
1865.0 4819200.089787636
1875.0 4350199.978931681
1885.0 4648200.056771382
1895.0 5172200.127891383
1905.0 4687000.081473811
1915.0 5210399.891699242
1925.0 4346000.3693652125
1935.0 2070600.0945140237
1945.0 5486200.295242957
1955.0 5907000.238855596
1967.0 6860600.156278795
1976.0 6377799.901674419
1984.0 5865200.365850816
1995.0 6139800.290979142
2005.0 5495800.297146996
2015.0 5561199.881605597
2025.0 4795600.11619086
2035.0 6408200.095519547
2045.0 7106200.209735927
2055.0 6622599.733186393
2065.0 6283400.330617571
2074.0 7529200.321633382
2078.0 9579599.648274554
2085.0 8952199.785248302
2095.0 8128800.403968219
2105.0 7986799.837802167
2115.0 8988199.782931434
2125.0 8821800.407888457
2135.0 7301000.078196435
2145.0 9334199.923691118
2155.0 9384000.5468081
2165.0 8384399.806284479
2175.0 8439000.126596367
2185.0 9760799.943285756
2195.0 10506000.358876284
2205.0 9758599.991431033
2215.0 7907400.437768374
2225.0 8188200.039316113
2235.0 10390600.473093232
2245.0 9494999.629871875
2255.0 7783999.586976745
2265.0 7701799.970562111
2275.0 8748200.581354545
2285.0 9936400.13736084
2295.0 8363800.250200463
2305.0 9519000.756870702
2315.0 8916000.10378605
2325.0 8658800.215639979
2335.0 6474599.740442288
2345.0 4443199.8401901275
2355.0 8115400.088321602
2365.0 4845599.878790973
2375.0 6506200.045316973
2385.0 3675600.0750666005
2395.0 4838000.024424802
2405.0 4815199.997084741
2415.0 5315800.147418917
2425.0 8200600.079577336
2435.0 7850600.066071806
2445.0 9142600.187688416
2455.0 9314000.190009123
2465.0 8976600.075979806
2475.0 7902600.448843032
2485.0 7138200.386310781
2495.0 6938800.298595755
2505.0 9844199.962674785
2513.0 6610799.583041043
2518.0 6081000.114610459
2525.0 5298600.021571487
2535.0 4784400.266932656
2545.0 4800399.780079373
2555.0 6802400.042424295
2565.0 6476000.009304647
2575.0 8338200.478233924
2585.0 8204600.059722602
2595.0 7833800.036202981
2605.0 6899400.49055766
2615.0 6188000.35221907
2625.0 8538600.887832837
2635.0 10384200.394360056
2645.0 13440000.026073826
2655.0 15062000.802212356
2665.0 11081999.87049728
2675.0 12747999.914583808
2685.0 13198000.069939876
2695.0 11101199.917020142
2705.0 12593999.812407412
2715.0 10470000.509443827
2725.0 10598200.378543125
2735.0 11787600.1337512
2745.0 7160200.223504825
2755.0 8695399.940334097
2765.0 10218400.390834205
2775.0 11987400.300805034
2785.0 8690200.093729049
2795.0 3070000.046402118
2805.0 4168400.0752249802
2815.0 12024200.105655769
2825.0 14975999.72463562
2835.0 14010000.382116701
2845.0 12870000.00109501
2855.0 9297000.005418552
2865.0 14152000.001997208
2875.0 14401999.544041038
2885.0 13862000.192214765
2895.0 13629999.474570973
2910.0 16826000.07085349
2930.0 15429999.859487386
2950.0 15254000.689577347
2970.0 16511999.980894571
2990.0 16396001.01463239
3010.0 17064000.40835338
3030.0 16890001.129624195
3050.0 17130001.242163848
3070.0 17500000.482461497
3090.0 17836000.44109872
3110.0 17411999.853325997
3130.0 17257999.857112
3150.0 17558000.21644096
3170.0 17714001.456136607
3190.0 16171999.571248244
3210.0 17104000.73783867
3230.0 15517999.531712882
3250.0 17102000.587713912
3270.0 18209999.466237884
3290.0 18046000.826301098
3310.0 18538000.67544598
3330.0 18198000.11441697
3350.0 17914000.290538937
3370.0 17164000.239039164
3390.0 17670000.12192633
3410.0 17544001.06576237
3430.0 17672001.078660034
3450.0 17845999.79002388
3470.0 17659999.919765707
3490.0 17890001.037217915
3510.0 18266000.60310372
3530.0 17757999.483097304
3550.0 19018000.181608453
3570.0 17319999.955606833
3590.0 17096001.121717423
3610.0 17384000.215145472
3630.0 17498000.14096846
3640.0 17352000.798465095
3650.0 18820000.097354803
3670.0 18500000.589235004
3690.0 17943999.509044304
3710.0 18192000.88874669
3730.0 17294000.09763323
3750.0 19620000.069722585
3770.0 20976001.294310655
3790.0 23956000.220136583
3810.0 26751999.936950956
3830.0 21276001.382570628
3850.0 28392002.201883323
3870.0 30469999.97993168
3890.0 21850000.360093605
3910.0 30078000.834300753
3930.0 21922000.34145955
3950.0 28929999.72482641
3970.0 18620001.048846897
3990.0 30814000.859179005
4010.0 33278000.253568377
4030.0 33304001.640814994
4050.0 32659999.298899677
4070.0 31844000.837566666
4090.0 28903999.819109272
4110.0 24064000.69736995
4130.0 31790001.316579662
4150.0 33172000.53824699
4170.0 32965999.799282003
4190.0 32572000.803865373
4210.0 32596001.633700248
4230.0 31438001.26114072
4250.0 32159999.61796678
4270.0 31144000.338678293
4290.0 30757999.570617933
4310.0 28404001.487428352
4330.0 26202000.62632055
4350.0 23188000.810183056
4370.0 30873999.870058753
4390.0 30700000.270660337
4410.0 30534002.61675825
4430.0 30226001.337803714
4450.0 30410000.043093674
4470.0 30616000.80172971
4490.0 30422000.72433022
4510.0 31660000.873531368
4530.0 29976000.454836637
4550.0 29970001.44787275
4570.0 31061999.815527625
4590.0 29772001.5260156
4610.0 30252000.502317958
4630.0 29589999.869100906
4650.0 29767999.084322643
4670.0 29996001.69028974
4690.0 29012000.27764655
4710.0 27837999.701417487
4730.0 29193999.417648386
4750.0 29173998.75962929
4770.0 28861999.433614045
4790.0 28567999.092108082
4810.0 28134000.805619385
4830.0 27449999.994577065
4850.0 23365999.619733155
4870.0 19450000.61201042
4890.0 25984000.17875002
4910.0 26679999.57140411
4930.0 26332000.763044182
4950.0 26899999.87051768
4970.0 27087998.921305057
4990.0 25848000.900938347
5010.0 25040001.08848793
5030.0 25956001.360398818
5050.0 25586000.854445413
5070.0 26102001.62042075
5090.0 25560000.698008213
5110.0 25664000.005483553
5130.0 25138000.832483772
5150.0 24544000.376597345
5170.0 23859999.01499426
5190.0 23620001.218111817
5210.0 24058000.451997157
5230.0 24049999.27115767
5250.0 24422001.090885192
5270.0 22604001.9367758
5290.0 23911999.831345268
5310.0 23918001.136742465
5330.0 22661999.996533282
5350.0 23476001.26730275
5370.0 23267999.12597561
5390.0 23080000.222572237
5410.0 22474000.116123907
5430.0 22794000.329628985
5450.0 22898001.088980887
5470.0 22596000.011072814
5490.0 22440000.387974363
5510.0 22394000.104252074
5530.0 22213999.806853887
5550.0 22270000.2875129
5570.0 21825999.33396643
5590.0 21562000.490371093
5610.0 21629999.417655274
5630.0 21671999.70098284
5650.0 21478000.510349784
5670.0 21086000.512696438
5690.0 21150000.015221167
5710.0 20914000.289643586
5730.0 21271999.54974438
5750.0 20848001.074919708
5770.0 20824000.452379074
5790.0 20576000.33633845
5810.0 20556000.830805685
5830.0 20509999.393059343
5850.0 20206000.29687676
5870.0 20109999.513445504
5890.0 19544001.359712295
5910.0 19832000.080634974
5930.0 19686000.688038196
5950.0 19602000.245631006
5970.0 19478000.47940058
5990.0 19281999.862850115
6010.0 19019999.901158918
6030.0 18912001.25164928
6050.0 18950000.314166553
6070.0 18881999.85291646
6090.0 18626000.810051005
6110.0 18410000.291703038
6130.0 18013999.704559356
6150.0 17876000.710368775
6170.0 17664000.452029206
6190.0 18006000.112947952
6210.0 17922000.295723677
6230.0 17626001.098692212
6250.0 17174000.52360093
6270.0 17554000.20542767
6290.0 17468000.11521242
6310.0 17112001.10992306
6330.0 17066000.97707178
6350.0 16905999.716091443
6370.0 16807999.95659619
6390.0 16789999.951001678
6410.0 16486000.530973867
6430.0 16490000.156246992
6450.0 16236000.254587047
6470.0 16190000.42319568
6490.0 15928000.12740976
6510.0 15908000.469175821
6530.0 15570000.129186245
6550.0 14079999.80572917
6570.0 11647999.96352393
6590.0 14870000.603977887
6610.0 15390000.27881527
6630.0 15422000.230933342
6650.0 15372000.447266806
6670.0 15224001.05594287
6690.0 15245999.556007264
6710.0 15097999.245859811
6730.0 15041999.724325804
6750.0 14835999.663654424
6770.0 14845999.983129399
6790.0 14738000.76385068
6810.0 14621999.63685482
6830.0 14536000.182177465
6850.0 14378000.33676327
6870.0 14352000.899429003
6890.0 14274000.356412806
6910.0 14166000.119488124
6930.0 14069999.976867659
6950.0 13982000.34929191
6970.0 13886000.509634232
6990.0 13818000.018676074
7010.0 13551999.637579156
7030.0 13574000.096756576
7050.0 13528000.305752615
7070.0 13430001.035549564
7090.0 13341999.232727716
7110.0 13094000.457123367
7130.0 13098000.730746115
7150.0 13018000.302558461
7170.0 12912000.291103013
7190.0 12762000.251983065
7210.0 12758000.777844632
7230.0 12680000.390519094
7250.0 12614000.389415095
7270.0 12574000.852644375
7290.0 12366000.233802045
7310.0 12377999.445384355
7330.0 12292000.129878547
7350.0 12263999.397267045
7370.0 12196000.26492786
7390.0 12008000.081539378
7410.0 11850000.29814531
7430.0 11826000.113532942
7450.0 11786000.136920227
7470.0 11722000.694539387
7490.0 11642000.599039651
7510.0 11611999.97996938
7530.0 11554000.28115243
7550.0 11526000.478271479
7570.0 11417999.794542892
7590.0 11359999.723098926
7610.0 11270000.2822938
7630.0 11224000.340446336
7650.0 11136000.205725418
7670.0 10958000.335022887
7690.0 10960000.02465344
7710.0 10889999.91824136
7730.0 10862000.43719394
7750.0 10743400.114918662
7770.0 10574200.15561765
7790.0 10698200.169979384
7810.0 10601800.67660745
7830.0 10483400.391717326
7850.0 10415200.20008298
7870.0 10388800.087752951
7890.0 10320199.807519984
7910.0 10231800.356879381
7930.0 10073399.694729306
7950.0 10055400.168374607
7970.0 10105200.035124693
7990.0 10010200.543414451
8010.0 9939200.065478679
8030.0 9870799.714855894
8050.0 9813000.331558362
8070.0 9782000.120292516
8090.0 9683200.334287135
8110.0 9677200.383444943
8130.0 9640000.181210497
8150.0 9571200.035313485
8170.0 9510800.357707124
8190.0 9292600.3987344
8210.0 9277400.321282372
8230.0 9222200.432916906
8250.0 9193200.153413488
8270.0 9238400.041823376
8290.0 9171000.320901688
8310.0 9060199.97379494
8330.0 8943800.554377954
8350.0 8975999.743766723
8370.0 8961600.273653414
8390.0 8853600.48635025
8410.0 8851800.078231921
8430.0 8755000.35594328
8450.0 8619800.139724147
8470.0 8614599.793406744
8490.0 8563600.385964308
8510.0 8216999.905683115
8530.0 8456400.66540831
8550.0 7539600.039510663
8570.0 8480400.192108816
8590.0 8225200.426518337
8610.0 8125200.326057882
8630.0 8353000.304039651
8650.0 8180400.042004672
8670.0 7142000.275556045
8690.0 8027999.749344309
8710.0 8208200.606597727
8730.0 8045800.182995571
8750.0 7232400.367335437
8770.0 7878399.652301866
8790.0 8057400.112118074
8810.0 8000799.74255748
8830.0 7885200.021530822
8850.0 7507399.922168802
8870.0 6832000.185619447
8890.0 7707000.271216197
8910.0 7820799.789426118
8930.0 7769599.704714559
8950.0 7799600.254856966
8970.0 7709999.875036875
8990.0 7533200.222910595
9010.0 6544199.963190192
9030.0 6999800.402895141
9050.0 7483400.436392125
9070.0 7395000.060733731
9090.0 7267400.188448801
9110.0 7400200.108011171
9130.0 7458599.716258052
9150.0 7425400.056293738
9170.0 7347000.130697393
9190.0 7240599.849188048
9210.0 6892000.085525054
9230.0 5893400.389999235
9250.0 6693800.462764184
9270.0 6953400.15733693
9290.0 7105000.340302955
9310.0 7105400.399572661
9330.0 7064399.95673004
9350.0 7039200.092769514
9370.0 7012000.099847389
9390.0 6950999.92240035
9410.0 6673599.927560388
9430.0 6820400.011863499
9450.0 6780200.0363955675
9470.0 6789400.135796275
9490.0 6732000.294353051
9510.0 6596799.965588531
9530.0 6279600.064840142
9550.0 5393600.424606086
9570.0 6270000.382449589
9590.0 6475000.307837324
9610.0 6451600.341870338
9630.0 6396800.261456408
9650.0 6430199.989981943
9670.0 6348799.9985600365
9690.0 6346400.270008949
9710.0 6385000.375636953
9730.0 6350999.7501933975
9750.0 6264400.147831417
9770.0 6276000.240969094
9790.0 6238800.030407164
9810.0 6215999.994303184
9830.0 6172199.896804341
9850.0 6121000.063022199
9870.0 6078200.108077457
9890.0 6018199.884778486
9910.0 5983000.122499763
9930.0 5991200.0192940915
9950.0 5954800.2556690425
9970.0 5918200.173954998
9990.0 5860800.427342522
10025.0 5508799.921313878
10075.0 5278999.773813316
10125.0 5631000.107060467
10175.0 5585200.146990577
10225.0 5552400.1573037505
10275.0 5495000.054009893
10325.0 5395799.936924315
10375.0 5336000.183757233
10425.0 5272200.087009179
10475.0 5143000.106215126
10525.0 5117000.288501527
10575.0 5048200.142947919
10625.0 4983000.002793129
10675.0 4822400.043480619
10725.0 4822000.237526554
10775.0 4767000.064075406
10825.0 4673400.055504362
10875.0 4587199.769573243
10925.0 4082600.267737623
10975.0 4323800.258268666
11025.0 4475199.9658603305
11075.0 4460800.156062016
11125.0 4397400.248269794
11175.0 4343200.105779354
11225.0 4305199.887754185
11275.0 4183799.9061122285
11325.0 4142000.026548087
11375.0 4123000.269789035
11425.0 4043400.33609528
11475.0 4050000.3106432203
11525.0 4003600.0890487763
11575.0 3945600.0070717013
11625.0 3851599.9347491027
11675.0 3790399.998650621
11725.0 3815800.125029261
11775.0 3691999.851193313
11825.0 3680000.1617789944
11875.0 3615400.2413151436
11925.0 3645199.9701061365
11975.0 3539000.2324680914
12025.0 3532000.100157785
12075.0 3480000.1470831004
12125.0 3447199.9375888836
12175.0 3430000.210308826
12225.0 3386000.082336527
12275.0 3336400.2240777253
12325.0 3303399.9853569195
12375.0 3268799.9926903956
12425.0 3235399.906365884
12475.0 3198400.1430458445
12525.0 3152199.95257147
12575.0 3102600.194331494
12625.0 3073399.850383623
12675.0 3041599.9925581855
12725.0 2998399.9496038663
12775.0 2883999.9719033143
12825.0 2512399.962308958
12875.0 2836200.105942096
12925.0 2862399.886641327
12975.0 2848400.118345241
13025.0 2818600.041457911
13075.0 2797199.908548078
13125.0 2753400.12802141
13175.0 2716199.974108087
13225.0 2705800.1501585133
13275.0 2667999.8800683655
13325.0 2644600.0313881775
13375.0 2614200.056935654
13425.0 2589799.9560021954
13475.0 2561200.0031454824
13525.0 2528000.093566943
13575.0 2492200.149590013
13625.0 2476800.059778842
13675.0 2445200.0408382807
13725.0 2400200.126137386
13775.0 2388400.0112144416
13825.0 2365000.0955441506
13875.0 2351199.9655571263
13925.0 2314800.1510579432
13975.0 2293999.916150513
14025.0 2267400.0578177
14075.0 2250800.1519361683
14125.0 2216200.0377896833
14175.0 2202800.0019546305
14225.0 2166799.9825751167
14275.0 2137000.0379397473
14325.0 2130800.0504370164
14375.0 2115200.049501243
14425.0 2037799.9642860042
14475.0 2066000.008118909
14525.0 2017200.1646592878
14570.0 2019599.9953517464
14620.0 1994000.048295637
14675.0 1979200.061886706
14725.0 1946400.017412254
14775.0 1922000.053105343
14825.0 1910200.0037063903
14875.0 1873000.0100918512
14925.0 1886800.0305707704
14975.0 1857000.0972484793
15025.0 1824600.0087923696
15075.0 1804400.0701441607
15125.0 1805799.964866834
15175.0 1790200.1124354515
15225.0 1763200.0726924823
15275.0 1751600.05209149
15325.0 1730800.0865601746
15375.0 1713200.017061004
15425.0 1685599.957265226
15475.0 1675799.9298882785
15525.0 1658800.0688032336
15575.0 1633400.0599305395
15625.0 1635199.9994343277
15675.0 1598600.0649019603
15725.0 1576400.1123917466
15775.0 1561000.024638115
15825.0 1557800.0688643323
15875.0 1484399.9763333625
15925.0 1518600.0992370574
15975.0 1519200.0585172889
16050.0 1481200.085800307
16150.0 1421599.960969881
16250.0 1447999.979298126
16350.0 1383400.0435408491
16450.0 1312999.9501881755
16550.0 1362799.983772849
16650.0 1337000.034879525
16750.0 1261600.0503911506
16850.0 1189000.0716136082
16950.0 1254800.004899052
17050.0 1227400.0408604336
17150.0 1204799.9620870366
17250.0 1160599.975629085
17350.0 1037200.0396515983
17450.0 1098200.0485008103
17550.0 1102799.9981258134
17650.0 1081800.0296290081
17750.0 1063800.031377762
17850.0 1042199.954558511
17950.0 1023420.0346372297
18050.0 990400.0239374477
18150.0 887840.0002220392
18250.0 927260.0181223704
18350.0 938280.0090426073
18450.0 920580.0062571414
18550.0 901560.0428542891
18650.0 874040.01046365
18750.0 774000.0209184863
18850.0 836000.006663949
18950.0 824159.9949673135
19050.0 822500.0372735644
19150.0 805600.0100616639
19250.0 788579.9822001583
19350.0 761740.024024612
19450.0 679640.0020391133
19550.0 734820.051259667
19650.0 730920.0035919391
19750.0 717320.0317220528
19850.0 707300.0050586883
19950.0 694220.0169194096
20050.0 682660.0332839482
20150.0 671380.0238610288
20250.0 657039.9901237625
20350.0 642980.030156117
20450.0 635479.9900774374
20550.0 623520.0074762893
20650.0 610199.9898353891
20750.0 600520.031686891
20850.0 590200.0013255647
20950.0 578339.9782406992
21050.0 569480.0149083465
21150.0 558059.9894765876
21250.0 548139.9791061373
21350.0 539060.0130137879
21450.0 529760.0076721647
21550.0 514940.02011256333
21650.0 460920.0275517965
21750.0 492340.01029686804
21850.0 492520.0118593809
21950.0 487860.0104471722
22050.0 477440.0051955316
22150.0 470359.99622034957
22250.0 463879.9809328367
22350.0 456139.99681641505
22450.0 448580.03461735835
22550.0 438940.0144579228
22650.0 432999.9962565499
22750.0 426560.01275659085
22850.0 418779.99003232893
22950.0 412160.0211267761
23050.0 406699.99127410585
23150.0 399639.9879098134
23250.0 393800.01317570807
23350.0 387020.01287231134
23450.0 381400.01347797987
23550.0 375340.0038523367
23650.0 369679.9862518861
23750.0 362780.021816084
23850.0 357240.0084768866
23950.0 352320.02290118
24050.0 346540.00170784694
24150.0 340860.015993941
24250.0 336100.0172472928
24350.0 330360.01453698706
24450.0 325800.01618216233
24550.0 319699.9983155817
24650.0 315879.98916326463
24750.0 310680.01176995307
24850.0 305100.02210521075
24950.0 300900.0011353373
25050.0 297399.9936405369
25150.0 292940.017324043
25250.0 287740.0112705045
25350.0 284300.0038990958
25450.0 279999.99800154025
25550.0 275260.0066791031
25650.0 269180.0095877281
25750.0 267840.0109634356
25850.0 263199.9996837105
25950.0 260359.99786096212
26050.0 254900.00048227512
26150.0 246500.0036475201
26250.0 227080.0134034164
26350.0 241520.01748232607
26450.0 241480.01133743444
26550.0 238600.00499999546
26650.0 233579.99761209023
26750.0 225960.00823664045
26850.0 228239.99233796625
26950.0 226499.99997202138
27050.0 223539.99126000833
27150.0 220700.01440477578
27250.0 217640.00729874257
27350.0 214280.00564801993
27450.0 210560.0085195423
27550.0 200459.99380955697
27650.0 201620.01365168704
27750.0 202380.00433407753
27850.0 200280.00371170256
27950.0 197980.00317090738
28050.0 195299.99918809123
28150.0 192720.0038470902
28250.0 190040.01022489223
28350.0 187660.00166764235
28450.0 184600.00167328326
28550.0 181820.0110161661
28650.0 176780.00208410824
28750.0 167920.00617743342
28850.0 173719.99724799377
28950.0 172620.0037904155
29050.0 170880.00115852428
29150.0 168500.00109978282
29250.0 166220.00079863938
29350.0 164339.99820712183
29450.0 162139.99799695137
29550.0 160159.9972603572
29650.0 158180.0074966858
29750.0 156100.0113609988
29850.0 154119.99641612382
29950.0 152020.00019564602
30050.0 150039.99070243008
30150.0 147980.00568662432
30250.0 145419.99879826003
30350.0 137140.0017469351
30450.0 138099.9985417347
30550.0 140240.0020465439
30650.0 139020.00283876277
30750.0 137540.00347743556
30850.0 135640.0011207225
30950.0 134040.0044113748
31050.0 132460.0034447521
31150.0 130280.0011544132
31250.0 129180.00376669817
31350.0 127599.99820352178
31450.0 126100.00130283732
31550.0 124519.99832326955
31650.0 123220.00449403097
31750.0 121620.0025773649
31850.0 120260.00422803497
31950.0 118859.9993026687
32100.0 116680.00323485839
32300.0 114000.00193600084
32500.0 111319.99810493547
32700.0 108539.99911395564
32900.0 101608.00689549987
33100.0 102330.00526654895
33300.0 100996.00191276331
33500.0 98938.00706350917
33700.0 96524.00538806773
33900.0 94387.99713789509
34100.0 92262.00055890494
34300.0 90378.00336863156
34500.0 88532.00135204021
34700.0 86543.99775515692
34900.0 84688.00114590568
35100.0 82861.99948899326
35300.0 81032.00315313158
35500.0 79325.99835877481
35700.0 77578.0000767912
35900.0 75942.00273163809
36100.0 74375.99909209293
36300.0 72844.00333462408
36500.0 71182.00136208418
36700.0 69720.00066859157
36900.0 68031.99950871908
37100.0 66653.99756284464
37300.0 64138.002162803605
37500.0 62140.00044803458
37700.0 62754.00367946422
37900.0 61584.00364461046
38100.0 60266.003145552786
38300.0 59151.99978961129
38500.0 58143.99831938578
38700.0 56899.99957563366
38900.0 55688.00052467692
39100.0 54464.00055288118
39300.0 53678.00047220456
39500.0 52610.00013603198
39700.0 51655.999352218
39900.0 50475.99943296816
40100.0 49336.00063309848
40300.0 48349.99975086076
40500.0 46046.0027583498
40700.0 46730.00308213314
40900.0 45978.002109862246
41100.0 45202.00059027544
41300.0 44380.00067900612
41500.0 43420.00083881566
41700.0 42126.00024829948
41900.0 41834.00048550596
42100.0 41080.00243801875
42300.0 40476.00054409637
42500.0 39720.00044765671
42700.0 39025.99890017357
42900.0 38322.0002951708
43100.0 37636.000909375456
43300.0 36939.998461541334
43500.0 36248.00161601438
43700.0 34992.0011173665
43900.0 34787.999995006816
44100.0 34346.00065560483
44300.0 33807.99933344126
44500.0 33223.9992688115
44700.0 32685.99879627609
44900.0 32130.00023108753
45100.0 31584.000593172266
45300.0 31040.000029375427
45500.0 30521.999472709096
45700.0 29988.001794051514
45900.0 29479.999304214984
46100.0 28995.999114159607
46300.0 28436.000881822
46500.0 26942.000329615774
46700.0 26804.001135167553
46900.0 26988.000421995144
47100.0 26672.001696734114
47300.0 26255.999684756254
47500.0 25818.000743193294
47700.0 25409.999108577947
47900.0 25011.999966083386
48100.0 24596.001800418697
48300.0 24210.001470869047
48500.0 23822.000780086615
48700.0 23446.000550431247
48900.0 23078.00040412582
49100.0 22701.999907330457
49300.0 22353.999923934924
49500.0 21995.999752483673
49700.0 21666.001012029836
49900.0 21330.000424554244
50100.0 21002.000175287725
50300.0 20674.000878901446
50500.0 20357.999877992555
50700.0 20050.00051802102
50900.0 19731.999559785767
51100.0 19349.999900874605
51300.0 18584.000334715296
51500.0 18803.99971180178
51700.0 18572.000463031312
51900.0 18302.000748990176
52100.0 18024.000119660286
52300.0 17764.00022061421
52500.0 17499.999851469747
52700.0 17240.00074554662
52900.0 16991.999750949377
53100.0 16744.00020517524
53300.0 16504.000616097346
53500.0 16266.000181762975
53700.0 16008.001156601353
53900.0 15789.999706290831
54100.0 15571.999919787162
54300.0 15342.000257396823
54500.0 15133.999880072042
54700.0 14905.999584730704
54900.0 14705.99962611145
55100.0 14489.999450476567
55300.0 14264.000878812754
55500.0 14092.000925327666
55700.0 13901.999741339394
55900.0 13686.000541013926
56100.0 13516.000938775142
56300.0 13327.999521636595
56500.0 13150.001411541805
56700.0 12970.000501218017
56900.0 12781.999555588523
57100.0 12566.000428443856
57300.0 12444.000761652236
57500.0 12276.000973083139
57700.0 12115.999765892258
57900.0 11948.000736389806
58100.0 11787.999842927451
58300.0 11638.00076712323
58500.0 11481.999822024023
58700.0 11329.999530246192
58900.0 11126.000097926699
59100.0 10690.000332436226
59300.0 10849.999927851182
59500.0 10660.00025253099
59700.0 10570.00011792434
59900.0 10468.000143419871
60100.0 10328.000060347995
60300.0 10200.000312360151
60500.0 10070.600348443631
60700.0 9940.800166128216
60900.0 9809.000302067272
61100.0 9675.000463081244
61300.0 9563.9996005167
61500.0 9445.800328875375
61700.0 9325.60007801657
61900.0 9207.400250336841
62100.0 9093.399533965498
62300.0 8966.99987504743
62500.0 8863.799712637732
62700.0 8739.99991790009
62900.0 8552.399932118175
63100.0 8511.199726219535
63300.0 8436.000500748798
63500.0 8332.600037335285
63700.0 8230.199923398715
63900.0 8130.000050841451
64200.0 7983.999957272065
64600.0 7789.399968179574
65000.0 7602.400163358655
65400.0 7425.00032361905
65800.0 7250.200123188459
66200.0 7079.200001655919
66600.0 6914.600073845797
67000.0 6753.6000750830335
67400.0 6589.599903795614
67800.0 6387.000068261657
68200.0 6299.800256219023
68600.0 6156.79995780514
69000.0 6017.800069675185
69400.0 5881.800166212759
69800.0 5751.800104869453
70200.0 5622.400140437809
70600.0 5500.39975159735
71000.0 5381.200162027326
71400.0 5263.000363334924
71800.0 5148.800226537715
72200.0 5034.7998065104575
72600.0 4928.400446059197
73000.0 4824.999883926773
73400.0 4720.800119439302
73800.0 4622.600177296498
74200.0 4522.400163600874
74600.0 4343.999781890167
75000.0 4231.79994764404
75400.0 4240.799929315009
75800.0 4161.599963621389
76200.0 4077.1999980281953
76600.0 3993.8001720991233
77000.0 3912.40030462092
77400.0 3833.999994160878
77800.0 3755.799906139389
78200.0 3682.800123469267
78600.0 3609.4000031197725
79000.0 3538.0002785060965
79400.0 3468.400132930615
79800.0 3400.8000220460444
80200.0 3334.2000232963387
80600.0 3268.800025819703
81000.0 3207.199908540656
81400.0 3140.0002413639436
81800.0 3083.2001453649054
82200.0 3026.40004018879
82600.0 2969.0000082839483
83000.0 2913.2001333739754
83400.0 2857.5999624203146
83800.0 2803.999938634167
84200.0 2753.2000208401773
84600.0 2702.6001182690834
85000.0 2653.0001071980896
85400.0 2604.4000242348443
85800.0 2556.600032422695
86200.0 2509.9999989560774
86600.0 2456.2000274315383
87000.0 2420.600150384889
87400.0 2360.000140840606
87800.0 2317.3999561016
88200.0 2292.6000685638332
88600.0 2252.7999854662908
89000.0 2212.9999877101573
89400.0 2174.400216737305
89800.0 2135.599959897455
90200.0 2098.8001223042784
90600.0 2063.199934867898
91000.0 2027.2001160182056
91400.0 1992.6000125434662
91800.0 1958.8000346086312
92200.0 1926.0000813021502
92600.0 1893.1999913409452
93000.0 1861.4000385201898
93400.0 1829.800091851823
93800.0 1789.5999935435884
94200.0 1767.3999489467253
94600.0 1740.200011650681
95000.0 1711.3999572024152
95400.0 1682.6000335722033
95800.0 1655.799955842831
96200.0 1628.2000964503459
96600.0 1602.2000476378496
97000.0 1576.4000511500442
97400.0 1550.600090545792
97800.0 1525.7999795573182
98200.0 1501.8000722256425
98600.0 1478.000060493609
99000.0 1454.1999737236154
99400.0 1431.3999062174544
99800.0 1408.5999557156135
100200.0 1386.600006527715
200000.0 89.26800382349798
400000.0 5.577800234742984
600000.0 1.0942000480039986
800000.0 0.3438600025094703
1000000.0 0.1400200021572414
1200000.0 0.06715400114016168
1400000.0 0.03607800014009571
1600000.0 0.021060000336616473
