wave flux
90.9000015258789 3.188145427143181e-12
93.5 1.2888737149343966e-11
96.0999984741211 4.8103636666006176e-11
97.69999694824219 1.0598624714426571e-10
99.5999984741211 2.603905675351458e-10
102.0 7.741264185956836e-10
103.80000305175781 1.7016207997561298e-09
105.5999984741211 3.6483858285797858e-09
107.69999694824219 8.615903639942368e-09
110.4000015258789 2.4873472806651874e-08
114.0 9.513280069223217e-08
117.80000305175781 3.6140354993076936e-07
121.30000305175781 1.1560511363029174e-06
124.80000305175781 3.4777232965597096e-06
127.0999984741211 6.961743772490422e-06
128.39999389648438 1.0203296163946171e-05
130.5 1.861600158891213e-05
132.39999389648438 3.162472123444973e-05
133.89999389648438 4.7648803746428796e-05
136.60000610351562 9.736367753186648e-05
139.8000030517578 0.000221142886019085
143.3000030517578 0.0005203976140218071
147.1999969482422 0.0012797056610670864
151.0 0.003031174287932171
155.1999969482422 0.007405496289000128
158.8000030517578 0.015406111574567196
162.0 0.02875405012665644
166.0 0.06137424270019339
170.3000030517578 0.13269183365926757
173.39999389648438 0.2269635346552019
176.8000030517578 0.4021496211060138
180.1999969482422 0.6958335934062708
181.6999969482422 0.8787856713180262
186.10000610351562 1.7294831589057167
191.0 3.5360238509343715
193.89999389648438 5.3224321762386175
198.39999389648438 9.789344001369713
201.8000030517578 15.188304924728692
205.0 22.760127189888156
210.5 44.278481848828875
216.1999969482422 84.74272514967562
219.8000030517578 126.57247526715248
223.0 177.69728976180798
226.8000030517578 262.9176198546726
230.0 302278.40564654313
234.0 840229.6599894307
240.0 1163673.5822382479
246.5 1720520.0457803274
252.39999389648438 2898488.0051292917
256.79998779296875 3820824.1527920356
260.0 5380303.795415016
264.0 14121408.737778185
268.5 21594896.37664545
273.5 26441999.971755303
278.5 24236880.859874148
284.0 52060962.93079223
290.0 71031203.46199009
296.0 71795835.76530233
301.0 121931033.87062716
308.0 590401618.5151465
318.0 550352799.8196826
328.0 986051224.3066473
338.0 1150380896.5248845
348.0 1449131247.1003952
357.0 3584072090.76958
366.0 7901615838.669607
375.0 9937712628.14786
385.0 9648640277.26464
395.0 16996575372.986969
405.0 26188159436.15433
414.0 24989040482.459106
422.0 24805360315.66999
430.0 22854641094.65778
441.0 27637999855.514587
451.0 28229360348.798824
460.0 23739602622.68674
470.0 25490562454.707375
480.0 29766161994.39872
490.0 21319999794.20472
500.0 30645999336.401928
506.0 25584718726.648075
512.0 60567359340.410324
520.0 56296322782.16378
530.0 49937042395.65559
540.0 43745840124.030334
550.0 39700962030.17179
560.0 55321441313.1318
570.0 65460081103.86946
580.0 62178960050.52457
590.0 63007681479.97955
600.0 47481844901.18872
610.0 49585362555.25205
620.0 65745197633.97689
630.0 61484401078.39836
640.0 67681520984.56209
650.0 63100480387.06352
658.0 52153681546.385445
665.0 63296479819.68498
675.0 69532478404.63937
685.0 55341280469.90971
695.0 67116159651.79068
705.0 52049198665.773506
716.0 68995601341.34431
726.0 68623847253.20643
735.0 69035361763.29868
745.0 63152877633.93122
755.0 62337922423.986694
765.0 56704160282.08356
775.0 61816003196.9686
785.0 55663681450.5602
795.0 61239436917.49167
805.0 60021038559.06914
815.0 59847443627.53322
825.0 60594566168.48013
835.0 49433202004.898735
845.0 57698556016.20026
855.0 55465841552.19648
865.0 57463120955.05192
875.0 57044637432.484024
885.0 56087118213.09892
895.0 55406559044.267456
905.0 53518803378.013725
915.0 46265440455.27067
925.0 82003601353.7741
935.0 110537604204.97566
945.0 120165602182.17361
955.0 129037608487.58914
965.0 135827198470.61916
975.0 95978561353.12877
985.0 118188798795.77731
995.0 107078398058.01865
1005.0 106429604006.15395
1015.0 110542403422.79573
1025.0 101263036494.9127
1035.0 111065607003.27902
1045.0 115493594971.55481
1055.0 111793599260.50606
1065.0 105224481707.3537
1075.0 104550085512.09564
1085.0 98506719577.03107
1095.0 100416649654.06296
1105.0 97168958774.57869
1115.0 94864801882.48564
1125.0 87946000868.82933
1135.0 92245839952.2958
1145.0 91213044789.24774
1155.0 85347840207.92235
1165.0 82316241930.15698
1175.0 66779760757.757286
1185.0 76276243827.10962
1195.0 73494880377.63423
1205.0 72117204054.42644
1215.0 62982799527.4158
1225.0 68162003231.58061
1235.0 69508801517.1542
1245.0 67679044412.49076
1255.0 67361121375.25624
1265.0 68012880591.0808
1275.0 68598485523.83611
1285.0 67797680561.505325
1295.0 66280560345.68881
1305.0 64252802636.62488
1315.0 64831441268.553635
1325.0 63357601427.25192
1335.0 61841202021.89928
1345.0 61565523234.46064
1355.0 58881120378.04861
1365.0 57095442420.52919
1375.0 55107201498.72156
1385.0 54434162014.588005
1395.0 50786080288.79371
1405.0 48733682760.708755
1415.0 52642645002.85349
1425.0 48052638125.079636
1435.0 49985441715.073944
1442.0 48416159191.123436
1447.0 48343598947.547714
1455.0 46512321455.27209
1465.0 46205919528.644714
1475.0 45837439990.48808
1485.0 45877443293.93507
1495.0 44463841647.46881
1505.0 44341280801.69365
1512.0 43888721805.272385
1517.0 43363042073.34873
1525.0 42413842996.333336
1535.0 38723841740.30457
1545.0 31915039999.13216
1555.0 32723518812.88755
1565.0 36149437640.49414
1575.0 37303279225.71476
1585.0 36892481802.73066
1595.0 36599920924.99615
1605.0 34465039363.68591
1615.0 33385041212.710175
1625.0 33616561579.44317
1635.0 33499120488.22422
1645.0 32593440510.389854
1655.0 33259360162.046722
1665.0 32584482384.21957
1672.0 30553202858.757416
1677.0 33753681928.693375
1685.0 32724718510.504513
1695.0 32039600520.681442
1705.0 31353679499.712425
1715.0 29975201378.40727
1725.0 29464961269.408012
1735.0 30194960614.892307
1745.0 29770081906.36725
1755.0 29045201325.178596
1765.0 28720321006.090282
1775.0 28039041556.863
1785.0 28036720636.320847
1795.0 27211841784.714806
1805.0 26946959958.425804
1815.0 26460801832.10608
1825.0 25912081575.114307
1835.0 25827200451.18127
1845.0 25420799187.662556
1855.0 25151040664.071365
1865.0 24824879183.562847
1875.0 24168721667.75067
1885.0 23704880700.861004
1895.0 23751040132.215652
1905.0 23532561743.447056
1915.0 23141280873.47616
1925.0 22072558761.57952
1935.0 22540241564.577038
1945.0 22277919845.699974
1955.0 21276399501.69794
1967.0 21410479133.21888
1976.0 21159440954.84603
1984.0 20985599321.084206
1995.0 20521760245.965942
2005.0 20454559685.85572
2015.0 20138400219.458004
2025.0 19822239190.239517
2035.0 19452239781.555912
2045.0 19066078433.648964
2055.0 14691919899.422165
2065.0 14231919481.33935
2074.0 14769360097.215033
2078.0 15139120410.21609
2085.0 16566320259.757591
2095.0 17538640341.69773
2105.0 17327599786.312744
2115.0 17350160557.106937
2125.0 16981441458.275848
2135.0 16852719582.279036
2145.0 16595280390.625124
2155.0 16555280904.750242
2165.0 15770400428.830484
2175.0 16127840976.65972
2185.0 15561680855.697199
2195.0 15751680565.459059
2205.0 15502959523.603056
2215.0 14905521033.397741
2225.0 15035520019.149822
2235.0 14836800242.02447
2245.0 14586800910.397581
2255.0 14110639866.49403
2265.0 14190639629.697088
2275.0 14040640868.236269
2285.0 13731920814.602922
2295.0 13132960218.889912
2305.0 13115759917.023823
2315.0 13115759720.047167
2325.0 13035759595.03807
2335.0 12857040141.317602
2345.0 12619600279.946684
2355.0 12399599856.741852
2365.0 12210880520.718018
2375.0 11980879491.793491
2385.0 11464720415.394274
2395.0 11573440958.451345
2405.0 11486000668.53782
2415.0 11355999897.929117
2425.0 11277280595.578255
2435.0 11097280532.738268
2445.0 10958560253.968584
2455.0 10769840798.107315
2465.0 10649839361.91806
2475.0 10549839763.08424
2485.0 10290992706.800661
2495.0 8678240020.774696
2505.0 9989840006.442436
2513.0 9505112478.722586
2518.0 9727808373.674126
2525.0 9787240732.1917
2535.0 9727984205.85022
2545.0 9611855990.608545
2555.0 9470623853.662209
2565.0 9358392593.186523
2575.0 9226416000.950155
2585.0 9113928346.69058
2595.0 8899487936.691013
2605.0 8887591985.448538
2615.0 8716743990.467644
2625.0 8661615919.007168
2635.0 8567384067.990164
2645.0 8426279982.444968
2655.0 8342536592.319876
2665.0 8221664254.701015
2675.0 8037304188.360073
2685.0 8008712431.71063
2695.0 7894711970.455411
2705.0 7842224083.983568
2715.0 7718480184.237431
2725.0 7633864064.6744795
2735.0 7384296205.281525
2745.0 7465527864.981498
2755.0 7359295868.228616
2765.0 7264168242.586775
2775.0 7184576411.455411
2785.0 7065344512.587005
2795.0 6937319795.146621
2805.0 6907600193.245582
2815.0 6833624058.740755
2825.0 6742135534.723748
2835.0 6669007775.475457
2845.0 6604904203.418254
2855.0 6522160296.366209
2865.0 6420672253.247944
2875.0 6348439904.616346
2885.0 6283568090.271618
2895.0 6209952443.419104
2910.0 6091208699.885544
2930.0 5964359988.154313
2950.0 5820744338.356754
2970.0 5674896084.096179
2990.0 5518536351.150145
3010.0 5395047837.9348345
3030.0 5244943839.69307
3050.0 5151712146.807509
3070.0 5035992172.588969
3090.0 4937736282.034141
3110.0 4833760520.9725485
3130.0 4724143895.011184
3150.0 4632656166.374679
3170.0 4526296261.463716
3190.0 4433679952.938231
3210.0 4281088060.3902564
3230.0 4245832014.2298803
3250.0 4161472003.694498
3270.0 4037112186.533875
3290.0 3975495929.192403
3310.0 3888008204.5603795
3330.0 3806264063.8409443
3350.0 3705904376.445762
3370.0 3644288044.8306065
3390.0 3576928337.949158
3410.0 3500440236.8590903
3430.0 3438696148.0055475
3450.0 3352079879.8119774
3470.0 3299464083.8044095
3490.0 3234720136.380033
3510.0 3172976027.1234026
3530.0 3104488141.875736
3550.0 3042744171.207291
3570.0 2986127963.634921
3590.0 2924384045.7316456
3610.0 2861640077.471572
3630.0 2806023922.0497494
3640.0 2740048186.091108
3650.0 2509863990.702676
3670.0 2465120061.5375137
3690.0 2428991945.3699484
3710.0 2396352014.387291
3730.0 2393712086.020273
3750.0 2415456039.6342254
3770.0 2407199905.2381954
3790.0 2417968219.1395664
3810.0 2427480185.29819
3830.0 2297712127.895353
3850.0 2374120088.9690685
3870.0 2332992053.0399237
3890.0 2166607946.630874
3910.0 2271887899.6430144
3930.0 2207143960.610894
3950.0 2179015936.7114496
3970.0 2001375938.8698711
3990.0 2111528000.4431078
4010.0 2070655947.8709013
4030.0 2006784045.3483756
4050.0 2003040064.0602145
4070.0 1957912054.6365128
4090.0 1888911977.888569
4110.0 1782784079.4834368
4130.0 1856424045.164648
4150.0 1825679938.3047886
4170.0 1800935956.546067
4190.0 1766192000.8554673
4210.0 1721448043.6955857
4230.0 1712576102.4649553
4250.0 1681319943.3137074
4270.0 1652448141.9112983
4290.0 1624704008.7555945
4310.0 1592703973.515658
4330.0 1534704042.5813735
4350.0 1462447983.7571602
4370.0 1515216010.937862
4390.0 1481216052.3520932
4410.0 1459472001.8834727
4430.0 1442600043.2819083
4450.0 1417728061.0099368
4470.0 1384600133.2916558
4490.0 1372984076.5948486
4510.0 1343983957.076341
4530.0 1324112066.3250515
4550.0 1289368153.0066812
4570.0 1286368027.161709
4590.0 1264368005.6565118
4610.0 1246367988.0867321
4630.0 1220496059.8760397
4650.0 1177240083.5859964
4670.0 1184624081.9740138
4690.0 1138136017.547707
4710.0 1148751976.1439147
4730.0 1138008094.35457
4750.0 1120136017.3231287
4770.0 1103264065.9340854
4790.0 1086264102.9154966
4810.0 1069392055.6148809
4830.0 1052392011.0996239
4850.0 1023315253.346592
4870.0 960325600.8643883
4890.0 1004660770.4931267
4910.0 990073559.113801
4930.0 970722481.5030973
4950.0 960876046.0677772
4970.0 947691225.9659333
4990.0 933955204.8684345
5010.0 915678406.0776968
5030.0 905544831.0464648
5050.0 891783157.6699934
5070.0 880185659.432805
5090.0 867536802.7560846
5110.0 855088011.9420059
5130.0 842452000.2530409
5150.0 830290416.2682177
5170.0 818541604.7910626
5190.0 806892829.5449026
5210.0 795456823.3788087
5230.0 784395226.2959985
5250.0 772033588.291833
5270.0 760897605.5483289
5290.0 751736038.0960015
5310.0 741187238.1708009
5330.0 730738446.3274648
5350.0 720776818.0656282
5370.0 710815218.1199633
5390.0 700953639.9022046
5410.0 681894402.2709718
5430.0 681956014.093926
5450.0 672681637.66026
5470.0 663332801.05687
5490.0 654471171.8064419
5510.0 645009585.3015422
5530.0 636947977.442781
5550.0 628473602.5292839
5570.0 619612043.4979444
5590.0 609863188.2180849
5610.0 603688868.1164517
5630.0 595627190.4025952
5650.0 587752863.0216539
5670.0 579978360.046235
5690.0 564268058.0599314
5710.0 533441595.5556005
5730.0 526667237.1416991
5750.0 519892793.3487944
5770.0 513718383.02829695
5790.0 507818387.54921865
5810.0 500644012.4726874
5830.0 497592814.739678
5850.0 494092807.2568829
5870.0 485103192.204539
5890.0 486454396.3955768
5910.0 483228779.7231794
5930.0 480390399.6051881
5950.0 478051992.6993889
5970.0 475052017.9482006
5990.0 471251997.91608673
6010.0 466090386.0618971
6030.0 460303182.8149792
6050.0 454928804.80156064
6070.0 448867210.45540136
6090.0 444067222.00979024
6110.0 438092809.45177484
6130.0 432731204.7480611
6150.0 428018409.31257004
6170.0 421382416.8637949
6190.0 417882408.4079972
6210.0 412895199.64426494
6230.0 406259211.25449765
6250.0 402746417.6822263
6270.0 398159217.4786463
6290.0 393384834.80867004
6310.0 386548791.85933226
6330.0 384123223.94282776
6350.0 379448790.01611334
6370.0 375061586.126594
6390.0 370587213.5101952
6410.0 363851187.7883065
6430.0 362025617.7085002
6450.0 357538409.53724056
6470.0 353351199.01365125
6490.0 349376791.3446689
6510.0 345202425.72052723
6530.0 338453611.91026044
6550.0 334602385.71626925
6570.0 311664003.9785215
6590.0 329453609.3701605
6610.0 326066411.2632629
6630.0 322392003.4552187
6650.0 318704789.2059064
6670.0 313304809.83866614
6690.0 307468823.1590837
6710.0 307543212.60310304
6730.0 304168816.21090823
6750.0 300781606.6041159
6770.0 297707196.15738785
6790.0 294507216.8277972
6810.0 291232820.34191066
6830.0 288032810.32241887
6850.0 284758419.33417594
6870.0 281571198.9166821
6890.0 275735219.53817284
6910.0 275396814.4646209
6930.0 272509610.31535685
6950.0 269522409.2977929
6970.0 266635207.32618847
6990.0 263748002.4573083
7010.0 260760790.5797299
7030.0 257660802.72169992
7050.0 255086413.9383327
7070.0 250760784.660087
7090.0 249812000.89659265
7110.0 247124813.01838154
7130.0 244524798.37406462
7150.0 241950403.87133992
7170.0 237688815.79886654
7190.0 236076013.49621892
7210.0 234375999.47405124
7230.0 231876014.92579016
7250.0 229488805.30601144
7270.0 227101605.9138353
7290.0 224101607.2949243
7310.0 222240006.7223986
7330.0 220127201.11626187
7350.0 217840009.18780538
7370.0 215465606.2972346
7390.0 213365611.3238385
7410.0 211078402.2246522
7430.0 208991213.7242531
7450.0 206704005.66362503
7470.0 204704003.8397515
7490.0 202304001.94487402
7510.0 200529610.30416936
7530.0 198629588.21959478
7550.0 196542400.1058448
7570.0 194555220.24344325
7590.0 190493598.62296447
7610.0 190567999.32593867
7630.0 188767995.2352865
7650.0 186893611.28424808
7670.0 185093605.95628235
7690.0 182993601.89530125
7710.0 181306396.94158977
7730.0 179406410.53471673
7750.0 177819195.07106712
7770.0 176131999.4335859
7790.0 174432005.57348576
7810.0 172744806.55028126
7830.0 171044810.43257415
7850.0 169157601.36755148
7870.0 167670408.27529076
7890.0 166070402.14872724
7910.0 164583204.43914655
7930.0 162983202.11876255
7950.0 161396003.56679544
7970.0 159708797.51842752
7990.0 158308799.77412304
8010.0 156821599.03350875
8030.0 155221612.8080843
8050.0 153834404.15833378
8070.0 152434404.97746238
8090.0 150934403.8194956
8110.0 149534400.23582906
8130.0 148147201.07507798
8150.0 146747198.55931568
8170.0 145272801.80002022
8190.0 143472800.09077367
8210.0 137775206.07489014
8230.0 135788004.90278733
8250.0 135188005.54273036
8270.0 133988003.91202943
8290.0 132888009.13257605
8310.0 131700798.03355667
8330.0 130300801.03563955
8350.0 129100805.12261704
8370.0 128200794.07855992
8390.0 127200795.05829413
8410.0 126113595.40381823
8430.0 125113602.47383742
8450.0 124000805.34061605
8470.0 123113601.28684068
8490.0 122200806.2568984
8510.0 120813602.28358066
8530.0 120413599.96463087
8550.0 119000804.03310674
8570.0 118813598.15134637
8590.0 117100801.21319744
8610.0 116300802.95906991
8630.0 116426403.0469597
8650.0 115213603.96133961
8670.0 112287998.86407284
8690.0 114126397.97753648
8710.0 113626399.62638298
8730.0 112313600.53106351
8750.0 107775202.63727798
8770.0 110213600.9552939
8790.0 110526403.73608606
8810.0 109639199.05581127
8830.0 108739202.40159951
8850.0 106013601.08054465
8870.0 101703361.4997121
8890.0 105652001.3046857
8910.0 105252003.32120746
8930.0 104164797.89905365
8950.0 103464799.89470431
8970.0 102662239.55075324
8990.0 101159679.6134735
9010.0 95650240.26877747
9030.0 97523276.06784473
9050.0 98968882.30340596
9070.0 98100162.95437974
9090.0 97449123.22782847
9110.0 96501917.78024274
9130.0 95899356.08421168
9150.0 95111921.52824722
9170.0 94234486.53285293
9190.0 93414481.00461894
9210.0 91600394.45913327
9230.0 85806078.16177484
9250.0 90083203.21730073
9270.0 90316004.34049107
9290.0 89653679.89423786
9310.0 88862397.79779088
9330.0 88180079.84528537
9350.0 86094400.53749713
9370.0 86346723.18688932
9390.0 86037762.82893679
9410.0 85271601.42156686
9430.0 84604158.92766915
9450.0 83947997.63132927
9470.0 83166719.29498334
9490.0 82581839.40999097
9510.0 81565438.69522336
9530.0 79987753.97136545
9550.0 74981119.93244775
9570.0 79274398.88122712
9590.0 79244646.80401377
9610.0 78627200.87639967
9630.0 77928482.52690162
9650.0 77424885.02571093
9670.0 76817438.05094102
9690.0 76190002.93427029
9710.0 74768479.97459172
9730.0 74882559.72006242
9750.0 74350243.6133138
9770.0 73403043.5738323
9790.0 73222801.42620233
9810.0 72654079.17500602
9830.0 72057920.1067367
9850.0 71510477.69674782
9870.0 70961761.43258579
9890.0 70393039.77969883
9910.0 69824322.18428172
9930.0 69308156.74464712
9950.0 68772002.24661052
9970.0 68242003.65921392
9990.0 67714562.70909762
10025.0 65745602.99400611
10075.0 63882001.08312139
10125.0 63370161.971970834
10175.0 63063757.826611064
10225.0 61868881.07754951
10275.0 60685276.554764554
10325.0 59467843.21833961
10375.0 58472957.59086137
10425.0 57193197.50088277
10475.0 56333200.25429192
10525.0 55297041.24410896
10575.0 54292163.58781905
10625.0 53314723.36303976
10675.0 52328562.96197102
10725.0 51403676.64586205
10775.0 50486242.210224606
10825.0 49318799.64937087
10875.0 48693923.64873024
10925.0 46044959.05881369
10975.0 46687759.84727702
11025.0 46122879.907554045
11075.0 45368001.53980785
11125.0 44581839.91051864
11175.0 43833120.46281769
11225.0 43066962.10138063
11275.0 42330801.7493304
11325.0 41603359.34570287
11375.0 40897201.10856864
11425.0 40209760.81823291
11475.0 39532323.25513657
11525.0 38864880.00685171
11575.0 38207440.22677546
11625.0 37296401.05761394
11675.0 36767680.901286684
11725.0 36345121.83046775
11775.0 35747679.5839311
11825.0 35150242.6147086
11875.0 34582800.13861631
11925.0 34025360.39660517
11975.0 33334081.37857855
12025.0 32939199.948437933
12075.0 32401760.12895602
12125.0 31874322.7016013
12175.0 31376878.927287318
12225.0 30879439.638960306
12275.0 30390722.35955258
12325.0 29913279.65992398
12375.0 29444559.848898713
12425.0 28985840.6197568
12475.0 28528399.45241171
12525.0 28069680.13620307
12575.0 27652240.405765984
12625.0 27233520.48642962
12675.0 26816078.966063716
12725.0 26407362.10291864
12775.0 25836078.661711484
12825.0 24594800.29229052
12875.0 25192481.854005054
12925.0 24843758.791977476
12975.0 24423761.570367597
13025.0 24097599.270666283
13075.0 23747599.256212786
13125.0 23390159.548643384
13175.0 23051438.89398497
13225.0 22712719.169014152
13275.0 22373999.139107466
13325.0 22046561.52724133
13375.0 21726560.175914295
13425.0 21407839.084573913
13475.0 21100400.063201033
13525.0 20800401.25694942
13575.0 20501679.03542961
13625.0 20204241.684679218
13675.0 19915520.681152
13725.0 19635519.6968658
13775.0 19356800.079885233
13825.0 19088080.573432606
13875.0 18819360.205562774
13925.0 18550640.15253328
13975.0 18291919.692587078
14025.0 18041919.57829011
14075.0 17793200.17915868
14125.0 17544480.402784456
14175.0 17305760.012948684
14225.0 17067039.58694778
14275.0 16828320.0676798
14325.0 16599600.957611702
14375.0 16379599.991174841
14425.0 16159599.217341047
14475.0 15940880.287452802
14525.0 15723440.044863202
14570.0 15533440.539996099
14620.0 15324720.391233334
14675.0 15104720.36183698
14725.0 14906000.497366037
14775.0 14618560.553078009
14825.0 14517279.754019124
14875.0 14328559.461192954
14925.0 14138560.203475313
14975.0 13949840.947024148
15025.0 13771120.216039311
15075.0 13582400.896656156
15125.0 13412400.429826971
15175.0 13243680.304713648
15225.0 13073679.55900085
15275.0 12904960.440970764
15325.0 12734960.295579014
15375.0 12576240.30616579
15425.0 12407519.998262001
15475.0 12257519.950184295
15525.0 12107520.70418151
15575.0 11937519.643205648
15625.0 11818800.34333582
15675.0 11640080.481462276
15725.0 11480079.892408302
15775.0 11390080.498679884
15825.0 11241359.955195792
15875.0 11011360.14611655
15925.0 10952639.660378473
15975.0 10853920.081501996
16050.0 10633919.738853421
16150.0 10313920.258223016
16250.0 10147503.971272118
16350.0 9875248.104813961
16450.0 9560760.470381241
16550.0 9444935.577076975
16650.0 9223704.346794384
16750.0 8971216.231890429
16850.0 8677472.183826307
16950.0 8597391.985724976
17050.0 8380903.911881934
17150.0 8208055.854590024
17250.0 8021952.689279428
17350.0 7688312.563427092
17450.0 7657975.752693544
17550.0 7495000.070787129
17650.0 7328768.4387751715
17750.0 7167408.036874752
17850.0 7010048.029455795
17950.0 6856816.134246268
18050.0 6708328.301456958
18150.0 6430071.943022333
18250.0 6406352.009865021
18350.0 6285247.905365676
18450.0 6151760.092145576
18550.0 6021144.377574894
18650.0 5831424.189247165
18750.0 5628039.762994655
18850.0 5651807.809495557
18950.0 5535320.030057319
19050.0 5413576.039988845
19150.0 5310344.314445356
19250.0 5202728.317557764
19350.0 5095112.326175578
19450.0 4872728.358264039
19550.0 4889880.229232713
19650.0 4796392.057242727
19750.0 4700776.033567056
19850.0 4607287.923075087
19950.0 4516671.883395859
20050.0 4428927.959655165
20150.0 4342312.054573771
20250.0 4257824.04717498
20350.0 4176080.235112768
20450.0 4095336.224842352
20550.0 4013720.2953704568
20650.0 3940976.00368137
20750.0 3865488.2039253567
20850.0 3792744.0153638725
20950.0 3721999.98415913
21050.0 3652384.2373874183
21150.0 3578512.1311123744
21250.0 3517895.985211578
21350.0 3453152.0978258713
21450.0 3389408.1380978595
21550.0 3327535.926398253
21650.0 3180408.123568622
21750.0 3205176.0124589936
21850.0 3149560.285770191
21950.0 3093688.148769659
22050.0 3038943.9803620186
22150.0 2985072.042245009
22250.0 2931456.097786603
22350.0 2880584.026897176
22450.0 2829839.9846090656
22550.0 2780095.9987710733
22650.0 2732224.043217843
22750.0 2684479.9050164083
22850.0 2642608.011933692
22950.0 2596863.988417175
23050.0 2552120.0595821533
23150.0 2509248.112646647
23250.0 2466504.2026929525
23350.0 2424632.199912491
23450.0 2383888.174050327
23550.0 2344016.103134044
23650.0 2305144.023906024
23750.0 2266400.0486834776
23850.0 2229400.020848777
23950.0 2192656.063376276
24050.0 2156656.043666359
24150.0 2120912.1416275213
24250.0 2086039.9581524613
24350.0 2053168.0290110908
24450.0 2019295.9447872122
24550.0 1987423.915863751
24650.0 1954551.9837974543
24750.0 1921679.9957261158
24850.0 1893808.0018231317
24950.0 1859936.040026422
25050.0 1834192.0228751872
25150.0 1805320.095218317
25250.0 1772319.9618974095
25350.0 1749447.9441343127
25450.0 1722576.092110872
25550.0 1694704.1172258775
25650.0 1661832.1278593924
25750.0 1643959.9979450968
25850.0 1619088.016413098
25950.0 1594215.9779737217
26050.0 1567216.0665403914
26150.0 1532344.0557569044
26250.0 1478344.0329373167
26350.0 1498472.070891397
26450.0 1477728.0221692042
26550.0 1454855.980445364
26650.0 1432856.0207905595
26750.0 1396856.031792439
26850.0 1389983.9425970982
26950.0 1372112.0566167638
27050.0 1351239.9668197415
27150.0 1332240.0129955693
27250.0 1312368.062910182
27350.0 1293496.0618117123
27450.0 1274496.0437826666
27550.0 1239496.023922981
27650.0 1232624.0454176469
27750.0 1220752.0795229478
27850.0 1203751.979009322
27950.0 1186879.9923219036
28050.0 1170008.034315685
28150.0 1153136.0201117261
28250.0 1137136.0290404698
28350.0 1121264.0346447479
28450.0 1105264.037602793
28550.0 1090264.0507914093
28650.0 1072264.0623853104
28750.0 1040392.0314164488
28850.0 1045520.0701470925
28950.0 1031520.0490802495
29050.0 1017622.4090592082
29150.0 1003686.4733239581
29250.0 990050.4272383993
29350.0 976701.6256845314
29450.0 963565.6488686817
29550.0 950616.8026075308
29650.0 937967.9935614832
29750.0 925432.0348526463
29850.0 913170.3994095472
29950.0 901034.4482624907
30050.0 889185.5955697603
30150.0 877436.7890471839
30250.0 865975.1987244249
30350.0 839262.3808859863
30450.0 836226.4282358469
30550.0 832616.0461816449
30650.0 821780.0125860156
30750.0 811218.4325223672
30850.0 800756.8124666117
30950.0 790508.0690829487
31050.0 780446.4342326978
31150.0 770484.8050471051
31250.0 760723.194808615
31350.0 751074.4367316713
31450.0 741612.7791314663
31550.0 732251.2148700812
31650.0 723089.669026674
31750.0 714040.8082340816
31850.0 705166.4173881968
31950.0 696404.8095110054
32100.0 683555.9934191768
32300.0 666832.8019046597
32500.0 650596.7978427641
32700.0 634860.8412311961
32900.0 609699.2045642296
33100.0 603576.0292467345
33300.0 590852.8214340605
33500.0 576929.6036823808
33700.0 563380.8003859504
33900.0 550244.7987958387
34100.0 537496.0209148192
34300.0 525047.1965508352
34500.0 512998.4000278944
34700.0 501349.59392246784
34900.0 489900.792487369
35100.0 478852.01981084165
35300.0 468190.4048112405
35500.0 457728.8087581928
35700.0 447580.00720337674
35900.0 437718.41403642826
36100.0 428069.58695752884
36300.0 418707.9871045469
36500.0 409646.39226943784
36700.0 400784.80986926873
36900.0 392210.4173497088
37100.0 383461.6087655239
37300.0 372861.6183639238
37500.0 362900.0212859553
37700.0 359951.19564866467
37900.0 352476.80521315953
38100.0 344815.19437686
38300.0 337653.6192089212
38500.0 330979.2179852977
38700.0 324204.82027203706
38900.0 317543.1927266075
39100.0 310256.0204271899
39300.0 304894.40646005626
39500.0 298720.01713673165
39700.0 292745.6119387521
39900.0 286971.21322282567
40100.0 280684.00545286876
40300.0 274509.60346214793
40500.0 265822.4170371277
40700.0 265060.7957779598
40900.0 259886.40126238845
41100.0 254899.20868553125
41300.0 249837.6178286013
41500.0 245150.40342800104
41700.0 238563.19587752337
41900.0 235888.80438535343
42100.0 231514.41343066204
42300.0 227127.20152472728
42500.0 222840.00122259837
42700.0 218765.58906758405
42900.0 214578.39090910807
43100.0 210704.00374472473
43300.0 206903.9948618162
43500.0 203129.617903631
43700.0 197442.3890557888
43900.0 195355.20802599756
44100.0 192268.00229239895
44300.0 188793.6103850086
44500.0 185406.39777745478
44700.0 182219.2085698973
44900.0 178944.81121088314
45100.0 175844.80119773443
45300.0 172757.61157114728
45500.0 169683.20492091117
45700.0 166783.20936355647
45900.0 163896.00686600123
46100.0 161008.79783843792
46300.0 158234.40370751714
46500.0 152121.60046024088
46700.0 150534.40727999527
46900.0 150047.19569433585
47100.0 147772.80219930047
47300.0 145285.60308139242
47500.0 142885.60550135435
47700.0 140498.39968411578
47900.0 138111.20159717218
48100.0 135824.00801215597
48300.0 133624.00679043893
48500.0 131436.796006994
48700.0 129249.60397678622
48900.0 127162.41053652011
49100.0 125062.40043204147
49300.0 123075.19951775514
49500.0 121088.00032565219
49700.0 119187.99500023022
49900.0 117200.79474622071
50100.0 115400.80261872671
50300.0 113513.60253612928
50500.0 111726.40572338463
50700.0 110026.40170304303
50900.0 108239.20410135116
51100.0 106451.99954848277
51300.0 103041.761684694
51500.0 103252.00248115223
51700.0 101671.20167812823
51900.0 100168.63883255099
52100.0 98610.15885836349
52300.0 97106.56483929948
52500.0 95631.68519957639
52700.0 94179.36048619157
52900.0 92764.47703235342
53100.0 91370.88564427146
53300.0 90006.00186177579
53500.0 88661.12021832458
53700.0 87327.52247906885
53900.0 86041.36313899558
54100.0 84779.0369741287
54300.0 83534.16231289078
54500.0 82309.2834443761
54700.0 81104.39940270582
54900.0 79929.52212211896
55100.0 78764.64270625866
55300.0 77527.19746043877
55500.0 76513.602523624
55700.0 75418.71824039564
55900.0 74342.56220961605
56100.0 73287.68112304367
56300.0 72242.79834324493
56500.0 71226.64146148787
56700.0 70220.47979052125
56900.0 69234.3239379211
57100.0 68048.15860286562
57300.0 67313.27744415512
57500.0 66377.11971178318
57700.0 65460.96295749223
57900.0 64554.80008848948
58100.0 63668.64055414568
58300.0 62792.480755828336
58500.0 61956.31963354433
58700.0 61110.16165342409
58900.0 60191.43994935612
59100.0 58124.00020787074
59300.0 58619.12390510917
59500.0 57571.68018832102
59700.0 56986.80120527221
59900.0 56340.6401819115
60100.0 55593.20052032922
60300.0 54855.76213396738
60500.0 54129.60118248084
60700.0 53413.440075635146
60900.0 52716.00369313031
61100.0 52028.55783937212
61300.0 51351.12021585264
61500.0 50683.68125812302
61700.0 50026.23988893202
61900.0 49380.08198985209
62100.0 48742.640742833755
62300.0 48115.20190279912
62500.0 47497.763671438115
62700.0 46860.32076947781
62900.0 45831.60055131446
63100.0 45645.439644585495
63300.0 45138.00017323536
63500.0 44560.56068391594
63700.0 44003.12056820505
63900.0 43455.67966865122
64200.0 42648.242117444
64600.0 41593.35895163339
65000.0 40577.201971811744
65400.0 39582.322452034794
65800.0 38626.15936095474
66200.0 37699.99951514617
66600.0 36793.83971993676
67000.0 35917.67973119256
67400.0 35050.23966554183
67800.0 33972.800567226084
68200.0 33447.92000973665
68600.0 32670.48154909945
69000.0 31914.321853701254
69400.0 31178.160221680868
69800.0 30470.71972486346
70200.0 29773.281033991312
70600.0 29105.84130439782
71000.0 28449.679994315302
71400.0 27812.240191090943
71800.0 27194.800503997543
72200.0 26596.079453854625
72600.0 26009.920943898698
73000.0 25441.200722479047
73400.0 24885.03981073098
73800.0 24346.320236320404
74200.0 23807.599953676316
74600.0 22931.439642800324
75000.0 22292.721455618193
75400.0 22305.281375754115
75800.0 21866.561452671132
76200.0 21409.119837585447
76600.0 20960.399310455956
77000.0 20522.9611692047
77400.0 20104.24113049743
77800.0 19666.800619833826
78200.0 19288.08013091039
78600.0 18899.3595259882
79000.0 18511.92131486805
79400.0 18143.199804347976
79800.0 17774.479634637933
80200.0 17425.760720726437
80600.0 17077.040428535154
81000.0 16739.600208513424
81400.0 16380.880562828204
81800.0 16082.159841643785
82200.0 15782.160231511118
82600.0 15474.720077279335
83000.0 15176.001193443437
83400.0 14885.999414669806
83800.0 14598.56066724491
84200.0 14319.840409119673
84600.0 14051.11975404694
85000.0 13791.121019546765
85400.0 13532.400506896995
85800.0 13273.680682294094
86200.0 13034.96038266161
86600.0 12734.959472429466
87000.0 12556.239775199747
87400.0 12237.520803017978
87800.0 12008.79942718352
88200.0 11880.07951011952
88600.0 11670.080207472416
89000.0 11461.359964286597
89400.0 11252.64066394832
89800.0 11052.640332001585
90200.0 10853.9204120741
90600.0 10665.200710550305
91000.0 10475.199781235211
91400.0 10295.967527946339
91800.0 10116.735857562197
92200.0 9937.888197721173
92600.0 9765.78390288625
93000.0 9597.424493007384
93400.0 9433.063974085191
93800.0 9206.576542130173
94200.0 9100.344606907569
94600.0 8960.112525120037
95000.0 8808.879872194066
95400.0 8661.39177551315
95800.0 8516.03233950801
96200.0 8374.544059910637
96600.0 8236.184412263414
97000.0 8099.69634538757
97400.0 7966.3361984470075
97800.0 7835.848508742377
98200.0 7708.360353801318
98600.0 7583.000072324793
99000.0 7460.512072079506
99400.0 7340.023527014389
99800.0 7222.40802534728
100200.0 7106.920284575998
200000.0 436.4824027742416
400000.0 26.46863981696997
600000.0 5.1312398951918246
800000.0 1.6010880479064782
1000000.0 0.6487840100503433
1200000.0 0.30995601385661925
1400000.0 0.1659832030261166
1600000.0 0.09665015887803635
