wave flux
90.9000015258789 0.0
93.5 0.0
96.0999984741211 0.0
97.69999694824219 0.0
99.5999984741211 0.0
102.0 0.0
103.80000305175781 0.0
105.5999984741211 0.0
107.69999694824219 0.0
110.4000015258789 0.0
114.0 0.0
117.80000305175781 0.0
121.30000305175781 0.0
124.80000305175781 0.0
127.0999984741211 0.0
128.39999389648438 0.0
130.5 0.0
132.39999389648438 0.0
133.89999389648438 0.0
136.60000610351562 0.0
139.8000030517578 0.0
143.3000030517578 0.0
147.1999969482422 0.0
151.0 0.0
155.1999969482422 0.0
158.8000030517578 0.0
162.0 0.0
166.0 0.0
170.3000030517578 0.0
173.39999389648438 0.0
176.8000030517578 0.0
180.1999969482422 0.0
181.6999969482422 0.0
186.10000610351562 0.0
191.0 0.0
193.89999389648438 0.0
198.39999389648438 0.0
201.8000030517578 0.0
205.0 0.0
210.5 0.0
216.1999969482422 0.0
219.8000030517578 0.0
223.0 0.0
226.8000030517578 0.0
230.0 0.0
234.0 0.0
240.0 0.0
246.5 0.0
252.39999389648438 0.0
256.79998779296875 0.0
260.0 0.0
264.0 0.0
268.5 0.0
273.5 0.0
278.5 0.0
284.0 0.0
290.0 0.0
296.0 0.0
301.0 0.0
308.0 0.0
318.0 0.0
328.0 0.0
338.0 0.0
348.0 0.0
357.0 0.0
366.0 0.0
375.0 0.0
385.0 0.0
395.0 0.0
405.0 0.0
414.0 0.0
422.0 0.0
430.0 1.9595999102454668e-25
441.0 1.2455999830394433e-24
451.0 7.751519702732381e-24
460.0 3.116616103604247e-23
470.0 1.3706079959914187e-22
480.0 5.648480238112356e-22
490.0 2.1925439574420007e-21
500.0 8.037760693857508e-21
506.0 2.2682959490422256e-20
512.0 5.3109598954824716e-20
520.0 1.3725840284617954e-19
530.0 4.340000020612843e-19
540.0 1.2918239294272427e-18
550.0 3.733440063908904e-18
560.0 1.0306639988922243e-17
570.0 2.7399199094014455e-17
580.0 6.948480385660837e-17
590.0 1.7421680666615105e-16
600.0 4.1821600589240186e-16
610.0 9.741760198642304e-16
620.0 2.2032799778041013e-15
630.0 4.8464001129836526e-15
640.0 1.0390960436726858e-14
650.0 2.1724000275996923e-14
658.0 3.8519201397040997e-14
665.0 6.27352000338112e-14
675.0 1.2382640478631462e-13
685.0 2.3932800234905386e-13
695.0 4.5272001145405583e-13
705.0 8.373039938889827e-13
716.0 1.6226321123433403e-12
726.0 2.898160090683433e-12
735.0 4.812000090641222e-12
745.0 8.320159981406605e-12
755.0 1.4164640094226565e-11
765.0 2.3773201915262603e-11
775.0 3.9268000885618215e-11
785.0 6.405920351515587e-11
795.0 1.0214160177273925e-10
805.0 1.6293600187747425e-10
815.0 2.561960025448314e-10
825.0 3.968959947974174e-10
835.0 6.079039973280667e-10
845.0 9.206159763488046e-10
855.0 1.3794480181317591e-09
865.0 2.0456000729855915e-09
875.0 2.996640039423234e-09
885.0 4.3644799841071665e-09
895.0 6.286720208099758e-09
905.0 8.971039789571535e-09
915.0 8.327840216584305e-06
925.0 2.8948801282590424e-05
935.0 4.146239994053045e-05
945.0 5.9304001342354864e-05
955.0 8.759600230284762e-05
965.0 0.0001237768051742304
975.0 0.00017154400076009843
985.0 0.00023750001000416354
995.0 0.0003255279985077876
1005.0 0.0004568720065585492
1015.0 0.0006190559780040177
1025.0 0.000817928003923096
1035.0 0.00112443201893669
1045.0 0.0015009600374023076
1055.0 0.001985240042912235
1065.0 0.0026147201657281387
1075.0 0.003441360016584837
1085.0 0.004501440065176519
1095.0 0.005818000024260391
1105.0 0.01656600088566867
1115.0 0.05025120010479732
1125.0 0.07447600015787446
1135.0 0.11051440578899892
1145.0 0.14384560258321882
1155.0 0.16554000104864475
1165.0 0.2233560145873076
1175.0 0.2806879982256882
1185.0 0.3084319944259601
1195.0 0.2317399967320889
1205.0 0.23865599377696192
1215.0 0.08847440381543063
1225.0 0.3053080082311762
1235.0 0.6324640224251432
1245.0 0.9415680082239344
1255.0 1.2187680630473396
1265.0 1.2838560711028104
1275.0 1.5930800305928914
1285.0 1.9189200330298224
1295.0 2.312559981900753
1305.0 2.4331200157953736
1315.0 3.011760144769769
1325.0 3.3001602407052353
1335.0 3.7394401189273845
1345.0 4.300400248973639
1355.0 4.91432001013376
1365.0 5.4167203019877155
1375.0 5.978240102984032
1385.0 6.6078400780683095
1395.0 7.4363200465246235
1405.0 8.799440479639308
1415.0 9.828800274600265
1425.0 11.08776025488861
1435.0 12.70744039516153
1442.0 15.264399594636673
1447.0 14.544879666288649
1455.0 16.72719969229353
1465.0 19.578400478290106
1475.0 19.887599550700127
1485.0 23.08240110678657
1495.0 28.96000030925932
1505.0 34.16560098916053
1512.0 30.22000174590095
1517.0 37.323200092851984
1525.0 47.87999995855273
1535.0 123.42559793476971
1545.0 137.3400014728339
1555.0 202.11601376476236
1565.0 194.12800176852005
1575.0 314.72801685842484
1585.0 376.7200117151428
1595.0 435.6240158461988
1605.0 474.7120019724712
1615.0 530.3520150141428
1625.0 593.9519985122021
1635.0 690.4640352893647
1645.0 939.6319997187815
1655.0 620.0480263064513
1665.0 1074.2960259463532
1672.0 783.0480197069659
1677.0 1211.2800479401997
1685.0 1975.4000478992255
1695.0 2906.2800293541245
1705.0 3717.9200721340862
1715.0 4332.640066652714
1725.0 5320.240114130975
1735.0 7268.32001118527
1745.0 9491.839699831362
1755.0 14537.2010368412
1765.0 10112.080308350232
1775.0 13417.200366099189
1785.0 18432.80039333182
1795.0 25849.599753783914
1805.0 21488.000190027306
1815.0 18054.7996071385
1825.0 21172.00112268643
1835.0 24089.600628136566
1845.0 15034.40020716295
1855.0 26783.200218701015
1865.0 37267.20088505125
1875.0 37990.4016224519
1885.0 41212.801276858314
1895.0 51355.20041103648
1905.0 46632.80207936947
1915.0 52512.80284355999
1925.0 43859.200323876255
1935.0 25867.6001412462
1945.0 62693.603278647985
1955.0 65840.00302504763
1967.0 85672.00220734725
1976.0 72269.6025696778
1984.0 72633.60437090752
1995.0 83024.79922045555
2005.0 83174.39670083192
2015.0 94071.20396182765
2025.0 73306.40319617404
2035.0 110287.2015772594
2045.0 128653.60353826029
2055.0 121151.99675576627
2065.0 119607.99678722788
2074.0 121834.40286313731
2078.0 191928.00972286743
2085.0 185616.00323944786
2095.0 271568.011086262
2105.0 477000.0354642065
2115.0 639672.0125167358
2125.0 535312.0036634296
2135.0 518128.0064712738
2145.0 750023.9930891052
2155.0 741952.0148250068
2165.0 612072.034919815
2175.0 625576.0160985575
2185.0 903352.0106606603
2195.0 878544.047629799
2205.0 818311.9982330217
2215.0 555152.0065249274
2225.0 731104.013043372
2235.0 1046711.9964975195
2245.0 973840.0043810991
2255.0 670544.0073232164
2265.0 580576.0120052879
2275.0 692143.9963497706
2285.0 993192.0153548334
2295.0 726664.0035231031
2305.0 994400.0227016304
2315.0 813576.019256945
2325.0 749703.9977129034
2335.0 511420.00260508864
2345.0 291512.00130963774
2355.0 737431.9918070583
2365.0 348048.01508896484
2375.0 497652.01111616415
2385.0 244084.0091319649
2395.0 337628.01911945123
2405.0 338683.9960793172
2415.0 432831.99908002367
2425.0 885663.9986526261
2435.0 874168.0595079872
2445.0 1111520.047721961
2455.0 1195519.9831773853
2465.0 991328.0312774001
2475.0 854240.0015805315
2485.0 430324.0156098756
2495.0 618512.0125771757
2505.0 980951.983373858
2513.0 415336.0109942295
2518.0 280972.0031068489
2525.0 290260.0043373365
2535.0 366579.99458007875
2545.0 464108.0045660077
2555.0 1016944.0030272879
2565.0 868839.9877016409
2575.0 1263000.032169499
2585.0 1120440.0346243917
2595.0 983240.0192339733
2605.0 768272.0147220027
2615.0 692968.0156911062
2625.0 1026592.0341130975
2635.0 2037240.0203225752
2645.0 2820359.959962004
2655.0 3813200.3281366783
2665.0 2283200.0521940906
2675.0 2703479.939236727
2685.0 3166440.0070993365
2695.0 2252880.0319679654
2705.0 2852480.0327831614
2715.0 1950680.0845160992
2725.0 1554600.1024024894
2735.0 1953040.1293489672
2745.0 956368.0224647569
2755.0 1412600.0354564902
2765.0 1956560.0122903637
2775.0 2078200.128369428
2785.0 1039519.992992785
2795.0 406184.0069932833
2805.0 515012.00774547114
2815.0 1790600.0183248455
2825.0 2959200.085165854
2835.0 2728440.1012665182
2845.0 1697160.0098160584
2855.0 791080.0034392694
2865.0 2484080.0586157744
2875.0 3526039.9704464604
2885.0 3067520.1277528787
2895.0 3726359.863392311
2910.0 4941040.210799752
2930.0 4348320.143906625
2950.0 4220039.943912621
2970.0 4542720.1554219825
2990.0 4482440.197472395
3010.0 4630279.906645542
3030.0 4867880.207019948
3050.0 5061160.32594843
3070.0 5146479.919471834
3090.0 4953240.245659598
3110.0 5351119.844124094
3130.0 5161880.082536553
3150.0 4914800.055726335
3170.0 5284960.0219766805
3190.0 4719720.2904952755
3210.0 5258800.170517342
3230.0 4374400.173940308
3250.0 5781239.889601989
3270.0 6700080.174358014
3290.0 6461560.324929186
3310.0 6301640.105504391
3330.0 6329040.387751086
3350.0 6172759.756633537
3370.0 4955640.248973117
3390.0 5666680.099915109
3410.0 5752000.109075086
3430.0 5964639.908283475
3450.0 6198160.046738847
3470.0 6353480.154801646
3490.0 6782079.949807994
3510.0 7048160.350682335
3530.0 6572760.311035866
3550.0 7572799.995713453
3570.0 5893640.377930526
3590.0 5878920.070644147
3610.0 6451680.066679376
3630.0 6514559.922532361
3640.0 6563039.827121193
3650.0 7433679.797020567
3670.0 7532480.381908131
3690.0 7265880.510176523
3710.0 7559440.100092676
3730.0 6060479.914629375
3750.0 6718520.207813409
3770.0 7753560.137300875
3790.0 8211759.95923513
3810.0 8352400.199770452
3830.0 5512720.18835399
3850.0 7443440.102367313
3870.0 7397119.798667133
3890.0 7513680.283798471
3910.0 8736800.231119322
3930.0 4796640.34934927
3950.0 7849200.046919606
3970.0 5392920.294870195
3990.0 10106799.79080334
4010.0 10744799.394075276
4030.0 10709599.870875068
4050.0 10358879.989556909
4070.0 10119440.246863922
4090.0 11052400.479082048
4110.0 10383599.847417725
4130.0 11023599.98809626
4150.0 11152800.405581731
4170.0 11162000.632625932
4190.0 10683200.180072255
4210.0 10764800.04878786
4230.0 10241520.111105334
4250.0 10464799.958234072
4270.0 9872320.164731594
4290.0 9079120.142673595
4310.0 7685280.146893444
4330.0 10388400.263820775
4350.0 9779440.238745129
4370.0 11086400.203516224
4390.0 10230400.392660968
4410.0 10842000.097223753
4430.0 11327599.906610543
4450.0 11217600.12508472
4470.0 11685199.445338111
4490.0 11751599.838433875
4510.0 12690000.365671359
4530.0 11623199.546125524
4550.0 11912000.535242246
4570.0 12563999.987376517
4590.0 11909599.899903448
4610.0 12164400.23562387
4630.0 11977200.715477679
4650.0 12079600.091037855
4670.0 12340800.189103365
4690.0 12081200.037469264
4710.0 11605599.613695864
4730.0 12142400.89990214
4750.0 12268800.193121897
4770.0 12254000.835270988
4790.0 12181600.048332408
4810.0 12049200.447032567
4830.0 12153199.974117197
4850.0 11302400.06415587
4870.0 9954960.682504544
4890.0 11548800.10425518
4910.0 11552400.394944487
4930.0 11327599.49877822
4950.0 11711199.809883675
4970.0 11823600.355341267
4990.0 11090400.545100758
5010.0 10664399.8183314
5030.0 11224000.497120993
5050.0 11198000.690286873
5070.0 11572800.567713901
5090.0 11180400.252921637
5110.0 11329200.032232797
5130.0 11064399.884973181
5150.0 10720800.712508073
5170.0 9857040.032359838
5190.0 9900400.723304978
5210.0 10680000.253683418
5230.0 10798799.727278363
5250.0 11070000.180178767
5270.0 9924720.050401486
5290.0 10932800.21315232
5310.0 11189200.544559529
5330.0 10248479.827597728
5350.0 10886799.401383242
5370.0 10845600.219988827
5390.0 10734399.586149536
5410.0 10378400.206500722
5430.0 10640800.577118535
5450.0 10839599.997802518
5470.0 10647200.413535437
5490.0 10574800.397639405
5510.0 10575999.547084931
5530.0 10601200.097417083
5550.0 10701200.4369128
5570.0 10407600.67289203
5590.0 10219920.076021435
5610.0 10442799.975599954
5630.0 10484000.122116204
5650.0 10430400.234566197
5670.0 10197680.253501225
5690.0 10306800.092520135
5710.0 10132960.534993285
5730.0 10596799.650223501
5750.0 10302000.212899327
5770.0 10362000.038510235
5790.0 10126400.46502386
5810.0 10268399.909493158
5830.0 10346000.511400323
5850.0 10135680.045069193
5870.0 10128000.106729705
5890.0 9527760.551203348
5910.0 10012639.871268412
5930.0 9967600.109664774
5950.0 9962880.528755724
5970.0 9947840.185426515
5990.0 9849280.08566513
6010.0 9698639.650327867
6030.0 9681520.24918906
6050.0 9814160.147177164
6070.0 9753279.730936801
6090.0 9564719.932456173
6110.0 9464960.312781952
6130.0 9167280.048642645
6150.0 9236320.243957123
6170.0 8987520.25108035
6190.0 9351920.39713317
6210.0 9350720.162284484
6230.0 9132160.0003937
6250.0 8873520.10781744
6270.0 9178880.055429695
6290.0 9182960.48166343
6310.0 8933199.883605456
6330.0 8946719.974001853
6350.0 8939040.026057646
6370.0 8891360.147217777
6390.0 8920160.70290332
6410.0 8720240.111593144
6430.0 8780400.722703258
6450.0 8661760.403887337
6470.0 8633880.2785703
6490.0 8510880.282476328
6510.0 8642680.051738717
6530.0 8605960.653649729
6550.0 8259920.396741738
6570.0 7288320.150997602
6590.0 8375639.6141581815
6610.0 8489319.928959232
6630.0 8428800.617037373
6650.0 8397200.094342457
6670.0 8295640.178854337
6690.0 8368440.057030838
6710.0 8226560.354756194
6730.0 8267160.060588175
6750.0 8169480.38998375
6770.0 8153600.329009189
6790.0 8108159.573374166
6810.0 8046199.580286381
6830.0 8058279.843218467
6850.0 7908920.404624463
6870.0 7948960.469568413
6890.0 7930400.332041245
6910.0 7870560.461036914
6930.0 7832600.10101113
6950.0 7791880.087893732
6970.0 7769320.100702137
6990.0 7733959.966383908
7010.0 7530919.751526526
7030.0 7610319.606233755
7050.0 7612239.9451533565
7070.0 7544760.410644934
7090.0 7500919.712104043
7110.0 7472840.525443719
7130.0 7387160.372231123
7150.0 7334560.061794676
7170.0 7298759.866079774
7190.0 7141879.94450383
7210.0 7224440.32692222
7230.0 7202760.36681848
7250.0 7209799.693188535
7270.0 7178560.339387533
7290.0 7008600.473435972
7310.0 7079520.241039454
7330.0 7036800.146998327
7350.0 7043439.98824702
7370.0 7021999.90844061
7390.0 6866920.092781197
7410.0 6770359.954608725
7430.0 6817279.922460208
7450.0 6812800.3238355955
7470.0 6834600.31207314
7490.0 6762880.052711702
7510.0 6751400.309243033
7530.0 6734559.804546444
7550.0 6729080.220300908
7570.0 6657240.322053489
7590.0 6632399.599998446
7610.0 6582559.91821103
7630.0 6589720.208681401
7650.0 6546519.969997116
7670.0 6396800.389498073
7690.0 6471360.480471957
7710.0 6403240.309009859
7730.0 6395880.116544592
7750.0 6313919.929107906
7770.0 6340200.1729083825
7790.0 6348600.003035724
7810.0 6301520.151427399
7830.0 6230440.197717383
7850.0 6210359.7665609745
7870.0 6232880.076045906
7890.0 6193519.963522679
7910.0 6120519.991181419
7930.0 6002960.473501543
7950.0 6006079.908999083
7970.0 6066480.124463895
7990.0 6049400.023985934
8010.0 5970920.016658389
8030.0 5944959.681822404
8050.0 5893720.366287922
8070.0 5915999.894461458
8090.0 5820760.18323667
8110.0 5851280.433400578
8130.0 5850440.040397544
8150.0 5807840.08081565
8170.0 5779000.391868438
8190.0 5617679.944864161
8210.0 5622319.944401503
8230.0 5600600.153620746
8250.0 5618280.036226205
8270.0 5647760.161645537
8290.0 5608160.058402496
8310.0 5511800.001048593
8330.0 5465239.9127991665
8350.0 5483480.069105292
8370.0 5493120.03906648
8390.0 5402119.905038205
8410.0 5445799.95535259
8430.0 5351680.081489437
8450.0 5343799.931314444
8470.0 5309519.93155957
8490.0 5238560.035879731
8510.0 5009920.126336836
8530.0 5151079.986435011
8550.0 4454320.177383521
8570.0 5237359.991112815
8590.0 5137199.943113369
8610.0 5111880.103902632
8630.0 5156920.232003487
8650.0 5071360.068851684
8670.0 4410360.0430221055
8690.0 4965280.062780451
8710.0 5034480.067393617
8730.0 4998680.119160283
8750.0 4840680.245200843
8770.0 4974759.777174766
8790.0 4950680.209723562
8810.0 4853160.050176314
8830.0 4892879.949843883
8850.0 4842560.15182424
8870.0 4659880.201521123
8890.0 4851600.043259548
8910.0 4852960.118994508
8930.0 4772080.238813628
8950.0 4775800.318906471
8970.0 4764600.123049163
8990.0 4749799.949322209
9010.0 4451999.819542028
9030.0 4623040.052928712
9050.0 4712840.03231568
9070.0 4620280.00287195
9090.0 4504559.953986729
9110.0 4557240.189860008
9130.0 4615600.202592366
9150.0 4582080.234444414
9170.0 4552600.1279824395
9190.0 4549280.113578257
9210.0 4419520.153450277
9230.0 4196240.251228276
9250.0 4344120.104101175
9270.0 4410279.948602888
9290.0 4425200.213083901
9310.0 4425599.887946514
9330.0 4393120.084314692
9350.0 4371999.978461488
9370.0 4349879.94460539
9390.0 4333160.131612211
9410.0 4156399.9558102726
9430.0 4261720.028584036
9450.0 4216080.223940496
9470.0 4258479.8903779825
9490.0 4250880.16357816
9510.0 4210440.184336683
9530.0 4151319.996147327
9550.0 3903479.8137849225
9570.0 4112320.000907487
9590.0 4145880.16930096
9610.0 4098400.133606593
9630.0 4060799.916595829
9650.0 4050639.996612522
9670.0 4019439.9712331407
9690.0 4038079.8290553186
9710.0 4030920.2635167604
9730.0 4015560.246945591
9750.0 3965480.022513581
9770.0 3966719.930202993
9790.0 3940719.931033107
9810.0 3946879.998248196
9830.0 3921399.8711593845
9850.0 3909559.80597553
9870.0 3874319.9924228736
9890.0 3852480.333128566
9910.0 3827359.869937257
9930.0 3849120.09201046
9950.0 3830879.9987144764
9970.0 3815520.151179976
9990.0 3793159.98320498
10025.0 3718080.0719704507
10075.0 3623079.9840779025
10125.0 3671640.115847907
10175.0 3609280.054806928
10225.0 3591800.1029803087
10275.0 3569080.116234583
10325.0 3503239.876598667
10375.0 3469760.1109766355
10425.0 3448680.0733716376
10475.0 3380239.973214943
10525.0 3369120.037306225
10575.0 3320760.1752593433
10625.0 3281040.14590896
10675.0 3193240.0768905645
10725.0 3197240.027290758
10775.0 3157000.025482922
10825.0 3090520.0233162935
10875.0 3070680.184256958
10925.0 2956720.118084991
10975.0 2974519.9582014927
11025.0 2998200.0904027433
11075.0 2988719.967392497
11125.0 2946120.036920131
11175.0 2913400.136675288
11225.0 2897920.026047771
11275.0 2827840.0979184546
11325.0 2816000.150989849
11375.0 2792240.0367000476
11425.0 2746279.9902116796
11475.0 2760160.2155251536
11525.0 2733560.0060597863
11575.0 2692199.904812591
11625.0 2641240.032969111
11675.0 2620279.9835964306
11725.0 2631640.041425923
11775.0 2562200.196367794
11825.0 2539560.0298476378
11875.0 2510720.069914447
11925.0 2534960.065646022
11975.0 2441480.024359325
12025.0 2454120.0597163085
12075.0 2420760.134183774
12125.0 2413160.040249512
12175.0 2413680.03038428
12225.0 2388320.07140684
12275.0 2354960.040459644
12325.0 2339480.0224551396
12375.0 2317120.153446446
12425.0 2292000.0607436756
12475.0 2279399.9852422425
12525.0 2250039.9818324717
12575.0 2227439.9714595284
12625.0 2208199.9948874596
12675.0 2184080.112912493
12725.0 2172480.086983777
12775.0 2141159.982646836
12825.0 1978360.004902926
12875.0 2097920.069071467
12925.0 2083400.1466220305
12975.0 2077040.0188807335
13025.0 2048920.1250407235
13075.0 2041560.0701707157
13125.0 2003440.1712856367
13175.0 1983959.9844992906
13225.0 1985720.1000386253
13275.0 1952480.1104725068
13325.0 1944240.1280112767
13375.0 1925000.1628806642
13425.0 1917520.0549324453
13475.0 1898399.8925821257
13525.0 1881919.9675929085
13575.0 1850800.1191533133
13625.0 1842680.0365823726
13675.0 1825199.9678732895
13725.0 1805600.0609886816
13775.0 1793599.9658698905
13825.0 1781359.9625694312
13875.0 1771360.0523688204
13925.0 1752879.9719491987
13975.0 1737640.1259367943
14025.0 1714640.1380487178
14075.0 1709400.0009248033
14125.0 1680279.9893782549
14175.0 1681040.0819074262
14225.0 1646920.110455568
14275.0 1619920.0216255593
14325.0 1632440.0621904929
14375.0 1628080.0287903224
14425.0 1567600.080985555
14475.0 1595719.9476091391
14525.0 1557360.092715035
14570.0 1561480.0109516066
14620.0 1548120.014162331
14675.0 1538000.071691761
14725.0 1507879.995813742
14775.0 1498520.0646278332
14825.0 1492400.066688987
14875.0 1451399.941640845
14925.0 1482920.069516607
14975.0 1457920.036374867
15025.0 1415160.0320879712
15075.0 1411680.0831876092
15125.0 1426320.0672595093
15175.0 1420080.081049589
15225.0 1393960.0597965855
15275.0 1393720.0561350621
15325.0 1378600.0458416843
15375.0 1367359.9696259554
15425.0 1355879.9494015148
15475.0 1346000.0672187842
15525.0 1328120.0164315796
15575.0 1314759.9313528677
15625.0 1317639.98039792
15675.0 1286640.0037829597
15725.0 1283040.0211014259
15775.0 1240639.9689880353
15825.0 1254160.0203408026
15875.0 1207800.0285032836
15925.0 1228919.9930745591
15975.0 1226799.9856891623
16050.0 1208440.0195004595
16150.0 1175840.0229938168
16250.0 1176200.0526400323
16350.0 1139599.9688982933
16450.0 1103880.0472220453
16550.0 1111719.964354212
16650.0 1090480.000939088
16750.0 1047880.0118604071
16850.0 1008160.0274189294
16950.0 1029880.0186464459
17050.0 999527.9871391335
17150.0 980880.058926684
17250.0 952344.0454548844
17350.0 891191.9861648503
17450.0 909664.0267580267
17550.0 904044.00110993
17650.0 885272.0237388227
17750.0 868424.0100935736
17850.0 854156.0245316951
17950.0 838696.0084634293
18050.0 816843.9629915574
18150.0 765096.0318207341
18250.0 774839.9810387682
18350.0 770240.0238235397
18450.0 750800.0496799626
18550.0 740748.0247887657
18650.0 719940.023775061
18750.0 663900.0216226508
18850.0 693728.0038550074
18950.0 671707.967966103
19050.0 674699.9948481389
19150.0 659940.0021980876
19250.0 648020.0396065152
19350.0 629664.0188046572
19450.0 586179.999034905
19550.0 609672.0124779186
19650.0 600068.0499006592
19750.0 587144.0342006743
19850.0 579760.0277158723
19950.0 569112.001905863
20050.0 561292.044786479
20150.0 553396.0061449242
20250.0 539484.0233650098
20350.0 526659.9841434599
20450.0 524028.00566941063
20550.0 513304.0236238457
20650.0 501556.003711714
20750.0 494684.0130356496
20850.0 486048.00618558715
20950.0 475023.9945329948
21050.0 470316.0144790061
21150.0 461055.99208163563
21250.0 452908.034956163
21350.0 446048.0122432954
21450.0 439299.9938522207
21550.0 430180.0114846151
21650.0 400067.9933216208
21750.0 411796.0001918727
21850.0 407656.00945802254
21950.0 404020.0023453584
22050.0 393620.0165102934
22150.0 390011.9763974761
22250.0 383524.00991028536
22350.0 377187.99342840974
22450.0 371052.0069302573
22550.0 363568.0078937704
22650.0 357979.9971317282
22750.0 353432.0089421408
22850.0 345731.998685349
22950.0 340456.0182439113
23050.0 336672.0190016905
23150.0 330536.00810986734
23250.0 324443.9929608637
23350.0 319248.00245278
23450.0 315864.0034738718
23550.0 308783.9893425531
23650.0 305740.0089248032
23750.0 299115.99036945734
23850.0 293488.02000782575
23950.0 291456.0023114799
24050.0 286619.9976245905
24150.0 280380.00334259134
24250.0 277596.0000405437
24350.0 272947.98518271156
24450.0 269159.98773330834
24550.0 262860.0023232146
24650.0 261564.0180133264
24750.0 256475.9974486476
24850.0 250888.0046880458
24950.0 249403.98835580217
25050.0 246079.99999028418
25150.0 242179.9969452242
25250.0 239219.9953361484
25350.0 235508.01089260055
25450.0 231120.0000653164
25550.0 227872.00505579246
25650.0 224136.00505434096
25750.0 222612.0013230139
25850.0 216947.99564140983
25950.0 215700.00844064826
26050.0 212752.00982119926
26150.0 208380.01039776418
26250.0 196652.0048302242
26350.0 202380.00554289648
26450.0 199904.0018574921
26550.0 197592.00976385735
26650.0 193667.99352474994
26750.0 191572.00008015145
26850.0 190408.00278285553
26950.0 187932.00860096788
27050.0 185408.01460523615
27150.0 182695.99646230933
27250.0 180271.9935712376
27350.0 177860.00351413438
27450.0 175536.00702079936
27550.0 171028.00630839166
27650.0 169576.0039664741
27750.0 168211.99593426366
27850.0 166100.00711184368
27950.0 164187.99111194574
28050.0 161876.00208726656
28150.0 159864.00610537687
28250.0 157651.99712199942
28350.0 155828.0059531528
28450.0 153215.99452102015
28550.0 151404.00568708222
28650.0 148756.0047402273
28750.0 144860.0036842623
28850.0 145256.00476446195
28950.0 143768.00587771388
29050.0 141956.00206532903
29150.0 140044.0018534377
29250.0 137844.00086215537
29350.0 136520.004182302
29450.0 134532.00419320277
29550.0 133108.00244034154
29650.0 131396.00604363985
29750.0 129696.00020824213
29850.0 128084.0028157511
29950.0 126272.00009564808
30050.0 124672.00043747186
30150.0 123348.00377785228
30250.0 121536.00630780343
30350.0 117940.00339635568
30450.0 117576.00678413628
30550.0 117200.00347933226
30650.0 115612.00645355415
30750.0 114500.00055297065
30850.0 112788.0077470212
30950.0 111488.00018235794
31050.0 110275.9998423542
31150.0 108088.00416158067
31250.0 107564.00011435627
31350.0 106263.99772039337
31450.0 105051.99784183937
31550.0 103452.00090483009
31650.0 102440.0076917447
31750.0 101228.00130256379
31850.0 100063.19829972545
31950.0 98998.40383475117
32100.0 97077.60149880308
32300.0 94880.39966408079
32500.0 92645.99693559366
32700.0 90463.99496589147
32900.0 86973.20406367016
33100.0 86004.40255574508
33300.0 84192.80295538912
33500.0 82510.80499442028
33700.0 80538.80090128355
33900.0 78645.2011164793
34100.0 76815.60017716457
34300.0 75403.59971468698
34500.0 73837.59842645447
34700.0 72176.8050569644
34900.0 70639.59753641598
35100.0 69121.20489714209
35300.0 67535.19744322322
35500.0 66175.60346761311
35700.0 64689.602621589926
35900.0 63303.60369168769
36100.0 62120.40325620379
36300.0 60796.80056242814
36500.0 59311.99615668354
36700.0 58066.00183138628
36900.0 56648.798353379876
37100.0 55502.79838112707
37300.0 54256.39732293792
37500.0 52596.798049605626
37700.0 52363.60025391513
37900.0 51318.80004858595
38100.0 50311.5987528453
38300.0 49415.60331398216
38500.0 48490.80344948639
38700.0 47436.000142594225
38900.0 46471.20203538115
39100.0 45671.60198869638
39300.0 44791.59787249383
39500.0 43799.20188552213
39700.0 43063.202313960486
39900.0 42020.80292138791
40100.0 41282.40261683154
40300.0 40606.4015248751
40500.0 39254.80139182402
40700.0 39042.80106895346
40900.0 38348.001901861695
41100.0 37685.6009532931
41300.0 37029.59914888824
41500.0 36257.198739442654
41700.0 35576.39904546176
41900.0 34970.00186607341
42100.0 34188.802750887335
42300.0 33792.80041418503
42500.0 33111.598439813235
42700.0 32576.799964041402
42900.0 31751.201307209016
43100.0 31006.001156501625
43300.0 30524.00140599534
43500.0 29698.401251902163
43700.0 29026.398996831525
43900.0 28692.80183124224
44100.0 27860.800994435263
44300.0 27528.800611271083
44500.0 27102.800833188358
44700.0 26387.199662789648
44900.0 26120.39930004147
45100.0 25658.000407854848
45300.0 25057.601954897702
45500.0 24756.80123574491
45700.0 24390.799652435842
45900.0 23817.99918223275
46100.0 23549.600192411017
46300.0 23147.201139519588
46500.0 22556.799521854715
46700.0 22349.20029112228
46900.0 22107.599045606657
47100.0 21755.200535368243
47300.0 21487.99980553701
47500.0 21116.800428460818
47700.0 20765.601175805914
47900.0 20461.999960107103
48100.0 20083.200095436103
48300.0 19854.79971158969
48500.0 19513.599701586787
48700.0 19202.401251465286
48900.0 18919.99966534358
49100.0 18627.600413487686
49300.0 18344.000347499907
49500.0 18044.000582074932
49700.0 17771.600471318518
49900.0 17539.200945756056
50100.0 17227.999679612924
50300.0 17013.200127394943
50500.0 16703.20114197041
50700.0 16471.999177355272
50900.0 16257.199594724345
51100.0 15967.199931229696
51300.0 15668.800905595814
51500.0 15523.60061612192
51700.0 15340.00066514807
51900.0 15071.199892468714
52100.0 14840.000304715364
52300.0 14618.799651158011
52500.0 14436.400287841956
52700.0 14244.00061688561
52900.0 13994.000201948986
53100.0 13821.60029850462
53300.0 13610.399711640246
53500.0 13429.200829186057
53700.0 13226.800657863681
53900.0 13055.600714109363
54100.0 12875.60014569029
54300.0 12655.600417828091
54500.0 12521.999907771511
54700.0 12330.800515859002
54900.0 12160.800329001226
55100.0 12009.600660264958
55300.0 11856.000412507328
55500.0 11667.19993980012
55700.0 11543.600320869808
55900.0 11334.800225527457
56100.0 11213.60015849785
56300.0 11052.40036393879
56500.0 10930.000228043944
56700.0 10780.000276577299
56900.0 10609.999578203797
57100.0 10487.600494856983
57300.0 10356.400260573653
57500.0 10215.20042502278
57700.0 10075.199913181013
57900.0 9946.639591714686
58100.0 9813.120244675692
58300.0 9687.200245198374
58500.0 9566.600482700047
58700.0 9431.240362357352
58900.0 9294.040552914987
59100.0 9138.280572977868
59300.0 9074.47999047954
59500.0 8931.0402434172
59700.0 8844.68049053939
59900.0 8733.080139285734
60100.0 8615.48026052536
60300.0 8512.880547123821
60500.0 8404.399948679684
60700.0 8292.68025369631
60900.0 8183.960609581177
61100.0 8067.720183310647
61300.0 7984.759780896196
61500.0 7890.160473199993
61700.0 7790.56052467245
61900.0 7694.840081613557
62100.0 7600.240332339936
62300.0 7484.999868382295
62500.0 7402.520187484056
62700.0 7312.920080707466
62900.0 7223.11997196824
63100.0 7127.720172517833
63300.0 7057.999954912862
63500.0 6968.760108135234
63700.0 6883.160045712265
63900.0 6797.920002630797
64200.0 6679.079893065989
64600.0 6514.360408174061
65000.0 6357.519749527208
65400.0 6214.559936984825
65800.0 6069.8400342544655
66200.0 5925.999997283376
66600.0 5790.279868692779
67000.0 5654.560213650083
67400.0 5521.960479153472
67800.0 5394.759784805166
68200.0 5276.639881532228
68600.0 5157.039884618553
69000.0 5041.440007396557
69400.0 4926.839814768841
69800.0 4820.240233004986
70200.0 4708.760193577199
70600.0 4609.159952076116
71000.0 4508.679881380175
71400.0 4410.200036749269
71800.0 4314.720273433264
72200.0 4221.240167635682
72600.0 4130.7598716532675
73000.0 4044.2800216060373
73400.0 3955.9201179278734
73800.0 3875.4399721947384
74200.0 3792.0802791823467
74600.0 3693.640200609023
75000.0 3621.800193942959
75400.0 3561.75996176352
75800.0 3489.520023023033
76200.0 3418.1600266467944
76600.0 3348.800148956355
77000.0 3279.4400264671463
77400.0 3215.079988206133
77800.0 3150.840271081843
78200.0 3088.480023341812
78600.0 3027.1201409118103
79000.0 2966.8800161898066
79400.0 2908.52004098271
79800.0 2852.280001858637
80200.0 2795.920026672175
80600.0 2740.799942514586
81000.0 2689.440080528389
81400.0 2636.2000592661016
81800.0 2586.839970859846
82200.0 2538.720119159803
82600.0 2490.480118733363
83000.0 2444.120059678487
83400.0 2397.0000378334744
83800.0 2352.7601643244975
84200.0 2309.519969720457
84600.0 2267.2801192590346
85000.0 2225.1601425347485
85400.0 2184.9200599666106
85800.0 2144.799995314051
86200.0 2105.559941732141
86600.0 2068.320042164343
87000.0 2031.2000825276436
87400.0 1993.7200641777843
87800.0 1957.6000264393892
88200.0 1923.599991207308
88600.0 1889.480003378919
89000.0 1856.2400644756547
89400.0 1824.119980856029
89800.0 1791.8801437671148
90200.0 1761.7601209271245
90600.0 1731.6401292355474
91000.0 1700.5200295258308
91400.0 1672.280011516914
91800.0 1644.160053372913
92200.0 1616.0400205441065
92600.0 1588.920134958576
93000.0 1562.6800906268468
93400.0 1535.6800205890968
93800.0 1510.4400420954378
94200.0 1485.4400069937055
94600.0 1460.3199122356386
95000.0 1437.0799901802934
95400.0 1412.9600148713523
95800.0 1389.9600039142372
96200.0 1366.8399892596947
96600.0 1344.7200706534406
97000.0 1323.600027115649
97400.0 1301.479991186779
97800.0 1280.360062102732
98200.0 1260.3599674486024
98600.0 1241.1199831828542
99000.0 1221.1199848061951
99400.0 1201.0000179379879
99800.0 1182.8800191753905
100200.0 1164.7600321480131
200000.0 75.22719812693323
400000.0 4.719440059323351
600000.0 0.9275800454941641
800000.0 0.29177999668842075
1000000.0 0.1188640009963207
1200000.0 0.057002402035050026
1400000.0 0.030617600672699124
1600000.0 0.017867600820349088
