wave flux
90.9000015258789 0.0
93.5 0.0
96.0999984741211 0.0
97.69999694824219 0.0
99.5999984741211 0.0
102.0 0.0
103.80000305175781 0.0
105.5999984741211 8.200000415237184e-23
107.69999694824219 3.8792001625340278e-22
110.4000015258789 2.4364601249081933e-21
114.0 2.2692799560557592e-20
117.80000305175781 2.0669399553810413e-19
121.30000305175781 1.4095399683414392e-18
124.80000305175781 8.68900046434613e-18
127.0999984741211 2.7291199764374013e-17
128.39999389648438 5.122320430902752e-17
130.5 1.3827000436804104e-16
132.39999389648438 3.3135601145498723e-16
133.89999389648438 6.495399933955812e-16
136.60000610351562 2.1128600271299664e-15
139.8000030517578 8.102000188644967e-15
143.3000030517578 3.3075597643116184e-14
147.1999969482422 1.4760201048348442e-13
151.0 5.923200061915022e-13
155.1999969482422 2.5611201237755376e-12
158.8000030517578 8.498000089495429e-12
162.0 2.3728799551417108e-11
166.0 8.152200080070938e-11
170.3000030517578 2.8884000861104097e-10
173.39999389648438 6.95420011222656e-10
176.8000030517578 1.7629200283335415e-09
180.1999969482422 4.326200069412417e-09
181.6999969482422 6.365200214379412e-09
186.10000610351562 1.913279923695937e-08
191.0 6.170199634602247e-08
193.89999389648438 1.2020399938648028e-07
198.39999389648438 3.262600200237008e-07
201.8000030517578 6.746600070573004e-07
205.0 1.3089800587163984e-06
210.5 3.915200069190081e-06
216.1999969482422 1.15119997869842e-05
219.8000030517578 2.2131199443155884e-05
223.0 3.889599955170619e-05
226.8000030517578 7.46120029451175e-05
230.0 0.007843400043657175
234.0 0.01768840119760758
240.0 0.03911199905462811
246.5 0.08984999991126226
252.39999389648438 0.18593999628089136
256.79998779296875 0.29381998889255007
260.0 0.47692000838923754
264.0 0.7337400094795578
268.5 1.1951600301813436
273.5 1.9952999681301677
278.5 3.259800227466789
284.0 5.964800000257018
290.0 10.208200349974858
296.0 17.201001033896276
301.0 25.78800073955188
308.0 46.57200116173066
318.0 107.29599958537929
328.0 212.5799962176883
338.0 431.84000002284716
348.0 813.2599920328705
357.0 2874.800072348762
366.0 5385.4001123218795
375.0 7996.200073787401
385.0 13063.200518342974
395.0 22904.0001562615
405.0 34060.000030570474
414.0 49768.00044131945
422.0 66856.00193543751
430.0 93312.00199749622
441.0 137246.00012104606
451.0 185858.00500249024
460.0 242160.00685891768
470.0 335740.00131991535
480.0 448619.9948859515
490.0 599519.9982474716
500.0 777479.9938681035
506.0 3986000.0995038096
512.0 26358000.34359057
520.0 29083999.766160753
530.0 32979998.715021472
540.0 34644000.18251471
550.0 49029998.899097845
560.0 57762001.973729484
570.0 67414002.13915363
580.0 64753999.80885178
590.0 82726002.77378978
600.0 90139999.69034733
610.0 104782002.23800695
620.0 115432002.77573434
630.0 121186005.99409474
640.0 112668000.05268641
650.0 89426003.27699476
658.0 128545999.34231883
665.0 155320007.41822645
675.0 165180013.55155462
685.0 167799996.10098615
695.0 215699998.72195348
705.0 216540004.32112768
716.0 245339996.56742424
726.0 252740005.18527007
735.0 260900011.1803408
745.0 294639998.78321224
755.0 311600006.63296306
765.0 332720009.16789144
775.0 353999993.4150857
785.0 377640005.9875935
795.0 390080010.6925326
805.0 402900019.219541
815.0 412300007.30626863
825.0 447739995.6891136
835.0 398559991.3571742
845.0 459740002.67430717
855.0 468540010.1076917
865.0 497860035.29364014
875.0 528320028.01388407
885.0 567359988.9265707
895.0 590940028.1654068
905.0 586340032.7277989
915.0 811419979.060549
925.0 5274400028.877755
935.0 12270000227.297424
945.0 23136001559.946007
955.0 28370000735.627926
965.0 32744000924.983578
975.0 6010799916.060077
985.0 26789999352.249763
995.0 26414000682.18923
1005.0 30891999775.891827
1015.0 31262000774.707375
1025.0 16907999867.692368
1035.0 24928000444.32428
1045.0 36785999881.33561
1055.0 33743999217.92842
1065.0 27372000928.34562
1075.0 31236000070.316467
1085.0 27836001229.65873
1095.0 31212000330.20569
1105.0 28320000472.99309
1115.0 27410001580.175934
1125.0 21892002029.320614
1135.0 28358000356.24241
1145.0 25750000228.96399
1155.0 26246000795.312527
1165.0 25841999691.397457
1175.0 15130000032.638964
1185.0 24181999942.103497
1195.0 22469998966.88952
1205.0 15834000494.563358
1215.0 12140000596.162457
1225.0 20574000292.07706
1235.0 23406000824.95439
1245.0 22615999793.34727
1255.0 22278001245.05363
1265.0 22648000932.54258
1275.0 23345999704.54808
1285.0 23068000368.123394
1295.0 16801999525.368261
1305.0 18056001464.510433
1315.0 22282001428.00359
1325.0 20762000283.713905
1335.0 19945999539.9535
1345.0 20216000126.954945
1355.0 19922000245.45128
1365.0 18310000635.111103
1375.0 17729999422.629234
1385.0 17246000701.037834
1395.0 12442000193.562962
1405.0 13510000226.802141
1415.0 15198000783.062508
1425.0 14804000197.745668
1435.0 15372000323.258572
1442.0 15702000215.179274
1447.0 15399999826.6696
1455.0 14872000367.871384
1465.0 13664000434.438105
1475.0 13984000582.621115
1485.0 13790000236.216867
1495.0 13472000872.308743
1505.0 12191999764.994461
1512.0 10855999991.792936
1517.0 11207999697.5581
1525.0 11556000138.983747
1535.0 9702800071.015501
1545.0 9376400093.911087
1555.0 9100200601.069843
1565.0 9930999966.960546
1575.0 10587999706.378786
1585.0 10597399959.265188
1595.0 10468800151.613361
1605.0 10559599861.338488
1615.0 10264200261.088913
1625.0 10127199980.158333
1635.0 10712000050.178658
1645.0 10656000173.440372
1655.0 10546400196.123978
1665.0 10670000190.159565
1672.0 10137200072.898754
1677.0 11152000447.455765
1685.0 10722000539.43682
1695.0 10102199900.081148
1705.0 9815200374.806307
1715.0 9262600140.006414
1725.0 9099400315.722982
1735.0 9457600356.635088
1745.0 9239400297.00748
1755.0 9276800663.030325
1765.0 9140200011.191706
1775.0 8549400549.558558
1785.0 8713399846.521524
1795.0 8938200227.76005
1805.0 8997000037.417088
1815.0 8007400409.289508
1825.0 8329400120.906337
1835.0 8065599867.073925
1845.0 7322799998.7759285
1855.0 7423199951.270029
1865.0 7525200082.775511
1875.0 7825600210.799999
1885.0 6942400161.84629
1895.0 6440200055.572231
1905.0 6999800169.183344
1915.0 6576399993.925429
1925.0 6212200076.401977
1935.0 6628400186.577049
1945.0 6775199917.767314
1955.0 6059399879.224152
1967.0 6605600460.080159
1976.0 6900800380.915067
1984.0 6372000405.67069
1995.0 6254800507.617836
2005.0 6494600413.149214
2015.0 6416599804.717271
2025.0 6595000244.786612
2035.0 5975599927.304708
2045.0 6092800251.068814
2055.0 5814400156.18124
2065.0 5802199961.402488
2074.0 6123600298.49797
2078.0 5504199904.089201
2085.0 5825000165.64454
2095.0 5526800386.373919
2105.0 5738599914.012487
2115.0 5749600001.524341
2125.0 5796199857.38251
2135.0 5691800024.894372
2145.0 5368600008.441776
2155.0 5605999851.986915
2165.0 5576800025.947032
2175.0 5500599935.550161
2185.0 5312399773.8241625
2195.0 5384400371.562792
2205.0 5357000099.078802
2215.0 5264600098.022071
2225.0 5124600028.99833
2235.0 5038400137.105088
2245.0 5079199873.388789
2255.0 4914800155.882817
2265.0 4965400163.289898
2275.0 4889199945.594802
2285.0 4877800156.1656475
2295.0 4455400156.811354
2305.0 4703800049.5470705
2315.0 4568200197.215897
2325.0 4516000061.336031
2335.0 4386399877.781095
2345.0 4414199797.390575
2355.0 4392400076.085194
2365.0 4343400100.775424
2375.0 4248599595.3140435
2385.0 4215200129.311812
2395.0 4165399811.6936
2405.0 4090000104.05039
2415.0 4049800059.886369
2425.0 4038800085.065769
2435.0 3922200084.8540697
2445.0 3926000151.3609085
2455.0 3921200152.056281
2465.0 3851400238.719205
2475.0 3791000110.618664
2485.0 3722000094.1754274
2495.0 3233600038.846751
2505.0 3606599963.5381513
2513.0 3451800121.7740993
2518.0 3576200120.573453
2525.0 3540600074.9282093
2535.0 3499000106.0211444
2545.0 3379000043.6092477
2555.0 3414000167.2688193
2565.0 3367800029.0263004
2575.0 3367200078.7172837
2585.0 3318800187.169223
2595.0 3286800010.2105103
2605.0 3259800025.7479944
2615.0 3212600180.8903418
2625.0 3187800095.152857
2635.0 3157400078.8104568
2645.0 3117799921.192058
2655.0 3099800049.043035
2665.0 2986000062.859041
2675.0 2992599991.1121626
2685.0 2983800020.2100673
2695.0 2877800238.8266015
2705.0 2831199976.9736814
2715.0 2829999948.911427
2725.0 2816000032.806086
2735.0 2796799961.1491685
2745.0 2728200026.67256
2755.0 2718799977.3045063
2765.0 2684200195.0048165
2775.0 2698799969.2657976
2785.0 2654400085.031022
2795.0 2561000203.9779243
2805.0 2580600153.685856
2815.0 2581000087.282404
2825.0 2539600153.3569016
2835.0 2451600120.0275073
2845.0 2484000119.395833
2855.0 2440800055.4649982
2865.0 2435799984.0298176
2875.0 2408999956.582246
2885.0 2382799892.7517223
2895.0 2345799990.614033
2910.0 2299599770.3685107
2930.0 2265200133.6117063
2950.0 2197200029.5571017
2970.0 2166800137.8044624
2990.0 2116800081.205013
3010.0 2045000006.839671
3030.0 2033800059.7397342
3050.0 1998000122.5464654
3070.0 1963400080.290595
3090.0 1888600074.0928411
3110.0 1878000027.8914716
3130.0 1833200122.170934
3150.0 1801600007.1350787
3170.0 1755999989.0341902
3190.0 1717999992.3153174
3210.0 1695800010.2343397
3230.0 1655999965.1285207
3250.0 1630200083.1138685
3270.0 1593799907.111515
3290.0 1561600013.6147876
3310.0 1534400083.6293063
3330.0 1501399951.7255173
3350.0 1474199997.9149785
3370.0 1445000031.5024574
3390.0 1421800061.6766906
3410.0 1395200050.6881206
3430.0 1363399988.7954316
3450.0 1333200040.5114179
3470.0 1309999998.4622395
3490.0 1284400003.8984845
3510.0 1263600058.969615
3530.0 1246399987.9157271
3550.0 1223200019.5966725
3570.0 1206000029.4181976
3590.0 1170800034.9713285
3610.0 1151000092.1060882
3630.0 1133800110.370588
3640.0 1132800024.8382833
3650.0 1107600018.4835668
3670.0 1094800025.2254899
3690.0 1071399985.6441956
3710.0 1032219976.3489081
3730.0 993740056.9149799
3750.0 1036180012.0946987
3770.0 1028520035.412251
3790.0 1070799996.4990548
3810.0 1107800031.3526273
3830.0 979000023.8278747
3850.0 1118599991.4798372
3870.0 1106999951.5819073
3890.0 927819987.9436063
3910.0 1099599996.7589393
3930.0 1065399992.146025
3950.0 1054599967.1008369
3970.0 861099961.0248402
3990.0 1017500011.4519932
4010.0 1010760049.1114397
4030.0 957900001.4480869
4050.0 978800044.2830003
4070.0 937179998.7420678
4090.0 881119983.5272809
4110.0 791460039.7874162
4130.0 892280029.2839034
4150.0 886580083.3677701
4170.0 881180042.8559523
4190.0 870640022.4583318
4210.0 861979981.4259312
4230.0 843360026.9453657
4250.0 821820052.6299533
4270.0 799399969.8168005
4290.0 790619997.6817883
4310.0 768020040.6799611
4330.0 712080016.8937113
4350.0 655700036.3993561
4370.0 730180017.4507582
4390.0 721180022.156301
4410.0 718860070.7371792
4430.0 711320053.6628555
4450.0 700460001.2728078
4470.0 668219999.5400081
4490.0 678320033.9948379
4510.0 672580021.3463607
4530.0 661220046.377421
4550.0 651560017.8588685
4570.0 640400014.3075202
4590.0 629919998.5060143
4610.0 615980036.8046862
4630.0 607000023.4778568
4650.0 588760004.3936362
4670.0 589420006.8200428
4690.0 584220033.228927
4710.0 562599997.3209245
4730.0 563320016.6860632
4750.0 554260031.2972175
4770.0 553199984.9318173
4790.0 543499993.5888075
4810.0 532520016.4748912
4830.0 522419975.5823511
4850.0 491620002.3117132
4870.0 442500002.50376487
4890.0 500640016.72442764
4910.0 495560024.6845365
4930.0 478739981.85136044
4950.0 480280021.4327491
4970.0 476720002.4465459
4990.0 468919991.8803566
5010.0 450220007.54382515
5030.0 454879998.1843656
5050.0 444400011.29739064
5070.0 442880000.3812762
5090.0 435940002.39300907
5110.0 429080002.3486076
5130.0 420020007.46893805
5150.0 415219998.2222079
5170.0 411800002.24989915
5190.0 406580010.3530846
5210.0 399879998.12939155
5230.0 395060012.32190436
5250.0 389860000.2436937
5270.0 383760003.2147753
5290.0 379300013.43514276
5310.0 373840003.82829654
5330.0 368960000.0523429
5350.0 363440013.89911175
5370.0 359339993.71642697
5390.0 354240007.0624407
5410.0 349820003.0227726
5430.0 344739998.14858615
5450.0 340040004.5676745
5470.0 335519993.2310836
5490.0 331160001.8435688
5510.0 327340017.7761011
5530.0 322480017.32597375
5550.0 318960019.58391845
5570.0 314540005.47309023
5590.0 310779995.6759459
5610.0 306500008.4741547
5630.0 302780016.71692014
5650.0 297640010.6860975
5670.0 292680002.9147238
5690.0 288299993.6519172
5710.0 286559998.0193002
5730.0 283240010.67994493
5750.0 278919997.6421141
5770.0 276639992.65865153
5790.0 272959990.8768638
5810.0 269640000.1783096
5830.0 265680001.41278648
5850.0 262740005.34318438
5870.0 252539994.71251166
5890.0 254139994.46909574
5910.0 252520013.79636747
5930.0 248999999.70306686
5950.0 245720007.262404
5970.0 244179997.6885871
5990.0 240159999.3156766
6010.0 237980011.4925968
6030.0 234659994.67085528
6050.0 232080003.22728258
6070.0 229640008.74560043
6090.0 226859998.24100235
6110.0 224179994.57467058
6130.0 221600010.84608793
6150.0 218020011.73388812
6170.0 215840007.67563733
6190.0 213660002.14683494
6210.0 211280000.3839449
6230.0 208899999.5046994
6250.0 206019997.38458657
6270.0 203780008.47902232
6290.0 201600003.2813044
6310.0 199119998.55536994
6330.0 196980009.00293884
6350.0 194140005.4966455
6370.0 192359993.43875885
6390.0 190080003.71882448
6410.0 188000001.19938114
6430.0 186020005.64597613
6450.0 183780008.98984802
6470.0 181160009.31018388
6490.0 179219989.6732779
6510.0 177480006.10960546
6530.0 174800004.7139473
6550.0 168500004.245775
6570.0 149879999.32400972
6590.0 167380004.44569176
6610.0 167500000.1037968
6630.0 165960008.87579542
6650.0 164080001.210859
6670.0 160939997.25954902
6690.0 159260004.47021294
6710.0 158920000.24710244
6730.0 156840001.04443222
6750.0 155499999.01781514
6770.0 153800001.84780705
6790.0 151019996.539256
6810.0 150280000.88206935
6830.0 148640004.6690055
6850.0 147199995.63410282
6870.0 145620005.53126588
6890.0 143979997.34787008
6910.0 142299998.60334784
6930.0 141000002.29495987
6950.0 139559998.20100218
6970.0 138119997.78336042
6990.0 136580005.7107755
7010.0 135140006.2075643
7030.0 133700005.3521031
7050.0 132300000.91411449
7070.0 128820005.6391572
7090.0 129580001.28367251
7110.0 127540007.23677249
7130.0 126299998.84648229
7150.0 125559999.79378864
7170.0 124320001.04867019
7190.0 123020001.58184461
7210.0 121739998.18468973
7230.0 118840002.37159856
7250.0 119099998.78241089
7270.0 118059995.27958137
7290.0 115920002.36612736
7310.0 115680005.20653924
7330.0 114439997.22369705
7350.0 113340003.03341731
7370.0 112200003.06808592
7390.0 111059997.65296607
7410.0 110020004.40705551
7430.0 108819996.98188479
7450.0 107780000.61878452
7470.0 106300003.90222166
7490.0 105600004.82929112
7510.0 104559998.60700835
7530.0 103520001.17662549
7550.0 102555999.35856192
7570.0 101568000.71227367
7590.0 100545996.41941163
7610.0 99482000.12090501
7630.0 98594003.75996567
7650.0 97647999.01158811
7670.0 96696001.85373949
7690.0 95764005.42216523
7710.0 94821998.74067356
7730.0 93894004.49159478
7750.0 93033999.14332058
7770.0 91794003.90030149
7790.0 91266000.08731034
7810.0 90332004.16710481
7830.0 89533999.00572853
7850.0 88696001.78636146
7870.0 87785999.56065717
7890.0 86786001.36088163
7910.0 86177998.7592059
7930.0 85334005.93885817
7950.0 84445999.23413344
7970.0 83622003.20996869
7990.0 82786002.86543475
8010.0 82064001.71589239
8030.0 81300000.02802415
8050.0 80598000.26271631
8070.0 79914003.24630769
8090.0 79028002.319591
8110.0 78116002.01766293
8130.0 77747999.12235333
8150.0 76939998.97221091
8170.0 76379999.29797205
8190.0 75404000.4592416
8210.0 74562000.72003248
8230.0 73883995.2962321
8250.0 73494002.02827336
8270.0 72219999.55897398
8290.0 72089999.98398215
8310.0 71487999.5434929
8330.0 70851999.79207674
8350.0 69871998.65934081
8370.0 69421997.98957051
8390.0 68939998.97995037
8410.0 68296002.89313674
8430.0 67647999.63631469
8450.0 66482000.59137841
8470.0 66346000.70624245
8490.0 65715999.889634304
8510.0 64930001.475622244
8530.0 64653998.87674137
8550.0 63146000.195721805
8570.0 64228001.24669506
8590.0 61662003.54824836
8610.0 61454000.141123354
8630.0 63094002.54676063
8650.0 61298000.12075351
8670.0 57614000.88687916
8690.0 61480000.438937895
8710.0 61676000.96309852
8730.0 59858000.56538466
8750.0 54444000.553322636
8770.0 58140001.48709769
8790.0 59830001.593835264
8810.0 59513999.33571101
8830.0 58721999.701559305
8850.0 55306001.38437202
8870.0 51374001.64635321
8890.0 56750001.30586144
8910.0 57044001.46636466
8930.0 56608000.939383455
8950.0 56316000.15428048
8970.0 55744002.708716586
8990.0 54222001.53689226
9010.0 48535999.65163491
9030.0 50914002.37026461
9050.0 53560000.71852495
9070.0 53004001.02967245
9090.0 52956001.25187166
9110.0 52763999.92353256
9130.0 52372000.123950906
9150.0 51919997.8896541
9170.0 51272000.67361134
9190.0 50754003.51421902
9210.0 48617998.810092315
9230.0 43136000.56567162
9250.0 47861998.552688375
9270.0 48826000.043427765
9290.0 48881998.51797169
9310.0 48359999.973828584
9330.0 48079998.20522358
9350.0 47795999.033726744
9370.0 47443998.74341434
9390.0 47065999.33144041
9410.0 46612001.84745553
9430.0 46295998.619990185
9450.0 45914002.503886186
9470.0 45270001.77800458
9490.0 45062001.899849884
9510.0 44140000.98966589
9530.0 42332001.11740877
9550.0 37934000.28053481
9570.0 42540002.49215252
9590.0 43168000.32201317
9610.0 42839999.969980404
9630.0 42426000.94715608
9650.0 42424002.95245063
9670.0 42086001.74881679
9690.0 41714000.188643046
9710.0 41267999.9707363
9730.0 41097998.9309715
9750.0 40773999.23421023
9770.0 40466000.4028583
9790.0 40147999.61770404
9810.0 39806000.146621935
9830.0 39528001.15631984
9850.0 39219999.34309945
9870.0 38892001.624411486
9890.0 38554001.9924129
9910.0 38096000.340749204
9930.0 38032001.41002436
9950.0 37734001.57166897
9970.0 37416001.5170021
9990.0 37076000.608457886
10025.0 35222000.96683649
10075.0 34042000.441897765
10125.0 35154002.08221614
10175.0 34652001.83697322
10225.0 33995999.32456289
10275.0 33380001.43407539
10325.0 32644001.48090895
10375.0 32172000.663989317
10425.0 31586000.599903744
10475.0 31014000.760965392
10525.0 30442000.61340835
10575.0 29906000.126789216
10625.0 29369999.29357033
10675.0 28788001.17786132
10725.0 28336000.026748866
10775.0 27834001.40092931
10825.0 27041999.900168344
10875.0 26794001.249041762
10925.0 24392001.201782797
10975.0 25420000.464286715
11025.0 25307999.698724765
11075.0 25035999.835255355
11125.0 24624000.56907012
11175.0 24206000.771856014
11225.0 23777999.50306793
11275.0 23370000.64789183
11325.0 22968000.164441194
11375.0 22610001.157399688
11425.0 22218000.833189655
11475.0 21859999.866351843
11525.0 21502000.180913623
11575.0 21134000.84058508
11625.0 20796001.197385024
11675.0 20448000.429030765
11725.0 20130001.38324337
11775.0 19792001.025242094
11825.0 19474000.96138792
11875.0 19166000.291515168
11925.0 18858000.270307012
11975.0 18380000.22388506
12025.0 18262000.175571255
12075.0 17978000.208203424
12125.0 17689999.518770844
12175.0 17411999.849432323
12225.0 17138000.811531253
12275.0 16874000.84686572
12325.0 16605999.567616668
12375.0 16352000.972142361
12425.0 16104000.098045124
12475.0 15845999.259106368
12525.0 15572000.466037462
12575.0 15364000.533488693
12625.0 15134000.342438482
12675.0 14912000.022798494
12725.0 14681999.41671486
12775.0 14214000.493508052
12825.0 13178000.613489788
12875.0 13956000.089821557
12925.0 13827999.574332934
12975.0 13524000.523126122
13025.0 13420000.27166304
13075.0 13226000.231710216
13125.0 13032000.378525317
13175.0 12838000.046858422
13225.0 12654000.4796444
13275.0 12476000.781275934
13325.0 12291999.930519832
13375.0 12111999.865350664
13425.0 11928000.486992527
13475.0 11774000.609469362
13525.0 11600000.378492823
13575.0 11442000.360920632
13625.0 11272000.173288452
13675.0 11118000.247890074
13725.0 10964000.283029594
13775.0 10810000.43769666
13825.0 10665999.991040979
13875.0 10512000.86822973
13925.0 10361999.856445106
13975.0 10222199.732784538
14025.0 10084599.754634995
14075.0 9949400.555013767
14125.0 9813000.02349688
14175.0 9678599.827788763
14225.0 9548400.349024378
14275.0 9419600.275332691
14325.0 9292399.93894672
14375.0 9167000.379529392
14425.0 9046199.949822292
14475.0 8925399.933879945
14525.0 8806199.991957292
14570.0 8702200.266382411
14620.0 8584400.025347019
14675.0 8461600.035853904
14725.0 8351200.271354616
14775.0 8241800.204118164
14825.0 8136000.107167546
14875.0 8031000.10624264
14925.0 7928200.268555118
14975.0 7826200.381630593
15025.0 7724799.9912537625
15075.0 7611400.03736761
15125.0 7529400.322658365
15175.0 7433000.141315025
15225.0 7339000.401587862
15275.0 7242999.910668172
15325.0 7149999.711429667
15375.0 7064599.964132086
15425.0 6961999.907884886
15475.0 6888599.953639371
15525.0 6800600.160130056
15575.0 6685000.116597986
15625.0 6652999.863105322
15675.0 6532000.167361297
15725.0 6422400.187077778
15775.0 6419399.819789673
15825.0 6335799.950775899
15875.0 6119799.834701897
15925.0 6156200.288861936
15975.0 6126599.973541889
16050.0 5986199.958237811
16150.0 5759600.143634425
16250.0 5751600.090414593
16350.0 5561600.210242589
16450.0 5335000.256492182
16550.0 5362400.110993443
16650.0 5239200.153114151
16750.0 5054399.976085923
16850.0 4840799.998300083
16950.0 4884600.097543555
17050.0 4747800.113755641
17150.0 4668400.195982409
17250.0 4559000.197807137
17350.0 4272400.124170465
17450.0 4343600.19868595
17550.0 4266600.055576807
17650.0 4173600.177418876
17750.0 4081599.9490462216
17850.0 3989600.2468475965
17950.0 3907600.02694268
18050.0 3818999.897360221
18150.0 3586800.063193456
18250.0 3630399.9076846056
18350.0 3584799.975178893
18450.0 3509200.1190141374
18550.0 3430600.07598493
18650.0 3335999.9277038695
18750.0 3155200.1068258267
18850.0 3223200.1635873476
18950.0 3158600.0638876297
19050.0 3084000.030541132
19150.0 3033799.8929962893
19250.0 2972600.110157273
19350.0 2906000.134375231
19450.0 2716600.100756525
19550.0 2786999.905443702
19650.0 2742800.073965976
19750.0 2688600.126440082
19850.0 2636000.0090210536
19950.0 2584199.985130676
20050.0 2534399.9942526594
20150.0 2485199.9814003175
20250.0 2437999.9780474147
20350.0 2391200.0491758822
20450.0 2344999.9788318155
20550.0 2296200.1123807277
20650.0 2258000.155450041
20750.0 2215200.0776583916
20850.0 2173800.051394152
20950.0 2133600.030209378
21050.0 2093800.037274512
21150.0 2046999.9735684663
21250.0 2018200.050387416
21350.0 1980400.1125980786
21450.0 1944599.9593546067
21550.0 1905800.018454805
21650.0 1782200.0798985865
21750.0 1833599.9681568786
21850.0 1807800.0513682885
21950.0 1776400.0401748244
22050.0 1745200.0452447713
22150.0 1714800.0731763016
22250.0 1684000.097137362
22350.0 1654600.0426133878
22450.0 1626200.1170255605
22550.0 1598000.0623699846
22650.0 1570599.9253671288
22750.0 1543200.026717723
22850.0 1516800.0839063358
22950.0 1491000.0147509295
23050.0 1465600.0802278249
23150.0 1441200.0091254637
23250.0 1416799.963563361
23350.0 1393000.0268302427
23450.0 1370200.0380323296
23550.0 1347200.0434356346
23650.0 1325399.9827401242
23750.0 1303400.0544240416
23850.0 1282000.0378737906
23950.0 1261200.010669745
24050.0 1240800.0233526395
24150.0 1220400.0126282873
24250.0 1201000.0102550597
24350.0 1181600.001093021
24450.0 1162200.052224338
24550.0 1143800.0291941455
24650.0 1125399.9714259615
24750.0 1105400.057073541
24850.0 1091000.0475437175
24950.0 1070599.9872999894
25050.0 1057199.995284721
25150.0 1040800.0151759058
25250.0 1019520.0495881721
25350.0 1008180.0138492604
25450.0 994240.0204709219
25550.0 977200.008116502
25650.0 954680.009188721
25750.0 948399.9727562435
25850.0 936140.023168588
25950.0 921319.9416812368
26050.0 903120.0081196234
26150.0 875900.0059172387
26250.0 836340.0011315979
26350.0 863460.0254691415
26450.0 855440.0169092892
26550.0 842400.0325735903
26650.0 826920.0490169849
26750.0 796840.0454615129
26850.0 802440.0241123148
26950.0 795000.0298240453
27050.0 783400.0035484498
27150.0 772060.0108730502
27250.0 760980.0244470316
27350.0 749980.0035465659
27450.0 737780.0259215072
27550.0 706859.9969175593
27650.0 709400.0074212126
27750.0 707779.9873077889
27850.0 698140.0274454462
27950.0 688340.0133036379
28050.0 678539.9793189783
28150.0 669180.0171137742
28250.0 659880.0382426432
28350.0 650679.9806210245
28450.0 641720.0222701582
28550.0 632419.9941379558
28650.0 618320.016910693
28750.0 591700.0167152804
28850.0 605399.9930177594
28950.0 598939.9941240165
29050.0 590880.0134769122
29150.0 582879.9877959565
29250.0 575060.0098398913
29350.0 567299.9893356429
29450.0 559739.9974948303
29550.0 552320.0271585342
29650.0 544960.0151361289
29750.0 537700.0116068878
29850.0 530579.9873848509
29950.0 523620.0082204761
30050.0 516799.99634369696
30150.0 509840.01485960063
30250.0 502419.99182282423
30350.0 479779.9816934464
30450.0 480600.025037474
30550.0 483560.014535468
30650.0 477800.00598962983
30750.0 471480.0212710683
30850.0 465560.01522618794
30950.0 459780.0097753898
31050.0 453920.01612077607
31150.0 448140.02414566174
31250.0 442420.0102518602
31350.0 436940.01196546725
31450.0 431480.0006027518
31550.0 426100.0150175035
31650.0 420779.9997801615
31750.0 415560.0102361692
31850.0 410379.99981419794
31950.0 405300.00796402723
32100.0 397839.9879354161
32300.0 388180.0100845292
32500.0 378779.97920312756
32700.0 369680.0028268191
32900.0 350300.0104778351
33100.0 349920.01823761244
33300.0 343560.0122165284
33500.0 335640.0165390322
33700.0 327840.0001387238
33900.0 320220.0019629082
34100.0 312860.0056574885
34300.0 305700.0192502038
34500.0 298720.0010710519
34700.0 291960.01111838623
34900.0 285340.01262466854
35100.0 278980.0089366492
35300.0 272760.0074036008
35500.0 266680.01822291804
35700.0 260820.00733483
35900.0 255140.00324110079
36100.0 249519.9897345073
36300.0 244140.0110694352
36500.0 238719.99313326253
36700.0 233800.00292922353
36900.0 228520.00122073948
37100.0 223540.00320994697
37300.0 216080.0040319121
37500.0 209999.99613748162
37700.0 210160.00519501496
37900.0 206180.00633521043
38100.0 201100.00448795507
38300.0 197060.0012503621
38500.0 193640.0023322898
38700.0 189760.00718440255
38900.0 185580.0022826107
39100.0 180740.00090595923
39300.0 178360.0073584392
39500.0 174880.000211099
39700.0 171400.00359099507
39900.0 168020.00507035883
40100.0 163680.0097280756
40300.0 159739.99936919904
40500.0 153980.00123502035
40700.0 155119.9993019035
40900.0 152239.99440056237
41100.0 149300.00122169053
41300.0 146320.00269298555
41500.0 143479.99765288708
41700.0 138499.99475610722
41900.0 138060.00760698278
42100.0 135719.99874785988
42300.0 133180.00295880204
42500.0 130600.00215117836
42700.0 128259.99834218336
42900.0 125659.99715824964
43100.0 123579.99682350621
43300.0 121340.0014451205
43500.0 119040.0062233694
43700.0 114660.00144140462
43900.0 114120.00269792543
44100.0 112779.99786105982
44300.0 110740.00067118794
44500.0 108800.00124011142
44700.0 106959.99951358906
44900.0 105119.99944028402
45100.0 103219.99553566476
45300.0 101416.0033832228
45500.0 99658.00175274105
45700.0 97964.00090607646
45900.0 96255.99730849227
46100.0 94554.00420134101
46300.0 92730.00740157826
46500.0 88105.99904745384
46700.0 87137.99883022899
46900.0 87774.00044444403
47100.0 86793.99929234097
47300.0 85382.00133590437
47500.0 83954.00413726486
47700.0 82559.99939280895
47900.0 81192.00195087268
48100.0 79858.00146290494
48300.0 78544.0023101938
48500.0 77259.99954012869
48700.0 75995.9977966694
48900.0 74762.00249535815
49100.0 73558.00144036136
49300.0 72374.00188328663
49500.0 71213.99871334281
49700.0 70074.00107902051
49900.0 68964.00122607042
50100.0 67863.9998699764
50300.0 66794.0014639727
50500.0 65744.00056427626
50700.0 64714.00149354321
50900.0 63662.00279079426
51100.0 62428.00086839704
51300.0 59763.99971095902
51500.0 60581.998592358155
51700.0 59790.003924909135
51900.0 58945.99911032967
52100.0 58043.99865856763
52300.0 57164.0004328854
52500.0 56282.000205343604
52700.0 55385.99776970129
52900.0 54615.99876530764
53100.0 53799.99952415218
53300.0 52998.00097344949
53500.0 52212.00091591715
53700.0 51356.00093398668
53900.0 50608.00226552486
54100.0 49932.00269176962
54300.0 49206.002307568226
54500.0 48484.001583829995
54700.0 47782.0015877362
54900.0 47090.00050145902
55100.0 46348.00086058446
55300.0 45556.00144924113
55500.0 45090.000568751406
55700.0 44442.00235615241
55900.0 43810.00197610527
56100.0 43188.00048713912
56300.0 42575.998621784696
56500.0 41984.00160821608
56700.0 41392.00136902026
56900.0 40774.00102304681
57100.0 39962.00045611004
57300.0 39629.99834978026
57500.0 39131.99943631321
57700.0 38600.00127117903
57900.0 38062.00126098001
58100.0 37544.000086130996
58300.0 37032.001001827346
58500.0 36554.00112700401
58700.0 36045.99953832006
58900.0 35374.00039128719
59100.0 33831.99897650876
59300.0 34458.000102723854
59500.0 33780.001819320365
59700.0 33502.00106693933
59900.0 33228.0001165505
60100.0 32812.000450961714
60300.0 32377.99967630401
60500.0 31955.999844934882
60700.0 31532.00079631882
60900.0 31124.00111299702
61100.0 30716.000344243603
61300.0 30318.001268518194
61500.0 29924.000300176594
61700.0 29536.000128327232
61900.0 29158.0004020957
62100.0 28784.000048195427
62300.0 28415.999437622133
62500.0 28058.00023999789
62700.0 27604.000854208298
62900.0 26826.000384211056
63100.0 26868.00039668132
63300.0 26660.000602959622
63500.0 26326.000776411165
63700.0 25998.000178561844
63900.0 25674.00057303514
64200.0 25196.001384401232
64600.0 24573.9989737045
65000.0 23981.9997462904
65400.0 23394.000504336887
65800.0 22832.0002141338
66200.0 22284.000010732438
66600.0 21752.00026350403
67000.0 21239.999441947326
67400.0 20692.000159546722
67800.0 19944.00030902509
68200.0 19776.001260962195
68600.0 19317.999957208627
69000.0 18880.000970534693
69400.0 18442.000922297288
69800.0 18024.000138898544
70200.0 17616.000406399104
70600.0 17222.000758553622
71000.0 16833.99959553396
71400.0 16456.00025089073
71800.0 16098.000391917125
72200.0 15744.000141694443
72600.0 15395.999846969034
73000.0 15062.000093653902
73400.0 14734.00030100003
73800.0 14420.000340139111
74200.0 14072.000519763222
74600.0 13483.99991519594
75000.0 13066.000279837968
75400.0 13176.00068197435
75800.0 12952.00063041512
76200.0 12684.000401002633
76600.0 12420.000276746128
77000.0 12159.999746825652
77400.0 11912.000207035566
77800.0 11628.000040017154
78200.0 11434.000321039677
78600.0 11200.000439915708
79000.0 10975.99962896006
79400.0 10752.000283202415
79800.0 10538.000298336256
80200.0 10333.999844736758
80600.0 10127.59990734117
81000.0 9926.60026206112
81400.0 9694.400418350466
81800.0 9526.59967895112
82200.0 9360.199537656663
82600.0 9179.399787164462
83000.0 9003.200353108128
83400.0 8831.600516399843
83800.0 8663.800241773264
84200.0 8500.000423356076
84600.0 8339.200161913157
85000.0 8183.00025185478
85400.0 8030.200231271294
85800.0 7881.400197061014
86200.0 7732.000195765107
86600.0 7527.599829445747
87000.0 7442.599966725394
87400.0 7225.399789669483
87800.0 7095.59995088724
88200.0 7055.599946352749
88600.0 6928.600079796637
89000.0 6804.200162600213
89400.0 6683.20006588191
89800.0 6564.799884288486
90200.0 6448.799972129364
90600.0 6334.800235209095
91000.0 6223.800092949883
91400.0 6115.4002185400805
91800.0 6008.799774042933
92200.0 5905.199878192091
92600.0 5803.199861970373
93000.0 5703.60006949473
93400.0 5603.000024073208
93800.0 5442.000207233801
94200.0 5395.200270191906
94600.0 5326.399900423397
95000.0 5236.200042322817
95400.0 5149.20023843568
95800.0 5062.999975160263
96200.0 4979.400043473188
96600.0 4897.2001734566575
97000.0 4816.600036158961
97400.0 4737.9999469784225
97800.0 4659.7999324136035
98200.0 4584.600109409227
98600.0 4510.000302911978
99000.0 4437.8001902837705
99400.0 4366.199876865916
99800.0 4296.399951266808
100200.0 4228.199954800205
200000.0 262.45998794415084
400000.0 16.078000127347167
600000.0 3.1320001289070554
800000.0 0.9807000222633326
1000000.0 0.39828000857766616
1200000.0 0.19074000655281625
1400000.0 0.10234000167970475
1600000.0 0.059675998255352004
