wave flux
90.9000015258789 0.0
93.5 0.0
96.0999984741211 0.0
97.69999694824219 0.0
99.5999984741211 0.0
102.0 0.0
103.80000305175781 0.0
105.5999984741211 0.0
107.69999694824219 0.0
110.4000015258789 0.0
114.0 0.0
117.80000305175781 0.0
121.30000305175781 0.0
124.80000305175781 0.0
127.0999984741211 0.0
128.39999389648438 0.0
130.5 0.0
132.39999389648438 0.0
133.89999389648438 0.0
136.60000610351562 0.0
139.8000030517578 0.0
143.3000030517578 0.0
147.1999969482422 0.0
151.0 0.0
155.1999969482422 0.0
158.8000030517578 0.0
162.0 0.0
166.0 0.0
170.3000030517578 0.0
173.39999389648438 0.0
176.8000030517578 0.0
180.1999969482422 0.0
181.6999969482422 0.0
186.10000610351562 0.0
191.0 0.0
193.89999389648438 0.0
198.39999389648438 0.0
201.8000030517578 0.0
205.0 0.0
210.5 0.0
216.1999969482422 0.0
219.8000030517578 0.0
223.0 0.0
226.8000030517578 0.0
230.0 0.0
234.0 0.0
240.0 0.0
246.5 0.0
252.39999389648438 0.0
256.79998779296875 0.0
260.0 0.0
264.0 0.0
268.5 0.0
273.5 0.0
278.5 0.0
284.0 0.0
290.0 0.0
296.0 0.0
301.0 0.0
308.0 0.0
318.0 0.0
328.0 0.0
338.0 0.0
348.0 0.0
357.0 0.0
366.0 0.0
375.0 0.0
385.0 0.0
395.0 0.0
405.0 0.0
414.0 0.0
422.0 0.0
430.0 0.0
441.0 0.0
451.0 0.0
460.0 2.7092000219485805e-25
470.0 1.3032000904916495e-24
480.0 5.843999954407764e-24
490.0 2.4595999538338963e-23
500.0 9.831081030748988e-23
506.0 2.9019341061988337e-22
512.0 7.091700314476889e-22
520.0 1.9378598364437104e-21
530.0 6.547259936499727e-21
540.0 2.0767960025872478e-20
550.0 6.377540021092158e-20
560.0 1.864673965078973e-19
570.0 5.237699900095356e-19
580.0 1.4009280720139977e-18
590.0 3.693959952347454e-18
600.0 9.308760708137284e-18
610.0 2.2715040130305772e-17
620.0 5.372200224800483e-17
630.0 1.233451938006815e-16
640.0 2.7549000889100077e-16
650.0 5.994719965213197e-16
658.0 1.0956340152481134e-15
665.0 1.831720017055745e-15
675.0 3.747720236100757e-15
685.0 7.497500285401777e-15
695.0 1.4673000754310847e-14
705.0 2.8026800780538757e-14
716.0 5.6236403013914875e-14
726.0 1.0348380486552794e-13
735.0 1.763899939207434e-13
745.0 3.1386799916761706e-13
755.0 5.490659890705999e-13
765.0 9.467039768968801e-13
775.0 1.6052600233976744e-12
785.0 2.6852001638546868e-12
795.0 4.387399996770444e-12
805.0 7.163020022071392e-12
815.0 1.1528399878358976e-11
825.0 1.8269200750723794e-11
835.0 2.8604000520289373e-11
845.0 4.425479934437838e-11
855.0 6.770000115713648e-11
865.0 1.0244600548947235e-10
875.0 1.5306000788771467e-10
885.0 2.2730599603597293e-10
895.0 3.3367001850732274e-10
905.0 4.850500133936625e-10
915.0 9.608200100968514e-07
925.0 3.386280004662947e-06
935.0 4.990379538887535e-06
945.0 7.287599755296247e-06
955.0 1.0933199522622643e-05
965.0 1.5713400117994984e-05
975.0 2.23794015430492e-05
985.0 3.167259975672483e-05
995.0 4.445639974193507e-05
1005.0 6.307000147098707e-05
1015.0 8.72639975384171e-05
1025.0 0.00011415201093807866
1035.0 0.00016401400688939366
1045.0 0.00022264401523053057
1055.0 0.00030034199065155176
1065.0 0.000396211993142318
1075.0 0.0005369400187149334
1085.0 0.0007119200021467539
1095.0 0.0009235000429994232
1105.0 0.002223879949674751
1115.0 0.007615799978624002
1125.0 0.011778599671002234
1135.0 0.017615400282885715
1145.0 0.023628000548200027
1155.0 0.027010801342791674
1165.0 0.03838320001977542
1175.0 0.04755399940927327
1185.0 0.05226600214301684
1195.0 0.030944400161791025
1205.0 0.029723199324486776
1215.0 0.014514599795341476
1225.0 0.039836000927543525
1235.0 0.09441800265369156
1245.0 0.17575800963484237
1255.0 0.26610002444097103
1265.0 0.27587203134642796
1275.0 0.3745260172711947
1285.0 0.46933998001890304
1295.0 0.5863779980339333
1305.0 0.5713480517254349
1315.0 0.7664600291284264
1325.0 0.8532200585307942
1335.0 0.9903999608224247
1345.0 1.1367000283345354
1355.0 1.3060800253215321
1365.0 1.4366000783116408
1375.0 1.6010199934283913
1385.0 1.800339986391944
1395.0 2.0441800789217752
1405.0 2.4366000263580867
1415.0 2.7218400599418424
1425.0 3.052059924219654
1435.0 3.505380022004587
1442.0 4.3240001228206415
1447.0 4.091140335647947
1455.0 4.768840302508855
1465.0 5.613600081200497
1475.0 5.7061999786982645
1485.0 6.687800140635622
1495.0 8.557199859623035
1505.0 10.22779998343084
1512.0 8.851399888553086
1517.0 11.119800427940769
1525.0 14.253600506868546
1535.0 39.65000082637964
1545.0 45.65000002949712
1555.0 68.01799740640175
1565.0 64.91000320653119
1575.0 111.03400325298102
1585.0 136.7579986691975
1595.0 161.38400136206118
1605.0 173.92200273001404
1615.0 191.56200926273934
1625.0 217.248004871463
1635.0 248.72200979281033
1645.0 345.25999952296246
1655.0 198.12400880022608
1665.0 390.2200167307389
1672.0 254.83999863844994
1677.0 444.6599962789154
1685.0 801.2800047578515
1695.0 1296.540041018679
1705.0 1522.7800036054082
1715.0 1777.9799945978198
1725.0 2168.3200080182396
1735.0 2835.199974200008
1745.0 3505.000194187974
1755.0 5165.60006714822
1765.0 4429.200000728643
1775.0 5191.800144965307
1785.0 6319.4001280921075
1795.0 9062.800205530162
1805.0 7332.0000029391595
1815.0 7155.800431851915
1825.0 8314.200321596809
1835.0 9883.000299365325
1845.0 7445.799913164054
1855.0 11163.399602167407
1865.0 13883.800631922059
1875.0 14747.999925582055
1885.0 16234.800400422222
1895.0 20275.601053043192
1905.0 18825.200957065874
1915.0 20269.40153555141
1925.0 18600.00063330385
1935.0 12226.400194740103
1945.0 26623.999339271762
1955.0 27618.00003654299
1967.0 35299.998991265325
1976.0 31818.00094067358
1984.0 33339.99997645087
1995.0 37153.99970831882
2005.0 39463.99976674998
2015.0 41102.00132200008
2025.0 35353.9996288898
2035.0 48380.00130578314
2045.0 55667.99911023508
2055.0 52273.998843712056
2065.0 50848.00090784561
2074.0 56568.00303321631
2078.0 86544.00446858142
2085.0 94381.99997315921
2095.0 163364.00039225386
2105.0 267959.997974712
2115.0 310540.0113234955
2125.0 251860.00687416684
2135.0 230360.00293809365
2145.0 333580.01160021586
2155.0 357600.0005295265
2165.0 298520.01754881296
2175.0 323320.0151536554
2185.0 408640.00821196253
2195.0 417200.00134527154
2205.0 389960.0066938029
2215.0 252200.00640549013
2225.0 311460.00051031535
2235.0 474060.01535423665
2245.0 435339.99213441974
2255.0 294440.0162402661
2265.0 265280.0057653935
2275.0 378060.0046333087
2285.0 470320.0197814435
2295.0 389399.99677420943
2305.0 493740.0227643073
2315.0 379080.01791133295
2325.0 346000.0135649918
2335.0 182520.00070365582
2345.0 107296.00452920537
2355.0 279660.0060150635
2365.0 121667.99776870628
2375.0 179940.0010538826
2385.0 85020.00182371904
2395.0 119668.00387307345
2405.0 117704.00171421333
2415.0 185999.99659756589
2425.0 421020.00772921287
2435.0 454460.0144354321
2445.0 561200.006776012
2455.0 602200.0315546109
2465.0 482659.98939384246
2475.0 432420.0215204962
2485.0 251459.99861045997
2495.0 351120.0234402903
2505.0 560680.006540659
2513.0 246400.01582301807
2518.0 182159.99468932048
2525.0 166279.99871881702
2535.0 237999.99857849482
2545.0 338800.0031334571
2555.0 773620.038206561
2565.0 499680.00843554287
2575.0 662660.0280167855
2585.0 490699.99575866445
2595.0 396080.0171260546
2605.0 283780.0003870464
2615.0 262239.9932432445
2625.0 398580.0036271985
2635.0 967120.0108114675
2645.0 1613000.0770123643
2655.0 2141799.995754858
2665.0 1261200.0834250639
2675.0 1484000.0077104503
2685.0 1680599.9909221977
2695.0 1285200.0633656413
2705.0 1631600.0290300585
2715.0 1072680.0421165845
2725.0 893500.0414592675
2735.0 1064859.9920047387
2745.0 420059.98429348576
2755.0 633600.0045931874
2765.0 924779.9969362238
2775.0 1040380.0698603843
2785.0 513960.0018186722
2795.0 167900.00307429102
2805.0 217520.00756747977
2815.0 823580.0453024071
2825.0 1560799.9693810036
2835.0 1618799.9837819508
2845.0 1319180.0281977681
2855.0 675439.9891168248
2865.0 1721200.0382612762
2875.0 2158000.169279226
2885.0 1943200.0789243232
2895.0 2142199.980096875
2910.0 2899400.123874927
2930.0 2597600.132596899
2950.0 2505400.021152346
2970.0 2880199.9689782644
2990.0 2847399.9565529553
3010.0 3068199.9224286806
3030.0 3131200.164566269
3050.0 3263599.94163782
3070.0 3143400.116836917
3090.0 3313200.0215630922
3110.0 3393200.0744529376
3130.0 3244399.860431262
3150.0 3179000.1037462773
3170.0 3392800.1846140563
3190.0 3022400.1206350136
3210.0 3441799.948885327
3230.0 2766000.0425247345
3250.0 3729199.955623106
3270.0 4290800.054157715
3290.0 4116000.0481833825
3310.0 4091199.985750575
3330.0 4088200.0224077897
3350.0 3984400.158665306
3370.0 3350600.0004688585
3390.0 3798200.108102609
3410.0 3974200.0894113076
3430.0 4098000.075190753
3450.0 4392200.012852551
3470.0 4365200.195329145
3490.0 4557600.08902214
3510.0 4779600.032368642
3530.0 4504399.988527569
3550.0 5156599.938221892
3570.0 4139399.789612242
3590.0 4180600.081072275
3610.0 4514000.08778074
3630.0 4611400.053252199
3640.0 4569600.09617786
3650.0 5141600.169552055
3670.0 5119400.050384432
3690.0 5045999.989960781
3710.0 5671600.1095165275
3730.0 5193600.050541908
3750.0 5849600.185349976
3770.0 6452800.055470058
3790.0 6808799.964799632
3810.0 7106600.0055738725
3830.0 5248600.14904548
3850.0 6266800.043062653
3870.0 6254000.329157868
3890.0 6375800.24835154
3910.0 7294199.872508885
3930.0 3517000.242367028
3950.0 6133600.119097957
3970.0 3970800.024074807
3990.0 8250200.486084536
4010.0 8913600.329804547
4030.0 8901800.141653817
4050.0 8726200.179781316
4070.0 8579199.942985533
4090.0 9351400.141661419
4110.0 8859000.156338735
4130.0 9253000.539605511
4150.0 9534799.89220627
4170.0 9323200.187613772
4190.0 9162800.427086381
4210.0 9213400.165063117
4230.0 8951000.077088395
4250.0 9114799.9803114
4270.0 8702400.376598222
4290.0 7957999.98139461
4310.0 6732000.328929576
4330.0 9023800.192304512
4350.0 8484599.92936516
4370.0 9616999.91646254
4390.0 8948600.135573212
4410.0 9400799.774620183
4430.0 9651999.99009175
4450.0 9652000.393940613
4470.0 10049600.204847774
4490.0 10095200.11518883
4510.0 11001000.173751535
4530.0 9999000.16136925
4550.0 10194200.09285185
4570.0 10846999.965954281
4590.0 10221600.149103295
4610.0 10567200.181786658
4630.0 10342599.808003753
4650.0 10494000.063440751
4670.0 10699600.447658528
4690.0 10451800.332389565
4710.0 10068999.981265321
4730.0 10564000.460144885
4750.0 10745399.480780479
4770.0 10692000.472312748
4790.0 10668399.9834028
4810.0 10512200.227983367
4830.0 10650799.90263407
4850.0 9860600.19058854
4870.0 8738999.781521806
4890.0 10186400.129468739
4910.0 10146200.035235383
4930.0 9979199.95065378
4950.0 10399800.474359835
4970.0 10406399.698852524
4990.0 9696800.081347339
5010.0 9300199.805801433
5030.0 9819600.611133732
5050.0 9851200.210869065
5070.0 10198800.199478265
5090.0 9825599.936338475
5110.0 9956200.259694032
5130.0 9642800.021678293
5150.0 9412600.495451916
5170.0 9154200.252159439
5190.0 9107400.1755294
5210.0 9435400.532566369
5230.0 9519400.057641417
5250.0 9670999.81071565
5270.0 8785600.631274488
5290.0 9602799.70521772
5310.0 9784400.052073052
5330.0 9078600.01655632
5350.0 9628599.784493407
5370.0 9650599.877088033
5390.0 9487800.561272355
5410.0 9223000.504691267
5430.0 9393399.758771334
5450.0 9672800.221432496
5470.0 9433600.163380899
5490.0 9335400.218101637
5510.0 9314400.092861393
5530.0 9395200.172579741
5550.0 9477000.542171465
5570.0 9275600.414583383
5590.0 9103999.8018591
5610.0 9325400.266506832
5630.0 9307599.895495117
5650.0 9225600.394623013
5670.0 9007200.180502819
5690.0 9153000.032722348
5710.0 8988400.03812506
5730.0 9463600.095149217
5750.0 9175000.53220433
5770.0 9245199.657321107
5790.0 8996400.211311808
5810.0 9151399.679955367
5830.0 9240999.720344113
5850.0 9052400.139872456
5870.0 9060200.338496007
5890.0 8678800.338985445
5910.0 8953199.871609166
5930.0 8908000.25981302
5950.0 8902799.748451605
5970.0 8912799.746667234
5990.0 8798199.934885738
6010.0 8659200.273917485
6030.0 8689199.995713757
6050.0 8781800.213649131
6070.0 8750400.112541279
6090.0 8535199.83383212
6110.0 8446200.072174486
6130.0 8203599.987087745
6150.0 8232399.8891097745
6170.0 8059400.489040442
6190.0 8380200.58630375
6210.0 8384800.331023411
6230.0 8164399.988599884
6250.0 7880000.027023106
6270.0 8222600.457369083
6290.0 8224999.940959472
6310.0 7980000.222189796
6330.0 8016799.931472545
6350.0 8004799.954922237
6370.0 7951199.818993024
6390.0 8004000.083398854
6410.0 7825400.203002792
6430.0 7880399.90252008
6450.0 7787800.209317862
6470.0 7779600.136654233
6490.0 7639199.863373052
6510.0 7769800.1295951
6530.0 7754800.079307204
6550.0 7504400.500171165
6570.0 6657600.21464856
6590.0 7564600.2224704055
6610.0 7623999.968524768
6630.0 7592800.487970774
6650.0 7557800.687209627
6670.0 7468199.910857152
6690.0 7545200.475346161
6710.0 7405000.124659529
6730.0 7456400.073619053
6750.0 7342400.040923541
6770.0 7353200.010011365
6790.0 7298400.204141735
6810.0 7257599.916709271
6830.0 7263000.020450592
6850.0 7127800.396050778
6870.0 7175599.940327301
6890.0 7167000.007361142
6910.0 7107999.956042857
6930.0 7072200.41515598
6950.0 7034200.407009557
6970.0 7020400.086053301
6990.0 6985800.293507042
7010.0 6784400.200505724
7030.0 6869400.165277066
7050.0 6879800.06668644
7070.0 6817000.0858976375
7090.0 6779800.12864807
7110.0 6730000.151230451
7130.0 6673400.172326133
7150.0 6639800.210721541
7170.0 6599800.023024696
7190.0 6443999.865767945
7210.0 6529199.924712102
7230.0 6496600.235009535
7250.0 6517600.140034447
7270.0 6494400.309228192
7290.0 6332799.925790602
7310.0 6388600.261184915
7330.0 6374000.025798504
7350.0 6366799.982780898
7370.0 6366199.952917536
7390.0 6218200.016473757
7410.0 6129600.155518809
7430.0 6163999.9375729915
7450.0 6166000.375852345
7470.0 6182600.165290173
7490.0 6127400.257136372
7510.0 6124800.119022686
7530.0 6106999.922185666
7550.0 6114600.164407449
7570.0 6045199.946499165
7590.0 6026400.074819421
7610.0 5986799.936798172
7630.0 5992000.182769498
7650.0 5951600.103396072
7670.0 5817200.24223708
7690.0 5890199.976525535
7710.0 5811799.984732246
7730.0 5805600.15808246
7750.0 5744800.069794856
7770.0 5755000.032764722
7790.0 5780400.243379464
7810.0 5740600.130795133
7830.0 5676200.116855326
7850.0 5645200.102570879
7870.0 5671200.008227764
7890.0 5629400.292417541
7910.0 5556800.219426111
7930.0 5471399.951391469
7950.0 5468600.196810396
7970.0 5527199.891186228
7990.0 5507800.106924887
8010.0 5443000.005619474
8030.0 5411400.129318071
8050.0 5374000.271366689
8070.0 5385600.077140931
8090.0 5298999.8996598665
8110.0 5339200.010048735
8130.0 5337000.165160344
8150.0 5295000.121277714
8170.0 5271199.923796486
8190.0 5132400.102737974
8210.0 5127800.127285973
8230.0 5114000.192005001
8250.0 5115000.272358364
8270.0 5157000.140908544
8290.0 5119999.983174439
8310.0 5029999.926671732
8330.0 4987800.064926309
8350.0 5009600.128081804
8370.0 5009200.015771548
8390.0 4930399.922133777
8410.0 4965400.0815769145
8430.0 4877000.21164093
8450.0 4866999.952643251
8470.0 4832800.066568896
8490.0 4781599.937165187
8510.0 4522000.14518066
8530.0 4705199.985280818
8550.0 3944800.0864681043
8570.0 4811599.850849181
8590.0 4690200.052559032
8610.0 4641200.003835447
8630.0 4746800.327955671
8650.0 4660400.170082352
8670.0 3916400.217009049
8690.0 4566000.165040178
8710.0 4646399.732173737
8730.0 4622400.015118417
8750.0 4382000.03665354
8770.0 4596600.237456801
8790.0 4575400.122770943
8810.0 4504200.08929661
8830.0 4518000.098625451
8850.0 4467999.84472813
8870.0 4245400.024689972
8890.0 4477800.229466989
8910.0 4487000.327973407
8930.0 4405000.001426878
8950.0 4413000.062530577
8970.0 4400400.2000492625
8990.0 4387000.105263583
9010.0 4087999.993543578
9030.0 4272800.063417833
9050.0 4365600.319410324
9070.0 4263400.199079141
9090.0 4151600.0708680293
9110.0 4205200.242674329
9130.0 4272200.155984757
9150.0 4237399.982807616
9170.0 4206200.003145601
9190.0 4206600.130804687
9210.0 4085400.1598650813
9230.0 3865199.8870332744
9250.0 4015600.129263027
9270.0 4073000.171984156
9290.0 4093600.0745179234
9310.0 4096400.1011349997
9330.0 4067400.1223196425
9350.0 4049000.01454779
9370.0 4026599.933269619
9390.0 4009600.1842003055
9410.0 3852399.985715744
9430.0 3942399.8970420635
9450.0 3900600.1305146078
9470.0 3945400.069078308
9490.0 3942199.869877818
9510.0 3904399.887337542
9530.0 3854800.0966253923
9550.0 3630599.930689469
9570.0 3814599.978337997
9590.0 3847200.1216824893
9610.0 3796400.2287305295
9630.0 3756599.9857136584
9650.0 3751400.1430077334
9670.0 3714800.127134335
9690.0 3733600.040568759
9710.0 3739399.8994570086
9730.0 3725800.165947027
9750.0 3669400.0895931935
9770.0 3681399.952107807
9790.0 3653000.1009613164
9810.0 3667799.9471663027
9830.0 3644600.1235381225
9850.0 3627000.1002149214
9870.0 3598600.158301368
9890.0 3578800.0785534373
9910.0 3558400.094874843
9930.0 3576600.0469646766
9950.0 3560400.1855818206
9970.0 3547600.1107089533
9990.0 3530799.927161972
10025.0 3464000.025602451
10075.0 3378799.9722699434
10125.0 3413600.118735905
10175.0 3362200.1384074492
10225.0 3344200.0287302174
10275.0 3327799.963467511
10325.0 3261000.0142944935
10375.0 3234000.0701810694
10425.0 3215199.991672869
10475.0 3144599.9555648463
10525.0 3137800.02165647
10575.0 3101000.1330889408
10625.0 3064600.044170153
10675.0 2983400.119261295
10725.0 2984400.061957841
10775.0 2950200.0558370547
10825.0 2897200.0684216744
10875.0 2876000.0515926373
10925.0 2774799.9623063672
10975.0 2785400.08984536
11025.0 2802400.0495749353
11075.0 2789399.9464176777
11125.0 2749600.0043967734
11175.0 2721400.10981692
11225.0 2708200.0371919833
11275.0 2641799.9216025537
11325.0 2627599.968286135
11375.0 2609200.014732747
11425.0 2564799.998625122
11475.0 2585200.117670094
11525.0 2560600.032622506
11575.0 2521000.038636433
11625.0 2470000.0849370123
11675.0 2447800.0268940064
11725.0 2467399.9443281377
11775.0 2399000.1865568254
11825.0 2387400.0059625856
11875.0 2350000.095909778
11925.0 2380400.148115821
11975.0 2301200.064148203
12025.0 2313000.09084027
12075.0 2281400.0268827355
12125.0 2267400.04505397
12175.0 2266200.062257292
12225.0 2242599.935003287
12275.0 2215399.944153238
12325.0 2197800.0507086893
12375.0 2177399.9799692305
12425.0 2156600.079829716
12475.0 2142599.983766
12525.0 2114000.0838170014
12575.0 2091000.1386618589
12625.0 2076600.049452042
12675.0 2055600.0905695432
12725.0 2046999.9500841503
12775.0 2022400.0239886912
12825.0 1881800.0948581204
12875.0 1979200.022654785
12925.0 1962000.0596963507
12975.0 1956000.0534797001
13025.0 1930600.1016665522
13075.0 1923800.1012077087
13125.0 1892000.0169270784
13175.0 1872400.0277653793
13225.0 1871599.8809327362
13275.0 1839200.098568766
13325.0 1834000.0143699236
13375.0 1815799.9678626913
13425.0 1808600.0539188667
13475.0 1791799.9758542855
13525.0 1774200.0624059984
13575.0 1745199.991475957
13625.0 1737800.05029518
13675.0 1722200.002070319
13725.0 1698800.0622057838
13775.0 1691800.0511818286
13825.0 1680400.0359521997
13875.0 1671400.0129617213
13925.0 1654400.001706735
13975.0 1641000.0430827427
14025.0 1619599.974672405
14075.0 1614199.992564606
14125.0 1587800.0913162634
14175.0 1587000.018126227
14225.0 1555999.9369162912
14275.0 1534200.0115648615
14325.0 1541999.9700992003
14375.0 1538800.0099723984
14425.0 1478200.0738343599
14475.0 1507200.037573045
14525.0 1471000.0460806536
14570.0 1477399.995809144
14620.0 1460600.0563959542
14675.0 1454200.0285357013
14725.0 1426400.0613350535
14775.0 1416200.0210090738
14825.0 1409800.0561773807
14875.0 1385000.0429363712
14925.0 1402600.006173974
14975.0 1379800.0731712463
15025.0 1356800.040300922
15075.0 1341000.035797726
15125.0 1348200.0472150317
15175.0 1343400.0942769353
15225.0 1320400.056877792
15275.0 1318799.9973953166
15325.0 1303000.063851784
15375.0 1296000.0185573243
15425.0 1276000.024252356
15475.0 1273400.0023890748
15525.0 1258799.996973821
15575.0 1233800.00224068
15625.0 1253600.020681338
15675.0 1216799.9911406739
15725.0 1203000.047525256
15775.0 1191599.9755830227
15825.0 1195800.0133509082
15875.0 1123000.0398442126
15925.0 1169199.9535777557
15975.0 1175600.026751902
16050.0 1151999.99250536
16150.0 1105800.0145528866
16250.0 1127000.0108761785
16350.0 1090600.0360079661
16450.0 1040400.0282198235
16550.0 1064000.0517777693
16650.0 1045200.0234773484
16750.0 1006200.0052002703
16850.0 956160.0033225558
16950.0 986900.0277831409
17050.0 956120.031780405
17150.0 942580.0358744154
17250.0 913159.9976488372
17350.0 849940.0120434758
17450.0 873340.0172406149
17550.0 864960.0044243039
17650.0 847260.0460709785
17750.0 830819.9965884625
17850.0 816640.0220203818
17950.0 803460.0091024721
18050.0 782419.9882186577
18150.0 733600.01153917
18250.0 744820.0442560982
18350.0 738920.0292991719
18450.0 721219.9995791938
18550.0 709759.9809255849
18650.0 691180.0002672354
18750.0 643620.0000749828
18850.0 666280.0169930859
18950.0 643860.0380266306
19050.0 647200.0081863467
19150.0 633260.0447935418
19250.0 622140.0297930676
19350.0 605259.9748435143
19450.0 566579.9845540776
19550.0 586320.0227076906
19650.0 576280.004240194
19750.0 563840.0090280259
19850.0 556300.019673609
19950.0 546139.9978679707
20050.0 538639.9937529501
20150.0 531059.995316251
20250.0 517700.02306437655
20350.0 505740.01880101964
20450.0 502940.01221323624
20550.0 492660.0126420985
20650.0 482099.99956144515
20750.0 474700.0257293159
20850.0 466480.01284783427
20950.0 456599.9973909183
21050.0 451400.0191972597
21150.0 442400.0066842895
21250.0 434659.99834616645
21350.0 428220.0199111363
21450.0 421940.01717627543
21550.0 414020.0093505762
21650.0 387720.0074564183
21750.0 396980.0196356873
21850.0 392520.0089425611
21950.0 388100.0142457505
22050.0 378819.9885339993
22150.0 374300.01533866255
22250.0 368479.9876188941
22350.0 362359.99707700167
22450.0 356600.01249475847
22550.0 348860.01810527564
22650.0 343800.00996963243
22750.0 339700.01579649636
22850.0 332740.0097839543
22950.0 325960.0012334883
23050.0 323180.0098950291
23150.0 317419.9977166551
23250.0 310500.00085993303
23350.0 306540.01525871555
23450.0 303379.9953702276
23550.0 295340.00972698856
23650.0 293359.9991991521
23750.0 287720.0031867682
23850.0 281180.0135644142
23950.0 279420.00500608224
24050.0 275080.0024324503
24150.0 268799.99216546497
24250.0 266160.0011582578
24350.0 261779.99475061585
24450.0 257719.99231785216
24550.0 252499.9939596555
24650.0 251260.00033292949
24750.0 246180.00362869224
24850.0 241560.00322855468
24950.0 238680.00021433542
25050.0 236719.9967301609
25150.0 232420.00271012323
25250.0 228800.0045564254
25350.0 226480.01496299857
25450.0 222560.0025064327
25550.0 219159.9960063691
25650.0 213960.00983546866
25750.0 214180.00567056003
25850.0 208920.00270236778
25950.0 207819.9987302495
26050.0 204780.00465761492
26150.0 199039.99747380166
26250.0 191080.00501688666
26350.0 195620.008253775
26450.0 193000.00777809526
26550.0 190560.0055930994
26650.0 186640.00662962368
26750.0 182260.00484416852
26850.0 183599.9943016485
26950.0 181280.00508250383
27050.0 178759.9968751163
27150.0 176319.99693584171
27250.0 173980.00173283264
27350.0 171639.99808637972
27450.0 169520.0037225109
27550.0 163199.99690377724
27650.0 163520.00342071522
27750.0 162340.00719146492
27850.0 160359.99898411325
27950.0 158520.00967088298
28050.0 156320.00211141075
28150.0 154339.99522384471
28250.0 152199.99545136114
28350.0 150459.99846196937
28450.0 148019.99809262305
28550.0 146280.00969149734
28650.0 143820.0014505308
28750.0 138520.00253345605
28850.0 140420.00547995808
28950.0 138920.0054469044
29050.0 137120.0055253871
29150.0 135239.9992290481
29250.0 133180.00660801074
29350.0 131899.9991893276
29450.0 129999.99828994146
29550.0 128560.00291433753
29650.0 126980.00390634126
29750.0 125339.99705381811
29850.0 123840.00237890158
29950.0 122040.0003663402
30050.0 120500.00674922933
30150.0 119160.00048803356
30250.0 117620.0021995099
30350.0 113359.99774674252
30450.0 113720.00173737042
30550.0 113300.00327967427
30650.0 111740.0014423302
30750.0 110699.99488907628
30850.0 108959.99726674457
30950.0 107719.99858628411
31050.0 106579.99840346597
31150.0 104620.00450947924
31250.0 103940.00040899731
31350.0 102700.00522559059
31450.0 101524.00145131044
31550.0 100112.00358444845
31650.0 99100.00089002165
31750.0 97866.0011334616
31850.0 96775.99680184745
31950.0 95744.00164088173
32100.0 93916.0032691971
32300.0 91788.00547814378
32500.0 89614.00448747823
32700.0 87523.99785697421
32900.0 84036.00382193681
33100.0 83273.99966463888
33300.0 81452.00229811703
33500.0 79820.00180821816
33700.0 77886.00010501647
33900.0 76078.00045675361
34100.0 74348.00085952978
34300.0 72951.99839739878
34500.0 71476.00014665202
34700.0 69860.00497316131
34900.0 68395.99928592143
35100.0 66921.99959846529
35300.0 65386.00026913346
35500.0 64080.00143301515
35700.0 62631.998791918246
35900.0 61295.999778116515
36100.0 60132.000671961854
36300.0 58883.999779086575
36500.0 57425.998978838754
36700.0 56277.998922728584
36900.0 54836.000120714074
37100.0 53756.00196768509
37300.0 52580.0005254978
37500.0 50890.00143501345
37700.0 50720.00084990414
37900.0 49712.00193603888
38100.0 48696.001849252854
38300.0 47849.9999658365
38500.0 46982.00111768972
38700.0 45958.00108685822
38900.0 45035.99946848336
39100.0 44138.00194406398
39300.0 43407.99722815039
39500.0 42449.999917453926
39700.0 41730.00179952084
39900.0 40708.00131171228
40100.0 39970.00126181513
40300.0 39282.00010661659
40500.0 38154.00036965428
40700.0 37871.999915705645
40900.0 37175.99829555625
41100.0 36558.00149997288
41300.0 35907.999490458475
41500.0 35164.00240114346
41700.0 34364.00068973418
41900.0 33916.00111201032
42100.0 33192.00076759047
42300.0 32782.000348421454
42500.0 32118.001035918533
42700.0 31591.99975233012
42900.0 30681.999603807744
43100.0 29922.000224195053
43300.0 29528.00008779544
43500.0 28639.99973839805
43700.0 27910.00058229819
43900.0 27706.000727426945
44100.0 26788.00033881209
44300.0 26523.999833619306
44500.0 26126.000982621106
44700.0 25330.000351491428
44900.0 25144.000933469637
45100.0 24707.99985452883
45300.0 24037.999247537624
45500.0 23800.000079019846
45700.0 23478.000486285247
45900.0 22840.000292725443
46100.0 22636.00097460673
46300.0 22248.000377110013
46500.0 21730.000352286293
46700.0 21457.999548671956
46900.0 21262.000613977485
47100.0 20912.000030030697
47300.0 20685.99988471792
47500.0 20310.000460581592
47700.0 19976.001166846254
47900.0 19694.000585387304
48100.0 19314.000551378376
48300.0 19128.000002701538
48500.0 18792.00047795977
48700.0 18487.999322622298
48900.0 18221.999867953706
49100.0 17948.00074172429
49300.0 17672.000669207755
49500.0 17392.000037241065
49700.0 17130.000357551486
49900.0 16912.000477826532
50100.0 16602.00105019973
50300.0 16412.00027275282
50500.0 16102.000241528473
50700.0 15890.000750462188
50900.0 15682.000880807222
51100.0 15412.00034571604
51300.0 15106.000306008955
51500.0 14975.99937887391
51700.0 14816.000010686452
51900.0 14550.000943231467
52100.0 14326.000183749116
52300.0 14112.00078878277
52500.0 13950.000552078815
52700.0 13768.000413971395
52900.0 13510.000305767368
53100.0 13358.000589709482
53300.0 13154.00025291044
53500.0 12979.999807466893
53700.0 12787.99956707497
53900.0 12624.000622178599
54100.0 12454.000299507543
54300.0 12234.000622122832
54500.0 12112.000272540337
54700.0 11922.000116955416
54900.0 11758.000734789037
55100.0 11613.999999264519
55300.0 11468.000083444387
55500.0 11279.999901616273
55700.0 11174.000346534907
55900.0 10974.00008659774
56100.0 10844.000326417043
56300.0 10690.000014733798
56500.0 10582.000465831597
56700.0 10438.000466506881
56900.0 10272.000515360385
57100.0 10146.000407194308
57300.0 10026.000353334006
57500.0 9894.199728485586
57700.0 9760.199621784759
57900.0 9638.79964180091
58100.0 9505.800346585496
58300.0 9387.200096200944
58500.0 9274.40011865061
58700.0 9141.000269422799
58900.0 9012.200132638878
59100.0 8852.200216855803
59300.0 8798.000200819084
59500.0 8641.599942605248
59700.0 8577.000290223723
59900.0 8469.800258802305
60100.0 8359.600133797836
60300.0 8259.00008067577
60500.0 8152.400267238513
60700.0 8044.999934125644
60900.0 7942.199849435027
61100.0 7830.000246175788
61300.0 7750.400141503773
61500.0 7657.999832016447
61700.0 7562.60008693013
61900.0 7470.799808734337
62100.0 7379.80021825755
62300.0 7270.200337055115
62500.0 7190.000160363248
62700.0 7102.600135057894
62900.0 6996.000321212858
63100.0 6921.7996003207845
63300.0 6855.2001774160935
63500.0 6767.80046729934
63700.0 6688.600283274
63900.0 6602.600110108893
64200.0 6489.400040300703
64600.0 6329.600410063479
65000.0 6177.399902647173
65400.0 6038.599965501293
65800.0 5898.999962915368
66200.0 5758.4001982432355
66600.0 5628.200171480318
67000.0 5496.799991074211
67400.0 5367.200096452468
67800.0 5237.600082224835
68200.0 5129.399975215549
68600.0 5013.999935392722
69000.0 4901.000087000814
69400.0 4789.400135834
69800.0 4686.400372031389
70200.0 4578.800178753202
70600.0 4481.400089595162
71000.0 4384.200236150488
71400.0 4289.200095705955
71800.0 4195.599965792472
72200.0 4103.99986616527
72600.0 4016.4000540661664
73000.0 3933.8000300530693
73400.0 3847.599998886028
73800.0 3768.9999511674732
74200.0 3687.8000929411764
74600.0 3594.2001519402947
75000.0 3517.000145542048
75400.0 3463.200053605846
75800.0 3393.599999934854
76200.0 3324.400016868524
76600.0 3257.600055676784
77000.0 3190.4000994307335
77400.0 3127.200051042896
77800.0 3064.6000869986015
78200.0 3004.2001105837426
78600.0 2945.000129727377
79000.0 2886.7999930543683
79400.0 2829.999954933723
79800.0 2774.8000632907397
80200.0 2719.3998921915077
80600.0 2666.600109722149
81000.0 2616.400111105273
81400.0 2563.200016652643
81800.0 2516.800019257261
82200.0 2469.9999715401227
82600.0 2423.2000527465534
83000.0 2377.4000851176447
83400.0 2331.6000637553716
83800.0 2288.7999455376803
84200.0 2246.999860882197
84600.0 2206.2000464271364
85000.0 2165.7999891232803
85400.0 2126.0000509123743
85800.0 2087.199986899841
86200.0 2048.800077557246
86600.0 2011.6000364448028
87000.0 1976.599932144603
87400.0 1938.4000837307774
87800.0 1904.60006956361
88200.0 1871.6000686376192
88600.0 1839.200046627308
89000.0 1806.400010145971
89400.0 1776.0000464613115
89800.0 1743.6000753747014
90200.0 1713.8001081975588
90600.0 1685.3999892654203
91000.0 1655.0000065191034
91400.0 1626.6001148293763
91800.0 1599.800109161145
92200.0 1573.4000404609715
92600.0 1546.0000480301208
93000.0 1520.6001349679366
93400.0 1494.6000571234033
93800.0 1468.4000002525981
94200.0 1445.4000506290784
94600.0 1420.9999705864832
95000.0 1398.600024919473
95400.0 1375.2000285709096
95800.0 1352.7999793303761
96200.0 1330.400028584815
96600.0 1309.0000663615924
97000.0 1288.0000109758146
97400.0 1266.2000113567744
97800.0 1246.200047694252
98200.0 1226.8000585373259
98600.0 1207.3999878048035
99000.0 1189.0000063515631
99400.0 1169.5999993667012
99800.0 1151.2000149585838
100200.0 1133.1999981776578
200000.0 73.28200410216803
400000.0 4.595399917344753
600000.0 0.9026400033635378
800000.0 0.2838400195904471
1000000.0 0.11556000227101487
1200000.0 0.0554320018969604
1400000.0 0.029777999903887138
1600000.0 0.01737600107312985
