wave flux
90.9000015258789 0.0
93.5 0.0
96.0999984741211 0.0
97.69999694824219 0.0
99.5999984741211 0.0
102.0 0.0
103.80000305175781 0.0
105.5999984741211 0.0
107.69999694824219 0.0
110.4000015258789 0.0
114.0 0.0
117.80000305175781 0.0
121.30000305175781 0.0
124.80000305175781 0.0
127.0999984741211 0.0
128.39999389648438 0.0
130.5 0.0
132.39999389648438 0.0
133.89999389648438 0.0
136.60000610351562 0.0
139.8000030517578 0.0
143.3000030517578 0.0
147.1999969482422 0.0
151.0 0.0
155.1999969482422 0.0
158.8000030517578 0.0
162.0 0.0
166.0 0.0
170.3000030517578 0.0
173.39999389648438 0.0
176.8000030517578 0.0
180.1999969482422 0.0
181.6999969482422 6.851999875114588e-23
186.10000610351562 6.17499984286063e-22
191.0 4.7720001873228575e-21
193.89999389648438 1.5100000003899908e-20
198.39999389648438 8.443000338237213e-20
201.8000030517578 2.9529999684813984e-19
205.0 9.254000067358917e-19
210.5 6.0520003977749854e-18
216.1999969482422 3.833000066037209e-17
219.8000030517578 1.1700000119734438e-16
223.0 3.055000109378055e-16
226.8000030517578 9.227000193877307e-16
230.0 2.2530001871258635e-15
234.0 6.855999654605209e-15
240.0 3.2959999590153955e-14
246.5 1.6529999152136415e-13
252.39999389648438 6.642999617271292e-13
256.79998779296875 1.7950001055021417e-12
260.0 3.6239997346897594e-12
264.0 8.503999600421581e-12
268.5 2.1490001766235246e-11
273.5 5.7999999455585716e-11
278.5 1.5109999955323836e-10
284.0 4.1590000386445597e-10
290.0 1.1990000329781615e-09
296.0 3.305999802937576e-09
301.0 7.459999926879315e-09
308.0 2.224000014905891e-08
318.0 9.730001283776428e-08
328.0 3.865000237738978e-07
338.0 1.4119999879574522e-06
348.0 4.770000210607438e-06
357.0 1.3439999792232285e-05
366.0 3.588999972348509e-05
375.0 9.10099925967737e-05
385.0 0.00024259999616107897
395.0 0.000613500026752066
405.0 0.0014789999205260035
414.0 0.0031410001849994512
422.0 0.005960000026964441
430.0 0.011009999712116894
441.0 0.024700000467778812
451.0 0.04957999914180192
460.0 0.0902799972102134
470.0 0.1708000000493825
480.0 0.31390000316634825
490.0 0.5617000231589786
500.0 0.9799999879237068
506.0 9.531999829219851
512.0 32.33000237429075
520.0 45.29999897618989
530.0 70.30999682946423
540.0 94.06000213364838
550.0 151.40000072024824
560.0 213.2000049116377
570.0 302.4000044469493
580.0 391.1999994371923
590.0 593.2000181234133
600.0 814.9999832649877
610.0 1112.000041623001
620.0 1436.0000133191193
630.0 1879.0000297706283
640.0 2358.0000607781267
650.0 3043.9999422922897
658.0 3759.999968222683
665.0 4337.0002208641945
675.0 5400.000260561226
685.0 6781.000018565632
695.0 8508.000587707998
705.0 10420.000249961991
716.0 12920.00001621353
726.0 15720.00030476835
735.0 18440.000060816714
745.0 22500.000141263125
755.0 27070.0006226815
765.0 32210.00013008839
775.0 38459.99977568149
785.0 45569.99822091019
795.0 53039.99928754108
805.0 62129.99738793314
815.0 71660.00093611832
825.0 83730.00178239234
835.0 95200.00420727568
845.0 110200.00049291133
855.0 126900.00947544712
865.0 145600.00841064815
875.0 166699.99745870198
885.0 191399.99479135926
895.0 216499.99768004232
905.0 238399.9951070115
915.0 1152999.9803320225
925.0 6343000.076067442
935.0 15299999.873598455
945.0 82420002.03487869
955.0 260899999.9627491
965.0 394999992.7770007
975.0 74690000.46895525
985.0 584200038.7927032
995.0 595199991.7084283
1005.0 730500027.4133928
1015.0 651599984.7830262
1025.0 76629999.28548121
1035.0 314700004.5192116
1045.0 981099988.8304582
1055.0 1068999986.5092341
1065.0 867100043.2158325
1075.0 1108000065.7648494
1085.0 965300009.8960351
1095.0 1164000087.3342955
1105.0 1052000012.1026965
1115.0 1138000073.2470074
1125.0 1163999974.5689788
1135.0 1470000049.5844815
1145.0 1319999992.4170578
1155.0 1453999998.4517524
1165.0 1599999937.955405
1175.0 1370000051.804296
1185.0 1543999912.7846816
1195.0 557699970.60748
1205.0 400399985.5716257
1215.0 71140003.95711818
1225.0 555400016.9642646
1235.0 1534000118.1678042
1245.0 1859999909.9757981
1255.0 1860000036.903916
1265.0 1443000084.3292058
1275.0 1783000157.90872
1285.0 1979000139.5910833
1295.0 1272999889.5387762
1305.0 946800067.0556477
1315.0 1768000020.339893
1325.0 1773000165.4416852
1335.0 1439000090.4228704
1345.0 1891000036.4493124
1355.0 1798000114.210881
1365.0 1546000003.8282506
1375.0 1671999964.6832616
1385.0 1711999977.8011372
1395.0 1617999981.6005478
1405.0 1672000031.1620927
1415.0 1552000062.5027213
1425.0 1627000121.3658378
1435.0 1584999961.5329912
1442.0 1703999971.186922
1447.0 1725000167.5203614
1455.0 1687000037.4657571
1465.0 1579000189.9355419
1475.0 1528000122.6492574
1485.0 1546000016.7585092
1495.0 1572999975.0481374
1505.0 1499000001.8228612
1512.0 1357999952.764719
1517.0 1460000021.9351082
1525.0 1423000060.8995285
1535.0 1295000131.748412
1545.0 1391000045.5287898
1555.0 1291000023.242252
1565.0 1275999985.3239665
1575.0 1320999938.2947931
1585.0 1383000071.0689702
1595.0 1412000026.4599454
1605.0 1339999995.889318
1615.0 1355999980.8539777
1625.0 1263999955.7150803
1635.0 1326000059.750377
1645.0 1332000021.6800466
1655.0 1200000069.8072317
1665.0 1322000133.9581134
1672.0 1194000045.3114464
1677.0 1278000025.2665756
1685.0 1344000056.4417422
1695.0 1266000013.2424283
1705.0 1194000016.9938507
1715.0 1107999995.393006
1725.0 1099000076.976137
1735.0 1161000000.9127455
1745.0 1132000000.941148
1755.0 1204000019.5966787
1765.0 1080999920.5600615
1775.0 1119999963.5399382
1785.0 1142000002.2726035
1795.0 1197999964.6462708
1805.0 1184000050.002903
1815.0 1092000017.773732
1825.0 1108000075.7845845
1835.0 1057000019.8491268
1845.0 985200052.5649792
1855.0 931800016.7361954
1865.0 962300062.916983
1875.0 1072999965.3219211
1885.0 983100047.010454
1895.0 928300077.0565822
1905.0 995299996.4356068
1915.0 943599983.9296964
1925.0 927100066.778477
1935.0 963799959.5712899
1945.0 974000019.4180893
1955.0 908200006.1990666
1967.0 989200037.2228638
1976.0 1018000052.501793
1984.0 954099961.1208642
1995.0 916000044.1042639
2005.0 944900034.0887808
2015.0 896300071.7454146
2025.0 958499998.6514304
2035.0 891400008.4437137
2045.0 914800056.526583
2055.0 864600046.261764
2065.0 881599989.9044327
2074.0 919900000.3559937
2078.0 870500040.2622327
2085.0 900600033.2152275
2095.0 845799955.4493406
2105.0 854600004.4889213
2115.0 855800012.1589222
2125.0 866600030.0936964
2135.0 805200010.3776133
2145.0 821900032.0940496
2155.0 848700070.8611213
2165.0 816300024.5278392
2175.0 805600016.9377694
2185.0 778799996.3013129
2195.0 809000009.0609269
2205.0 784999992.965901
2215.0 750499983.8851897
2225.0 714400039.0515677
2235.0 765900066.3546151
2245.0 723200011.5239424
2255.0 697299935.9227005
2265.0 713200058.2625221
2275.0 732899995.9277135
2285.0 741500075.0349294
2295.0 709999995.2412372
2305.0 685000023.4828045
2315.0 656800021.9521735
2325.0 651699938.5846889
2335.0 620999986.0544012
2345.0 605300059.3204223
2355.0 630499984.2050666
2365.0 593900051.3868828
2375.0 604199994.9446142
2385.0 566900023.0947433
2395.0 608400014.0715039
2405.0 575299992.5552993
2415.0 583600028.7930498
2425.0 600100051.0845895
2435.0 569900057.5992596
2445.0 599800028.9901433
2455.0 582300058.5371644
2465.0 581900042.185461
2475.0 559500025.4956989
2485.0 590000029.1349988
2495.0 570499940.2250336
2505.0 594100041.4741278
2513.0 555100059.2909156
2518.0 575399991.7856811
2525.0 542099978.7538159
2535.0 544499992.8612565
2545.0 527800022.7035444
2555.0 549199994.5013423
2565.0 539799982.9968923
2575.0 566599972.3313769
2585.0 560499990.4806033
2595.0 562900061.5065
2605.0 541500034.7656567
2615.0 536900002.9848483
2625.0 540400030.9840423
2635.0 541800038.6590642
2645.0 561800049.4626067
2655.0 554300026.180303
2665.0 528800037.1228642
2675.0 542300055.6139385
2685.0 534600027.7597226
2695.0 522800020.03565747
2705.0 526200019.79205084
2715.0 510000012.89794713
2725.0 507700020.604466
2735.0 522699990.2793318
2745.0 482699985.8046553
2755.0 478800014.1354953
2765.0 487800042.69661075
2775.0 499099989.7581714
2785.0 498499995.2917183
2795.0 467700014.2361813
2805.0 484200012.7754731
2815.0 493399981.37912637
2825.0 487100013.2052815
2835.0 466800019.9246287
2845.0 456399992.41531926
2855.0 459600003.69186836
2865.0 468300003.048033
2875.0 459099996.0165265
2885.0 461400030.1500557
2895.0 456699982.93138874
2910.0 465000011.85746485
2930.0 451500002.37910014
2950.0 444199991.24682283
2970.0 440000028.1732472
2990.0 433399996.10840833
3010.0 433699997.06139034
3030.0 428800007.2538902
3050.0 420099986.6044733
3070.0 413200007.4481185
3090.0 409800007.4778597
3110.0 400500032.6042121
3130.0 395100007.6270261
3150.0 390600006.3575272
3170.0 383999991.8136941
3190.0 372299984.0191532
3210.0 372100016.81360507
3230.0 367000019.71230644
3250.0 362200025.52341247
3270.0 358200026.4408882
3290.0 353499989.5255137
3310.0 349800018.7651248
3330.0 343899985.7328769
3350.0 337600003.83903766
3370.0 333200007.7276922
3390.0 328299999.33008456
3410.0 324799992.7608793
3430.0 320000019.3591363
3450.0 315700000.9178264
3470.0 310800016.80825824
3490.0 306900001.77662146
3510.0 303500006.71777105
3530.0 299800011.79384667
3550.0 295900009.3085148
3570.0 291900002.30381364
3590.0 287000007.3753101
3610.0 283599992.0927736
3630.0 279700006.0424027
3640.0 278499999.199221
3650.0 276400014.37713575
3670.0 272999988.5730379
3690.0 263400009.69896668
3710.0 266000006.9460464
3730.0 269600002.2317216
3750.0 319099987.99781996
3770.0 327300006.7618266
3790.0 357499992.82924473
3810.0 382999985.48687094
3830.0 325799990.31266874
3850.0 394499979.94630027
3870.0 405500008.21256775
3890.0 304199997.892629
3910.0 400199996.5120098
3930.0 392400010.19779617
3950.0 389100022.65838253
3970.0 284800016.30252767
3990.0 373400016.2958816
4010.0 374799994.7572034
4030.0 358199998.3973615
4050.0 366800005.97015095
4070.0 357500019.95906746
4090.0 326400012.229486
4110.0 274899981.9013826
4130.0 335500020.73867965
4150.0 335799995.77490175
4170.0 332700002.12279654
4190.0 329300007.77588063
4210.0 325100011.18767273
4230.0 319700014.3503191
4250.0 314699998.75932705
4270.0 307100004.77111584
4290.0 305299999.2475184
4310.0 298800001.3883923
4330.0 265000001.7510604
4350.0 236300018.67018795
4370.0 284899998.19514495
4390.0 277899999.43730974
4410.0 279700006.5335846
4430.0 274000019.1726215
4450.0 272199988.8487239
4470.0 260700009.54832855
4490.0 261300005.2722299
4510.0 260399995.19820845
4530.0 255900003.33855626
4550.0 251899983.83182245
4570.0 249800011.7734733
4590.0 245599996.92765298
4610.0 242799986.86543515
4630.0 238099990.00768736
4650.0 235700003.38898134
4670.0 232500001.55709532
4690.0 229599990.9042419
4710.0 222899995.41336355
4730.0 222200002.8543125
4750.0 218899991.44689196
4770.0 217600011.91467768
4790.0 214400005.3425283
4810.0 210299998.14683855
4830.0 206399996.12410766
4850.0 187400006.76729682
4870.0 162800002.19417107
4890.0 197900007.7302122
4910.0 196700001.02677837
4930.0 191400012.90425232
4950.0 192300004.39063486
4970.0 190099995.08601695
4990.0 187200007.54906532
5010.0 181400004.7794058
5030.0 181400001.24318382
5050.0 177000011.94297
5070.0 177400003.21564725
5090.0 175000006.66265374
5110.0 172200001.66296965
5130.0 170400010.55886018
5150.0 167600005.4206675
5170.0 165799999.85533106
5190.0 163999996.2565047
5210.0 160500003.01161
5230.0 159599998.1430645
5250.0 158000013.66581905
5270.0 155500013.7145973
5290.0 154500002.90791416
5310.0 152000000.1235413
5330.0 150400013.58374822
5350.0 148300005.39468494
5370.0 146900010.83556867
5390.0 145099993.89699134
5410.0 143100004.86685276
5430.0 141099994.5582564
5450.0 139600004.30779907
5470.0 137799993.21746063
5490.0 136500010.1785949
5510.0 134699995.47249803
5530.0 133199999.00827502
5550.0 131699998.77036528
5570.0 130100001.69429687
5590.0 128600007.94783445
5610.0 127100002.66198985
5630.0 125799997.88478607
5650.0 123299997.58884011
5670.0 122199997.36639778
5690.0 121200002.26515365
5710.0 119899997.84707841
5730.0 118599996.4123319
5750.0 117200005.04289031
5770.0 115799998.13547003
5790.0 114400006.02950606
5810.0 113100003.84581982
5830.0 111799997.0861191
5850.0 110600001.80016002
5870.0 107300008.57398818
5890.0 107700008.03933653
5910.0 106800003.42777632
5930.0 105699999.59231013
5950.0 104000002.50848356
5970.0 103200002.51595868
5990.0 101900004.52933256
6010.0 101000005.56655203
6030.0 99880004.60619907
6050.0 98780000.94304119
6070.0 97659999.80296412
6090.0 96550001.81057616
6110.0 95590009.75164197
6130.0 94530002.60412788
6150.0 93069996.20452102
6170.0 92420005.65332937
6190.0 91470006.2539966
6210.0 90469999.00044921
6230.0 89379993.63276932
6250.0 88130003.37590964
6270.0 87550001.45816737
6290.0 86569996.26542348
6310.0 85530000.13281125
6330.0 84730001.8194407
6350.0 83150003.04589014
6370.0 82479999.8490253
6390.0 82009999.7527303
6410.0 81079999.03075522
6430.0 80390002.06977442
6450.0 79410001.19575046
6470.0 78670004.19760469
6490.0 77780000.64203173
6510.0 76769998.69966456
6530.0 75670000.14642236
6550.0 71460001.73475094
6570.0 61740001.53681132
6590.0 72679999.85300966
6610.0 72910001.79302445
6630.0 72380003.19862247
6650.0 71699998.9773743
6670.0 70580003.23621431
6690.0 69900004.12269044
6710.0 69510004.99406919
6730.0 68820000.6132331
6750.0 68140000.18455437
6770.0 67459997.59113048
6790.0 66710003.13020658
6810.0 66080004.58217351
6830.0 65359997.27101326
6850.0 64770002.17780424
6870.0 64140000.644282095
6890.0 63510004.698887914
6910.0 62880001.64960831
6930.0 62140001.76783011
6950.0 61649999.65657141
6970.0 61060000.39296412
6990.0 60459997.42488724
7010.0 59850001.59729361
7030.0 59269997.23442312
7050.0 58550002.57579426
7070.0 57640002.94280474
7090.0 57600004.28219409
7110.0 56979998.961370215
7130.0 56449999.10024213
7150.0 55920001.14291598
7170.0 55399996.78201364
7190.0 54889999.83066625
7210.0 54369999.92901405
7230.0 53590003.985287756
7250.0 53300003.0672319
7270.0 52840001.24536021
7290.0 52180004.4788694
7310.0 51839997.15582781
7330.0 51360002.78840275
7350.0 50890002.215071715
7370.0 50410004.70231652
7390.0 49950001.74189386
7410.0 49480001.83841149
7430.0 48960000.59531191
7450.0 48539999.75695486
7470.0 48030001.38324194
7490.0 47629998.49419808
7510.0 47190001.720906615
7530.0 46790000.932843015
7550.0 46370002.894583315
7570.0 45949999.575461954
7590.0 45520002.57165365
7610.0 45130002.10491946
7630.0 44709999.40455696
7650.0 44300001.536787786
7670.0 43909999.59912929
7690.0 43509997.76152097
7710.0 43120003.27032727
7730.0 42730003.75606895
7750.0 42350001.315585114
7770.0 41560000.03927879
7790.0 41599999.76029523
7810.0 41240000.477690965
7830.0 40880002.00432618
7850.0 40390000.719230734
7870.0 40040003.37766736
7890.0 39630000.993040994
7910.0 39450000.826185025
7930.0 39120000.285227634
7950.0 38670000.86489424
7970.0 38430002.050548606
7990.0 37919999.46647349
8010.0 37770002.048271574
8030.0 37439999.3970405
8050.0 37110000.42313084
8070.0 36799998.175986804
8090.0 36469997.54578808
8110.0 36150000.30624674
8130.0 35850001.81164176
8150.0 35540000.13605487
8170.0 35260001.23249129
8190.0 34930000.675206184
8210.0 34539999.08589002
8230.0 34210000.24002913
8250.0 34070003.328074396
8270.0 33780000.061845064
8290.0 33469999.720066417
8310.0 33240000.526005413
8330.0 32959999.499302924
8350.0 32650000.323821228
8370.0 32359999.73639151
8390.0 32099999.75387822
8410.0 31750000.186982103
8430.0 31470000.008832723
8450.0 31030002.211848073
8470.0 30540000.22201668
8490.0 30930000.826842688
8510.0 29750000.769396275
8530.0 30779999.974239778
8550.0 28540002.216235694
8570.0 30789999.679118123
8590.0 29000000.79489317
8610.0 28440000.66584028
8630.0 30620000.432497013
8650.0 29640000.02551713
8670.0 26109999.85395145
8690.0 29970000.53088827
8710.0 30390001.793838605
8730.0 29510000.23727174
8750.0 25039999.85285074
8770.0 28380001.946730435
8790.0 29599999.74816316
8810.0 29509999.825493947
8830.0 29020000.784872275
8850.0 27050001.380457427
8870.0 24010000.37985016
8890.0 27990001.2417744
8910.0 28309999.634323344
8930.0 28120001.97024778
8950.0 27999999.91342433
8970.0 27699999.84791024
8990.0 26980000.05812014
9010.0 23169999.93538733
9030.0 24670001.4980526
9050.0 26600000.701109868
9070.0 26470000.47823184
9090.0 26340000.442448437
9110.0 26289999.46279739
9130.0 26090000.710205156
9150.0 25909999.03494899
9170.0 25599999.51686082
9190.0 25239998.877670944
9210.0 24240001.194076322
9230.0 20460000.1256739
9250.0 23580000.72111791
9270.0 24190000.030201674
9290.0 24419999.318205003
9310.0 24300001.803138286
9330.0 24129999.732805286
9350.0 23979999.30758694
9370.0 23800000.335575826
9390.0 23600001.13731884
9410.0 23250000.93106912
9430.0 23249999.49606778
9450.0 23080000.83791401
9470.0 22830000.75818517
9490.0 22639999.205303796
9510.0 22260000.63791487
9530.0 21200000.62153875
9550.0 18250000.22443691
9570.0 21220000.571439914
9590.0 21699999.948299535
9610.0 21629999.20050339
9630.0 21359999.414508205
9650.0 21390000.585266452
9670.0 21199999.965022523
9690.0 21069999.501434244
9710.0 20910001.27437241
9730.0 20759999.050893627
9750.0 20600000.54864128
9770.0 20460001.593455467
9790.0 20309999.63789502
9810.0 20150000.200741045
9830.0 19990000.80219799
9850.0 19850000.393479206
9870.0 19710000.85190959
9890.0 19540000.295604013
9910.0 19400001.309309244
9930.0 19279999.37951797
9950.0 19130000.367115393
9970.0 18969999.99719038
9990.0 18800001.492870077
10025.0 17750000.842229307
10075.0 17010001.14402159
10125.0 17839999.519941486
10175.0 17619999.148751117
10225.0 17330000.360053107
10275.0 17020001.299386274
10325.0 16699999.096585386
10375.0 16430000.234003644
10425.0 16140000.65179347
10475.0 15859999.715349173
10525.0 15579999.733134342
10575.0 15320001.01650258
10625.0 15060000.000397088
10675.0 14750000.353745284
10725.0 14540000.362727586
10775.0 14299999.734028777
10825.0 13960000.39375784
10875.0 13769999.650288846
10925.0 12389999.668534435
10975.0 13020000.34459263
11025.0 13109999.817162374
11075.0 12930000.135322941
11125.0 12720000.58099519
11175.0 12509999.980244266
11225.0 12310000.743950615
11275.0 12060000.500705292
11325.0 11880000.716845382
11375.0 11720000.404107636
11425.0 11530000.1998039
11475.0 11350000.320694
11525.0 11169999.70952239
11575.0 11000000.238943106
11625.0 10810000.086477878
11675.0 10639999.570365481
11725.0 10480000.253367996
11775.0 10290000.538466362
11825.0 10160000.009978691
11875.0 9999000.359814186
11925.0 9852000.64179898
11975.0 9678000.336441558
12025.0 9553000.019117055
12075.0 9407000.629436688
12125.0 9264000.425278474
12175.0 9124000.129141537
12225.0 8987000.451704973
12275.0 8851000.313241951
12325.0 8719000.187763777
12375.0 8590000.265883535
12425.0 8464000.364333611
12475.0 8329999.824322622
12525.0 8213000.024894768
12575.0 8090000.374291224
12625.0 7974999.7659480255
12675.0 7861999.83419883
12725.0 7741000.218900357
12775.0 7533000.789398977
12825.0 6863000.291741162
12875.0 7362000.434878859
12925.0 7308000.254137263
12975.0 7200000.71839041
13025.0 7107000.1643857155
13075.0 7006000.135774697
13125.0 6907999.973759734
13175.0 6805000.167336313
13225.0 6715999.774022646
13275.0 6622000.041968908
13325.0 6530000.264995353
13375.0 6440000.059457801
13425.0 6349000.195531405
13475.0 6263000.217202557
13525.0 6176000.196391642
13575.0 6093000.165828477
13625.0 6010000.148711281
13675.0 5926999.745594011
13725.0 5847000.295226249
13775.0 5771000.1553411065
13825.0 5692999.843393479
13875.0 5617000.4887149725
13925.0 5542000.212448234
13975.0 5468000.403564998
14025.0 5397000.103416608
14075.0 5325000.160566752
14125.0 5255000.208255045
14175.0 5186999.884113971
14225.0 5119000.45596724
14275.0 5051999.897163316
14325.0 4987000.163214486
14375.0 4921999.814816829
14425.0 4854000.081889312
14475.0 4794999.675665984
14525.0 4732999.9032718
14570.0 4680999.983436662
14620.0 4621000.074311718
14675.0 4558000.155456415
14725.0 4500999.872189765
14775.0 4443000.226479448
14825.0 4389999.914769017
14875.0 4334999.94819573
14925.0 4282000.2104627965
14975.0 4228000.140122627
15025.0 4177000.091752764
15075.0 4122000.0898588244
15125.0 4071999.926454025
15175.0 4020000.0791385495
15225.0 3973000.246380505
15275.0 3915999.9988253852
15325.0 3866000.0769502805
15375.0 3829999.994690944
15425.0 3756999.8680811175
15475.0 3739000.0382296974
15525.0 3695000.1003372087
15575.0 3596000.2003229763
15625.0 3636000.109104396
15675.0 3542000.2016359298
15725.0 3455000.200643956
15775.0 3519000.0454085753
15825.0 3474000.1196386646
15875.0 3266999.9942096756
15925.0 3366999.914601393
15975.0 3373000.02950843
16050.0 3288000.0360198775
16150.0 3131999.9775601593
16250.0 3178000.0143899955
16350.0 3065000.0371642313
16450.0 2916999.9692877633
16550.0 2970999.9651926034
16650.0 2906000.1709838733
16750.0 2795000.1955532483
16850.0 2660000.06849964
16950.0 2712999.9103895305
17050.0 2651999.9711828623
17150.0 2596999.8781212666
17250.0 2536999.9523588233
17350.0 2356000.1074856785
17450.0 2417000.07142629
17550.0 2378999.959604325
17650.0 2329000.049889538
17750.0 2279000.0976428366
17850.0 2231000.111769066
17950.0 2184999.9766549766
18050.0 2133999.97173356
18150.0 1994000.1310187995
18250.0 2029000.0221014454
18350.0 2008000.097959279
18450.0 1967999.9288696046
18550.0 1926999.9894996898
18650.0 1881000.1075759127
18750.0 1762000.0633481164
18850.0 1809000.0807580242
18950.0 1776999.9601333472
19050.0 1741000.0056791978
19150.0 1708000.019562597
19250.0 1674000.0556122998
19350.0 1635999.9766398158
19450.0 1525999.9543405266
19550.0 1573000.063995957
19650.0 1548000.0458384927
19750.0 1518000.0036425763
19850.0 1488999.9782135184
19950.0 1460999.9854610395
20050.0 1433000.0101824906
20150.0 1405999.997764338
20250.0 1380000.0995041004
20350.0 1354000.015053165
20450.0 1328999.9763662235
20550.0 1303999.986555054
20650.0 1281000.034952703
20750.0 1257000.085620816
20850.0 1233999.9155783623
20950.0 1212000.064656259
21050.0 1190000.0308977792
21150.0 1167999.945984001
21250.0 1147000.028865769
21350.0 1127000.0365305534
21450.0 1107000.0558388832
21550.0 1085000.0063983225
21650.0 1014999.9590719778
21750.0 1043999.9703682972
21850.0 1031000.0262613713
21950.0 1012999.9911769773
22050.0 996100.0345380118
22150.0 978900.0019399625
22250.0 962200.0545373784
22350.0 945800.0445256173
22450.0 929800.0642575017
22550.0 913999.9848196105
22650.0 898700.0122626644
22750.0 883600.0098480767
22850.0 868899.9966030297
22950.0 854500.0492571531
23050.0 840400.0527022061
23150.0 826599.952786545
23250.0 813100.0485745425
23350.0 799799.9613925249
23450.0 786900.0665193034
23550.0 774200.0360967178
23650.0 761700.0477339205
23750.0 749500.0003385604
23850.0 737500.0201804908
23950.0 725700.0521120148
24050.0 713900.0161533304
24150.0 702400.0094729144
24250.0 691700.028914626
24350.0 680500.014350744
24450.0 669399.9903065041
24550.0 659799.9800804729
24650.0 648599.975662526
24750.0 638499.9899060462
24850.0 630600.0288680482
24950.0 615999.9842500676
25050.0 611600.0054289047
25150.0 602499.9853381161
25250.0 585800.0094660111
25350.0 583899.9842915988
25450.0 576600.0219108075
25550.0 566499.9982973401
25650.0 547800.0317857076
25750.0 550399.9878203335
25850.0 543400.033776906
25950.0 535300.0315383063
26050.0 523899.9791747434
26150.0 504099.99317712506
26250.0 486499.97324916953
26350.0 502199.97389284545
26450.0 497900.0080777604
26550.0 491299.98607853067
26650.0 481800.0041928738
26750.0 458099.99375048175
26850.0 468000.01139413205
26950.0 464000.0269129617
27050.0 457400.04223579954
27150.0 450900.0121084057
27250.0 444599.97889671684
27350.0 438299.9962387608
27450.0 431099.99144397007
27550.0 409500.0126111471
27650.0 413799.9968390399
27750.0 414000.0025218617
27850.0 408600.01186022564
27950.0 403000.02513438405
28050.0 397400.01162224525
28150.0 392000.00875112455
28250.0 386600.0131342308
28350.0 381300.0117917598
28450.0 376200.00143457315
28550.0 371000.0205953488
28650.0 362299.98720999714
28750.0 344900.0111909279
28850.0 355200.02417648036
28950.0 351500.00675401575
29050.0 347000.010764728
29150.0 342300.01637356024
29250.0 337900.0220343338
29350.0 333399.98872976133
29450.0 328999.999380493
29550.0 324700.00843506894
29650.0 320500.016997089
29750.0 316400.0032124253
29850.0 312299.9981056865
29950.0 308200.00158994854
30050.0 304299.98625109653
30150.0 300399.9884861888
30250.0 296000.0197886032
30350.0 281999.9946089437
30450.0 283000.0025140858
30550.0 285000.01974625996
30650.0 281799.999731272
30750.0 278200.00850235036
30850.0 274600.0142577804
30950.0 271300.008655606
31050.0 267900.00466189557
31150.0 264600.0116690596
31250.0 261299.99593237872
31350.0 258099.9998299356
31450.0 254900.01800275457
31550.0 251799.9991424847
31650.0 248700.00966729564
31750.0 245699.9919603953
31850.0 242699.99697831148
31950.0 239800.00380539955
32100.0 235400.00886982618
32300.0 229799.9943377365
32500.0 224400.01585331545
32700.0 219100.01096913914
32900.0 207599.9951357934
33100.0 207400.00110020972
33300.0 203800.0055190785
33500.0 199200.0163208299
33700.0 194600.00206916747
33900.0 190199.99695193273
34100.0 185900.00386708032
34300.0 181700.00458473817
34500.0 177700.00963773183
34700.0 173699.9978591009
34900.0 169900.00195573372
35100.0 166100.00483698797
35300.0 162499.99589274378
35500.0 158999.99965813724
35700.0 155499.99628540192
35900.0 152200.00755209968
36100.0 148799.9979670118
36300.0 145799.9957973885
36500.0 142500.00053841944
36700.0 139799.99769143475
36900.0 136400.0064691867
37100.0 133900.00782950557
37300.0 129599.99767583486
37500.0 125500.01070999102
37700.0 125800.00157970891
37900.0 123400.0025836497
38100.0 120300.00345264004
38300.0 118000.0006420062
38500.0 116199.99543021878
38700.0 113899.99727833635
38900.0 111400.00438440994
39100.0 107999.99711938779
39300.0 107200.00591637893
39500.0 105200.00066451037
39700.0 103100.00387329781
39900.0 101100.0063669403
40100.0 98270.00427380417
40300.0 95919.9978618077
40500.0 92870.00071226207
40700.0 93440.00423434537
40900.0 91780.00119143748
41100.0 90040.00720808907
41300.0 88340.00278789367
41500.0 86560.004465411
41700.0 83020.0008973166
41900.0 83330.00140243415
42100.0 81950.00453107378
42300.0 80440.00395003107
42500.0 78960.0021417121
42700.0 77519.99966752224
42900.0 76100.00269025084
43100.0 74740.00480226587
43300.0 73390.00098694333
43500.0 72050.00245786169
43700.0 69110.0043018132
43900.0 69080.00465605123
44100.0 68299.99727329017
44300.0 67099.99937432972
44500.0 65929.99909909209
44700.0 64820.00319684593
44900.0 63640.00019158174
45100.0 62540.00056312675
45300.0 61460.00118918622
45500.0 60410.00284672447
45700.0 59380.00067422629
45900.0 58360.00433013798
46100.0 57359.99970288823
46300.0 56330.003218643586
46500.0 53740.00148559481
46700.0 52859.99948009143
46900.0 53420.00122328807
47100.0 52719.99819219801
47300.0 51869.99957054191
47500.0 51090.0002225639
47700.0 50270.00093104878
47900.0 49460.00193431042
48100.0 48660.00265322538
48300.0 47870.00251826241
48500.0 47099.99998923662
48700.0 46340.000964164115
48900.0 45599.998831934434
49100.0 44870.0009854831
49300.0 44130.00100677387
49500.0 43459.99928120137
49700.0 42730.001677578904
49900.0 42100.00060229398
50100.0 41429.99950346169
50300.0 40730.00137906452
50500.0 40170.00019942905
50700.0 39530.00029363287
50900.0 38820.00288798739
51100.0 38160.00246973525
51300.0 36519.99967978118
51500.0 37040.00038240503
51700.0 36490.00025309766
51900.0 36049.9982809048
52100.0 35520.001862510726
52300.0 34990.00019008527
52500.0 34410.00134012613
52700.0 33830.001203800995
52900.0 33450.00077914823
53100.0 32960.00095661159
53300.0 32469.999955115672
53500.0 31999.999083039875
53700.0 31410.001273139413
53900.0 30959.999359153775
54100.0 30620.00003105062
54300.0 30180.000098316803
54500.0 29739.998364143823
54700.0 29320.000330019717
54900.0 28900.00085757278
55100.0 28420.001130396384
55300.0 27860.002818866753
55500.0 27670.00161225411
55700.0 27300.00175961208
55900.0 26910.00259606368
56100.0 26540.00003313781
56300.0 26170.001533073417
56500.0 25800.001012450957
56700.0 25439.999008038427
56900.0 25059.999992569217
57100.0 24429.99956990939
57300.0 24360.00010107621
57500.0 24080.0022186642
57700.0 23750.00143336212
57900.0 23430.00040425724
58100.0 23109.9997555972
58300.0 22800.002133367012
58500.0 22520.00081824293
58700.0 22179.999738497583
58900.0 21800.000223121613
59100.0 20860.000763760276
59300.0 21229.99991598056
59500.0 20689.9999327071
59700.0 20610.001118779604
59900.0 20480.000400875895
60100.0 20239.99864586809
60300.0 19969.999736113354
60500.0 19720.000464588396
60700.0 19460.000570616496
60900.0 19210.000715399165
61100.0 18960.00096205192
61300.0 18720.00018030316
61500.0 18479.99966817801
61700.0 18240.00080585634
61900.0 18009.999255194012
62100.0 17779.999511218753
62300.0 17560.000161401986
62500.0 17330.000650429316
62700.0 17050.000886089252
62900.0 16460.000252027192
63100.0 16599.999374266714
63300.0 16480.000546840514
63500.0 16280.000282210605
63700.0 16080.000901770885
63900.0 15880.001062025487
64200.0 15589.999835671299
64600.0 15209.999999719108
65000.0 14839.999669831097
65400.0 14490.00014608934
65800.0 14140.000365228052
66200.0 13810.000003412399
66600.0 13479.999997451163
67000.0 13170.000612635033
67400.0 12830.000045091281
67800.0 12330.000223985118
68200.0 12259.999126363811
68600.0 11990.000359212843
69000.0 11719.99994439939
69400.0 11450.000369170404
69800.0 11190.000306367561
70200.0 10940.000191119376
70600.0 10700.000448693087
71000.0 10450.000828528646
71400.0 10230.000403583193
71800.0 10009.999804644707
72200.0 9790.000216306868
72600.0 9560.000158242918
73000.0 9367.999858811858
73400.0 9171.00051036582
73800.0 8975.00022733596
74200.0 8773.000388052535
74600.0 8403.00022121516
75000.0 8127.000223284378
75400.0 8208.999952653323
75800.0 8072.999971785157
76200.0 7905.999922908587
76600.0 7743.000049150326
77000.0 7585.000063868038
77400.0 7428.000426851583
77800.0 7235.000306604621
78200.0 7131.000406958944
78600.0 6991.000138036322
79000.0 6851.000112098715
79400.0 6715.000319183061
79800.0 6582.9999437224715
80200.0 6452.999788655165
80600.0 6326.999837508783
81000.0 6204.000213773696
81400.0 6037.999791545024
81800.0 5947.999936932403
82200.0 5852.000143354147
82600.0 5740.000118124199
83000.0 5630.999799795774
83400.0 5525.000016464898
83800.0 5421.000254515991
84200.0 5319.000382152782
84600.0 5220.000195147878
85000.0 5123.000268010076
85400.0 5027.99996791895
85800.0 4936.000027048013
86200.0 4842.000383684176
86600.0 4691.00004539105
87000.0 4661.000370926153
87400.0 4525.000095281405
87800.0 4445.000016289538
88200.0 4422.999965505982
88600.0 4344.000249819817
89000.0 4267.000013405635
89400.0 4192.000093759609
89800.0 4118.000384374532
90200.0 4045.9996761659463
90600.0 3975.0001190484227
91000.0 3906.000149081658
91400.0 3839.00011728608
91800.0 3773.000102378451
92200.0 3708.0000440978233
92600.0 3642.0002797507846
93000.0 3583.0001973620097
93400.0 3519.9999657243925
93800.0 3401.999966887791
94200.0 3387.999948075902
94600.0 3348.0000153664896
95000.0 3290.0003269686067
95400.0 3233.999988174443
95800.0 3184.0001061912662
96200.0 3131.0001646509277
96600.0 3080.0000132714017
97000.0 3030.0001222801466
97400.0 2981.000212642482
97800.0 2932.000043049505
98200.0 2883.000051091668
98600.0 2832.9999443852244
99000.0 2793.000097512867
99400.0 2749.000016216214
99800.0 2705.000209068973
100200.0 2663.000174193659
200000.0 167.7000016732085
400000.0 10.299999992966619
600000.0 2.0050002932141746
800000.0 0.6268000079848015
1000000.0 0.25430000055438257
1200000.0 0.12170000564340733
1400000.0 0.065229992684383
1600000.0 0.03802000095789222
