wave flux
90.9000015258789 0.0
93.5 0.0
96.0999984741211 0.0
97.69999694824219 0.0
99.5999984741211 0.0
102.0 0.0
103.80000305175781 0.0
105.5999984741211 0.0
107.69999694824219 0.0
110.4000015258789 0.0
114.0 0.0
117.80000305175781 0.0
121.30000305175781 0.0
124.80000305175781 0.0
127.0999984741211 0.0
128.39999389648438 0.0
130.5 0.0
132.39999389648438 0.0
133.89999389648438 0.0
136.60000610351562 0.0
139.8000030517578 0.0
143.3000030517578 0.0
147.1999969482422 0.0
151.0 0.0
155.1999969482422 0.0
158.8000030517578 0.0
162.0 0.0
166.0 0.0
170.3000030517578 0.0
173.39999389648438 0.0
176.8000030517578 0.0
180.1999969482422 0.0
181.6999969482422 0.0
186.10000610351562 0.0
191.0 0.0
193.89999389648438 0.0
198.39999389648438 0.0
201.8000030517578 0.0
205.0 0.0
210.5 0.0
216.1999969482422 0.0
219.8000030517578 0.0
223.0 0.0
226.8000030517578 0.0
230.0 0.0
234.0 0.0
240.0 0.0
246.5 0.0
252.39999389648438 0.0
256.79998779296875 0.0
260.0 0.0
264.0 0.0
268.5 0.0
273.5 0.0
278.5 0.0
284.0 0.0
290.0 0.0
296.0 0.0
301.0 0.0
308.0 0.0
318.0 0.0
328.0 0.0
338.0 0.0
348.0 0.0
357.0 0.0
366.0 0.0
375.0 0.0
385.0 0.0
395.0 0.0
405.0 0.0
414.0 0.0
422.0 0.0
430.0 0.0
441.0 0.0
451.0 7.959600284110726e-25
460.0 3.391079733383264e-24
470.0 1.5844400690125462e-23
480.0 7.016559594939899e-23
490.0 2.8796367507274856e-22
500.0 1.111887268018289e-21
506.0 3.23623999108238e-21
512.0 7.796687811097633e-21
520.0 2.0913921271008794e-20
530.0 6.911640098709365e-20
540.0 2.1463279070504843e-19
550.0 6.454056062382224e-19
560.0 1.85128178273058e-18
570.0 5.100608127804353e-18
580.0 1.3396904768086529e-17
590.0 3.470880176541113e-17
600.0 8.596248372764022e-17
610.0 2.0633840148494867e-16
620.0 4.800080181810358e-16
630.0 1.085608054210818e-15
640.0 2.389616072476626e-15
650.0 5.122327957286545e-15
658.0 9.26034369784846e-15
665.0 1.533392008487139e-14
675.0 3.0957680756884854e-14
685.0 6.116552319242932e-14
695.0 1.1812800288308363e-13
705.0 2.2298639112920132e-13
716.0 4.4135924206856544e-13
726.0 8.032000239189649e-13
735.0 1.355519959221882e-12
745.0 2.385423999213189e-12
755.0 4.130071976416639e-12
765.0 7.045440835840589e-12
775.0 1.18256006673114e-11
785.0 1.9587280104905708e-11
795.0 3.1706479813866045e-11
805.0 5.131216004190698e-11
815.0 8.180400193839651e-11
825.0 1.2843919721587976e-10
835.0 1.993543983788233e-10
845.0 3.05831992280547e-10
855.0 4.640280191221352e-10
865.0 6.965200259872364e-10
875.0 1.0326560240388742e-09
885.0 1.5213679874774458e-09
895.0 2.216088046453929e-09
905.0 3.1973679860337083e-09
915.0 2.6950640980446893e-06
925.0 9.55512056249967e-06
935.0 1.3711839740533762e-05
945.0 1.9844000140871644e-05
955.0 2.9665040586231676e-05
965.0 4.2449601273334595e-05
975.0 5.902479934538982e-05
985.0 8.23199992777309e-05
995.0 0.00011365919921043082
1005.0 0.00016170000185397354
1015.0 0.00022038080330008414
1025.0 0.00029217920331650333
1035.0 0.00040783202018344585
1045.0 0.000549360018542547
1055.0 0.0007291040410268738
1065.0 0.0009677040815290778
1075.0 0.0012852320325622863
1085.0 0.0016951519812448026
1095.0 0.0021961359933116626
1105.0 0.006314160307980081
1115.0 0.01784424036781749
1125.0 0.026017680142563754
1135.0 0.03836704112048876
1145.0 0.04982760219990022
1155.0 0.05771039907665451
1165.0 0.07765120700394164
1175.0 0.09775279688468468
1185.0 0.10875680124275806
1195.0 0.08733839756405226
1205.0 0.09177520132229332
1215.0 0.03427920144893382
1225.0 0.11880640482955475
1235.0 0.23317361106817872
1245.0 0.3284560078517613
1255.0 0.40646320692703986
1265.0 0.43520402482675125
1275.0 0.5311359986546854
1285.0 0.6291680075311641
1295.0 0.7604879913967287
1305.0 0.8095920425962473
1315.0 0.9960000450220877
1325.0 1.0834720878029007
1335.0 1.2369520887140342
1345.0 1.4203680818070468
1355.0 1.6479359934066442
1365.0 1.8102400982306366
1375.0 2.0194960495808645
1385.0 2.249944063405395
1395.0 2.5433200297050473
1405.0 3.0334081599934444
1415.0 3.420056088438052
1425.0 3.8894801647464172
1435.0 4.501720167127539
1442.0 5.415279869258278
1447.0 5.172119930874148
1455.0 5.959839889673699
1465.0 7.0504001891593315
1475.0 7.212079872059204
1485.0 8.418480307503108
1495.0 10.585600643288018
1505.0 12.564320456331458
1512.0 11.097280538219081
1517.0 13.83263969027524
1525.0 17.98704110406391
1535.0 50.058398291624385
1545.0 55.466400276958
1555.0 85.28720547399159
1565.0 81.99680263034843
1575.0 138.52960666280455
1585.0 167.54160921458842
1595.0 194.23440608094748
1605.0 213.13359679608894
1615.0 237.5400065408732
1625.0 269.0400010483394
1635.0 310.3760072552869
1645.0 430.62000220695245
1655.0 283.980015703256
1665.0 496.69601069087577
1672.0 360.2200126220744
1677.0 570.7240141549976
1685.0 958.1520075827627
1695.0 1460.2320200617414
1705.0 1836.1920477124459
1715.0 1902.4800581342352
1725.0 2343.440106967744
1735.0 2949.960088270105
1745.0 3995.6399767623907
1755.0 5763.6405194139725
1765.0 4548.680122897345
1775.0 5599.520219892479
1785.0 7557.4401563483625
1795.0 9821.919906852725
1805.0 9160.24005701785
1815.0 8049.919821600252
1825.0 9670.400474336437
1835.0 10834.800285325815
1845.0 7395.83993327611
1855.0 11846.400024710683
1865.0 15527.44013486542
1875.0 16277.921128035612
1885.0 17682.960583187833
1895.0 22219.2003535656
1905.0 20689.600645599352
1915.0 23192.80122134224
1925.0 21144.0000563521
1935.0 13873.840149006915
1945.0 28940.00166507592
1955.0 30141.601833155455
1967.0 39299.20052705729
1976.0 34748.40135255494
1984.0 35775.202050686254
1995.0 39855.6001354375
2005.0 40379.19812444346
2015.0 45584.002361506566
2025.0 36431.20199882794
2035.0 52467.200604672194
2045.0 61096.0022179286
2055.0 59597.99749118454
2065.0 59395.99859036126
2074.0 60654.40141147757
2078.0 87552.0021862561
2085.0 86884.80052562719
2095.0 134979.20667495916
2105.0 257420.01461080048
2115.0 349844.0129474207
2125.0 289271.9985397028
2135.0 289324.0015634608
2145.0 422111.99297447933
2155.0 410704.0120153654
2165.0 341276.01552797033
2175.0 344968.0019320947
2185.0 514672.0053887415
2195.0 493788.03096531075
2205.0 463499.99732902163
2215.0 312044.0016551992
2225.0 424932.0071891998
2235.0 621543.979370398
2245.0 579487.9971333753
2255.0 397455.99940831226
2265.0 334984.00980983896
2275.0 396744.00800964475
2285.0 595260.0116549983
2295.0 425808.0040911035
2305.0 591992.0007930561
2315.0 481856.0154744175
2325.0 443615.99754770973
2335.0 318624.002951304
2345.0 184440.00429821905
2355.0 453484.0085548329
2365.0 222272.00851890523
2375.0 310424.00808338047
2385.0 160456.0077763697
2395.0 218232.00468513204
2405.0 221824.00092840227
2415.0 272268.00540602626
2425.0 552855.9965307486
2435.0 550428.0353980536
2445.0 705496.0188555131
2455.0 761208.0185922071
2465.0 619312.0096086692
2475.0 531060.0132452536
2485.0 245784.00495703533
2495.0 373496.01203241805
2505.0 591827.9832272598
2513.0 255240.00632940276
2518.0 175908.00158190264
2525.0 179620.00237690954
2535.0 238243.99910886452
2545.0 304996.0096986407
2555.0 704975.9961881164
2565.0 598271.9887530297
2575.0 888744.0473985742
2585.0 787848.0002763415
2595.0 690988.0151332996
2605.0 537940.0186666942
2615.0 486164.01523340645
2625.0 717972.0266630542
2635.0 1499039.987080381
2645.0 2059319.9995160473
2655.0 2903000.160072117
2665.0 1682200.0526241725
2675.0 1992399.9665897372
2685.0 2388280.0269066533
2695.0 1643480.0939541184
2705.0 2117680.020451642
2715.0 1413840.0213341846
2725.0 1048432.0618254775
2735.0 1371160.0776247142
2745.0 683980.0203285494
2755.0 1023600.0040983325
2765.0 1433480.0052379258
2775.0 1489120.0698133968
2785.0 744091.9814449025
2795.0 299512.0004140283
2805.0 378716.00480180164
2815.0 1272695.9972245588
2825.0 2102560.089195702
2835.0 1888760.0270439915
2845.0 1084384.0114730382
2855.0 504768.0126476578
2865.0 1635560.064876865
2875.0 2550920.041760745
2885.0 2241920.0390762617
2895.0 2847839.907445376
2910.0 3827120.0970821735
2930.0 3364960.1301043644
2950.0 3232039.9204864437
2970.0 3440560.0800369764
2990.0 3405160.177814034
3010.0 3448839.9885857827
3030.0 3721360.111427409
3050.0 3869960.0830854746
3070.0 4012799.9947441425
3090.0 3787080.0545510077
3110.0 4231439.978636299
3130.0 4019640.00167114
3150.0 3835080.061727571
3170.0 4165359.9360338366
3190.0 3698640.1393700154
3210.0 4114840.1607045312
3230.0 3392560.1395601826
3250.0 4639239.920084774
3270.0 5453200.11111806
3290.0 5257160.168271788
3310.0 5035240.157121432
3330.0 5087160.295988013
3350.0 4940999.95468052
3370.0 3832120.140058659
3390.0 4435039.939528632
3410.0 4515880.213295221
3430.0 4731319.901949922
3450.0 4922360.090940701
3470.0 5083480.034718888
3490.0 5511120.045969759
3510.0 5751840.217681337
3530.0 5312640.238899016
3550.0 6175599.861542271
3570.0 4606720.210476018
3590.0 4628960.097393585
3610.0 5235599.936320924
3630.0 5300840.0922492575
3640.0 5360239.918485665
3650.0 6115040.023314922
3670.0 6255400.116532739
3690.0 5984920.366581141
3710.0 6254519.9980282355
3730.0 4750680.038085012
3750.0 5313080.172457098
3770.0 6283520.244190252
3790.0 6570480.03417616
3810.0 6514520.091083627
3830.0 4093080.141647048
3850.0 5524399.977714535
3870.0 5439159.927502861
3890.0 5960880.058423294
3910.0 6980159.8936574375
3930.0 3741640.1409675526
3950.0 6253439.937898291
3970.0 4306920.171352464
3990.0 8298079.777640352
4010.0 8851999.794532267
4030.0 8787919.909001099
4050.0 8468000.010707198
4070.0 8236160.166910877
4090.0 9230080.40065727
4110.0 8797039.939186422
4130.0 9081039.9757288
4150.0 9113200.384999163
4170.0 9171840.171372278
4190.0 8716480.429297648
4210.0 8842879.71915944
4230.0 8425920.085832398
4250.0 8585440.065261574
4270.0 8040320.176402829
4290.0 7346560.26636889
4310.0 6160520.155187929
4330.0 8698160.210566578
4350.0 8239840.074530901
4370.0 9208159.916910172
4390.0 8418640.34367844
4410.0 9021280.08621149
4430.0 9549839.877042826
4450.0 9451040.453526257
4470.0 9912639.715564389
4490.0 10000000.349621907
4510.0 10881840.297423914
4530.0 9906880.020109152
4550.0 10198560.090469295
4570.0 10784240.30890035
4590.0 10207519.744073173
4610.0 10434559.91165623
4630.0 10281440.386615355
4650.0 10369680.316940881
4670.0 10615120.315478701
4690.0 10398159.894125033
4710.0 10002559.89550261
4730.0 10460960.371573277
4750.0 10599920.054433163
4770.0 10601680.198878711
4790.0 10541760.33618683
4810.0 10427439.850261446
4830.0 10547519.963297417
4850.0 9867440.24641372
4870.0 8757600.486898968
4890.0 10014079.887816232
4910.0 10012400.04860582
4930.0 9811439.897214733
4950.0 10171840.252044069
4970.0 10265600.370023323
4990.0 9603840.566993615
5010.0 9217999.69871191
5030.0 9725440.231762785
5050.0 9709920.27939094
5070.0 10060320.294314653
5090.0 9690480.246538501
5110.0 9831519.851208044
5130.0 9598400.157929596
5150.0 9273520.240257474
5170.0 8404840.07883977
5190.0 8491560.50720438
5210.0 9277120.289083408
5230.0 9409999.899935314
5250.0 9676640.235159136
5270.0 8614520.086810114
5290.0 9572960.61005444
5310.0 9846400.668902189
5330.0 8949359.888425795
5350.0 9557600.112533715
5370.0 9526000.163570194
5390.0 9417679.9696551
5410.0 9099599.91110094
5430.0 9337200.437220786
5450.0 9541120.032673215
5470.0 9365120.141010936
5490.0 9301280.16871379
5510.0 9300719.462295031
5530.0 9344720.371207269
5550.0 9445280.236340847
5570.0 9175440.10530427
5590.0 8992799.83758376
5610.0 9227760.07691013
5630.0 9261600.295136286
5650.0 9225600.20133424
5670.0 9013959.876447909
5690.0 9122960.035855096
5710.0 8952200.307652468
5730.0 9414079.742582774
5750.0 9135280.101417884
5770.0 9200320.329032388
5790.0 8966440.019392397
5810.0 9123760.01670786
5830.0 9210480.630110972
5850.0 9011000.205336887
5870.0 9009480.238338035
5890.0 8391360.319182003
5910.0 8906439.969695942
5930.0 8872960.206021592
5950.0 8872880.641534097
5970.0 8870519.763345059
5990.0 8779680.455903413
6010.0 8639519.619549254
6030.0 8638960.549355755
6050.0 8770840.44413304
6070.0 8710960.02779755
6090.0 8528440.117962172
6110.0 8445440.297985505
6130.0 8160640.348980291
6150.0 8248200.231662422
6170.0 7994840.202593677
6190.0 8357040.482745708
6210.0 8361520.141762371
6230.0 8152360.236402064
6250.0 7921760.020214245
6270.0 8207520.256685573
6290.0 8220240.201577163
6310.0 7987240.151795537
6330.0 8004040.03672512
6350.0 8005879.791410124
6370.0 7964360.104699016
6390.0 7997720.358072464
6410.0 7811480.0986970635
6430.0 7874160.736965195
6450.0 7768240.266663338
6470.0 7739680.454005688
6490.0 7630320.483069942
6510.0 7767240.028721817
6530.0 7745440.087411769
6550.0 7474680.209122017
6570.0 6675000.165634936
6590.0 7549880.189356577
6610.0 7644320.219414043
6630.0 7584440.348316833
6650.0 7556800.274811676
6670.0 7462400.090003325
6690.0 7540320.225672966
6710.0 7398880.333964291
6730.0 7451960.186017355
6750.0 7363240.257598895
6770.0 7348360.362663843
6790.0 7308839.924841714
6810.0 7252879.975487707
6830.0 7273599.991121261
6850.0 7127400.184030378
6870.0 7171760.454980621
6890.0 7160920.457473415
6910.0 7105840.479339866
6930.0 7071639.876323593
6950.0 7034440.224977423
6970.0 7019040.138979126
6990.0 6985160.261844933
7010.0 6796480.009080765
7030.0 6876479.914098883
7050.0 6883399.954770714
7070.0 6818640.448008666
7090.0 6780119.820506673
7110.0 6769560.275823515
7130.0 6678080.362136981
7150.0 6628319.989708501
7170.0 6603839.887076724
7190.0 6447400.158154064
7210.0 6535880.328478674
7230.0 6524280.394029472
7250.0 6534519.872615367
7270.0 6504640.293842814
7290.0 6341240.15827191
7310.0 6416040.29686233
7330.0 6377959.916514329
7350.0 6385520.013990756
7370.0 6372240.067837411
7390.0 6224400.098945818
7410.0 6137240.010296165
7430.0 6187480.073265112
7450.0 6185160.294502977
7470.0 6210400.146695449
7490.0 6143880.292773725
7510.0 6135680.18878203
7530.0 6123599.866460171
7550.0 6120840.289511195
7570.0 6054320.125903688
7590.0 6032559.688197152
7610.0 5988039.958815336
7630.0 5998840.019827182
7650.0 5962440.0050302455
7670.0 5816800.42932703
7690.0 5898400.046304081
7710.0 5830960.307821617
7730.0 5825639.967728628
7750.0 5749679.941128325
7770.0 5793679.973388366
7790.0 5791280.08138632
7810.0 5749200.056340721
7830.0 5683120.3015677985
7850.0 5668039.993696935
7870.0 5692160.022935292
7890.0 5653719.827607334
7910.0 5580720.036270876
7930.0 5472560.06426162
7950.0 5472759.887392855
7970.0 5538800.1541653825
7990.0 5525599.929234188
8010.0 5450959.998597038
8030.0 5430439.938913387
8050.0 5380560.167887754
8070.0 5405240.0610874295
8090.0 5310800.32013416
8110.0 5342360.30017454
8130.0 5346839.994640302
8150.0 5307640.141247049
8170.0 5283560.415678152
8190.0 5129719.969244387
8210.0 5137520.078827832
8230.0 5119320.049040259
8250.0 5143360.055223104
8270.0 5171240.158155503
8290.0 5135040.014490248
8310.0 5040160.01744276
8330.0 5000759.979029307
8350.0 5017640.03252552
8370.0 5028760.18812398
8390.0 4937199.98469044
8410.0 4989480.1683196165
8430.0 4896600.134922639
8450.0 4902799.924136592
8470.0 4866679.982275213
8490.0 4803400.174741024
8510.0 4590840.064538713
8530.0 4720320.129738015
8550.0 4078800.1032467117
8570.0 4806760.094536131
8590.0 4716600.011845725
8610.0 4697080.041511291
8630.0 4733920.143406827
8650.0 4658319.887275626
8670.0 4049439.9858899442
8690.0 4556120.169773757
8710.0 4620760.001800858
8730.0 4593480.031646363
8750.0 4473600.106096191
8770.0 4578200.008039788
8790.0 4547720.079434663
8810.0 4447480.075390351
8830.0 4497880.097522133
8850.0 4466440.031423125
8870.0 4316640.173839925
8890.0 4467839.991118899
8910.0 4469400.054745348
8930.0 4388960.136064541
8950.0 4389160.324745701
8970.0 4382520.268201614
8990.0 4375680.029991667
9010.0 4125639.923849584
9030.0 4273160.002857309
9050.0 4345280.024195541
9070.0 4262680.147685062
9090.0 4152159.903833118
9110.0 4194760.242655107
9130.0 4251640.171610884
9150.0 4212600.242821226
9170.0 4184159.9394188817
9190.0 4184960.1603698847
9210.0 4069160.2667615046
9230.0 3911120.106349495
9250.0 4006240.057598313
9270.0 4062960.0076567675
9290.0 4069240.131456693
9310.0 4074720.1590056256
9330.0 4045520.1219545985
9350.0 4024520.0194220394
9370.0 4003079.94637562
9390.0 3989319.9272468397
9410.0 3828760.0176629084
9430.0 3926040.005714452
9450.0 3878920.0811625225
9470.0 3923599.803208971
9490.0 3918840.118727541
9510.0 3885440.214591072
9530.0 3838399.9422858143
9550.0 3650999.9456152655
9570.0 3801080.0314499075
9590.0 3829720.0979747227
9610.0 3786080.080717843
9630.0 3751320.0038501397
9650.0 3736399.98971589
9670.0 3711999.982582141
9690.0 3733800.0413877615
9710.0 3721320.2136825076
9730.0 3708560.182587016
9750.0 3663480.0890701395
9770.0 3664479.964747686
9790.0 3638480.079035274
9810.0 3649959.965527357
9830.0 3626639.9812859534
9850.0 3618999.8544081566
9870.0 3585680.047857597
9890.0 3568600.1472071186
9910.0 3544159.9684539735
9930.0 3566160.0661885873
9950.0 3549280.0404031994
9970.0 3536520.1491425824
9990.0 3516199.9991988037
10025.0 3458640.0457323147
10075.0 3378400.0156903313
10125.0 3408400.1171104116
10175.0 3348080.065854323
10225.0 3333320.001977324
10275.0 3314680.0091489744
10325.0 3253599.932143064
10375.0 3222840.101878433
10425.0 3206760.081585772
10475.0 3145920.003285931
10525.0 3136040.0116009144
10575.0 3090840.0775117753
10625.0 3054640.075332734
10675.0 2976480.04599085
10725.0 2979920.0531957895
10775.0 2941040.0304493895
10825.0 2877840.0601574564
10875.0 2861640.0678088735
10925.0 2778720.1402575667
10975.0 2770999.9272735724
11025.0 2787400.0493307905
11075.0 2780639.9830511175
11125.0 2742560.0883609764
11175.0 2714480.0849285675
11225.0 2701719.9608666557
11275.0 2637759.994700458
11325.0 2630680.1879418944
11375.0 2605000.017864625
11425.0 2565600.0332011916
11475.0 2579600.1518403282
11525.0 2556400.014866056
11575.0 2517079.998904412
11625.0 2471560.028328497
11675.0 2456040.009098105
11725.0 2465920.031774064
11775.0 2403520.003753382
11825.0 2379400.0306066
11875.0 2354760.0448957183
11925.0 2378759.9927185313
11975.0 2286880.015879026
12025.0 2302120.1249951166
12075.0 2270800.179254933
12125.0 2266600.0378926494
12175.0 2268720.111094396
12225.0 2245960.0354669467
12275.0 2214640.0778074428
12325.0 2201320.0178660536
12375.0 2181000.1514830543
12425.0 2156560.1056894
12475.0 2146799.9674932603
12525.0 2120039.93570528
12575.0 2100839.9802339515
12625.0 2082400.0275778072
12675.0 2058400.0412165555
12725.0 2050200.0193930108
12775.0 2025239.9318621873
12825.0 1886840.0448704492
12875.0 1983920.0118797955
12925.0 1967240.090928981
12975.0 1963480.0672767642
13025.0 1936040.034508717
13075.0 1930720.0979369394
13125.0 1893840.014183486
13175.0 1875959.9484011233
13225.0 1879640.1032981155
13275.0 1846640.1150020403
13325.0 1840880.087218394
13375.0 1823000.079958337
13425.0 1817679.9982704592
13475.0 1799799.9372629893
13525.0 1785480.0335520108
13575.0 1755040.1410855087
13625.0 1747600.017502992
13675.0 1732279.9428187585
13725.0 1716640.0201200922
13775.0 1704639.9850750107
13825.0 1693759.9495579507
13875.0 1683200.0427632004
13925.0 1667999.9580593468
13975.0 1653560.0750563676
14025.0 1631120.084140369
14075.0 1626680.0251856437
14125.0 1597680.043013749
14175.0 1599800.0306614102
14225.0 1566360.0367690779
14275.0 1539920.0402385439
14325.0 1555160.063677158
14375.0 1552280.0341889574
14425.0 1494520.0460305102
14475.0 1522520.0104390746
14525.0 1485640.0328355222
14570.0 1489080.0629358997
14620.0 1478320.0545107834
14675.0 1468320.0031114547
14725.0 1439439.963858869
14775.0 1432120.0570707987
14825.0 1426120.0456598776
14875.0 1385680.00044701
14925.0 1418800.072082754
14975.0 1395480.027061104
15025.0 1350799.9843055787
15075.0 1349480.0038330532
15125.0 1366160.0559196628
15175.0 1361280.063780286
15225.0 1335840.0279112842
15275.0 1337520.012652615
15325.0 1323079.9875578599
15375.0 1313199.9870430327
15425.0 1303880.0062623199
15475.0 1294440.0492499408
15525.0 1275879.9591256878
15575.0 1263999.9804504109
15625.0 1267559.9891792522
15675.0 1237120.002631923
15725.0 1235240.027918686
15775.0 1190559.9954863575
15825.0 1206240.0370236307
15875.0 1162480.0402574928
15925.0 1183480.0017680489
15975.0 1181480.0433911895
16050.0 1165159.9903607506
16150.0 1135960.0478969251
16250.0 1134840.0207111766
16350.0 1101080.028042399
16450.0 1069440.0204161247
16550.0 1073639.944788866
16650.0 1053199.993154834
16750.0 1014112.0154835182
16850.0 978304.0276909752
16950.0 995607.9929868558
17050.0 965264.0018578754
17150.0 947112.05017531
17250.0 920536.0083023155
17350.0 866883.9847545055
17450.0 880464.0313689068
17550.0 874104.0313271325
17650.0 855964.0103522622
17750.0 839108.0219625788
17850.0 825960.0112410645
17950.0 810784.0191005829
18050.0 790191.9847871887
18150.0 745012.0442200365
18250.0 750819.9942020654
18350.0 744744.0020598547
18450.0 725132.0073817213
18550.0 716340.0343055923
18650.0 696144.0116161897
18750.0 646284.0092710264
18850.0 671643.9971771124
18950.0 648827.9977239373
19050.0 652376.013296816
19150.0 637956.0240148338
19250.0 626716.0160502738
19350.0 609131.9993975436
19450.0 570887.9810077201
19550.0 590340.0042565466
19650.0 580248.0478525395
19750.0 567460.0271588444
19850.0 560552.0240973443
19950.0 550287.9945999373
20050.0 543148.0437939725
20150.0 535683.9973600036
20250.0 521784.02115084935
20350.0 509319.9963166061
20450.0 507267.99952318997
20550.0 496736.01707929757
20650.0 485147.99258436105
20750.0 478740.00514806836
20850.0 470363.99960603856
20950.0 459420.0034960768
21050.0 455380.01316650904
21150.0 446403.99850850395
21250.0 438528.0163270104
21350.0 431952.01426679775
21450.0 425475.9876165863
21550.0 417036.011754601
21650.0 390167.9889809585
21750.0 399127.9934319996
21850.0 394703.9971293152
21950.0 391272.0012074052
22050.0 380928.0142532756
22150.0 377931.9889463097
22250.0 371320.0119764476
22350.0 365187.9972468166
22450.0 359312.00490069913
22550.0 352248.0037952021
22650.0 346592.00929230225
22750.0 342484.0041129337
22850.0 334728.00207801233
22950.0 328812.0150537998
23050.0 325784.0179665416
23150.0 319908.00953301636
23250.0 312644.00356100703
23350.0 308440.0068301936
23450.0 305644.0166629532
23550.0 297211.99634774297
23650.0 295488.01247216645
23750.0 289112.0036801969
23850.0 282516.0070761889
23950.0 281567.9949190686
24050.0 277215.99590067205
24150.0 270132.00834000355
24250.0 268103.99302582524
24350.0 263839.98909397336
24450.0 259703.98850079344
24550.0 253516.00792410693
24650.0 252932.01596665315
24750.0 247664.00347634827
24850.0 241951.99458812954
24950.0 241111.99800340532
25050.0 237979.99618392016
25150.0 233799.99919776787
25250.0 231404.00005027122
25350.0 227760.0131724149
25450.0 223304.00130620814
25550.0 220328.00822325883
25650.0 216908.01162664572
25750.0 215520.00458833965
25850.0 209595.9990755798
25950.0 208676.00129487735
26050.0 206056.00344240124
26150.0 202036.00682115156
26250.0 191488.00824776816
26350.0 196036.0079195768
26450.0 193480.01065447755
26550.0 191180.00919057723
26650.0 187391.99647336424
26750.0 185895.99496817729
26850.0 184528.00484284252
26950.0 181972.01147786283
27050.0 179584.00622417033
27150.0 176939.99858745522
27250.0 174595.9998548157
27350.0 172252.00847867376
27450.0 170176.0085618767
27550.0 166112.00661716377
27650.0 164500.00887622836
27750.0 162987.99624465313
27850.0 160944.00430311868
27950.0 159100.0036377014
28050.0 156912.010083666
28150.0 154912.00155219625
28250.0 152823.99974056278
28350.0 151080.0075438493
28450.0 148480.0014628452
28550.0 146792.00038205844
28650.0 144416.00257944947
28750.0 140952.00549128695
28850.0 140916.00545510434
28950.0 139416.00191943187
29050.0 137616.00697787324
29150.0 135828.00319608737
29250.0 133572.00508361007
29350.0 132384.00155069854
29450.0 130440.00100972217
29550.0 129040.0000157402
29650.0 127452.00413478444
29750.0 125808.00034685727
29850.0 124264.00030059507
29950.0 122463.99601822718
30050.0 120920.00205581421
30150.0 119620.00271797522
30250.0 117932.00448588243
30350.0 114767.99898114157
30450.0 114256.00845758428
30550.0 113687.99832011509
30650.0 112088.0057912094
30750.0 111044.00102436887
30850.0 109400.00745863219
30950.0 108100.00018563065
31050.0 107012.00327072505
31150.0 104812.0044553416
31250.0 104367.99852995606
31350.0 103068.00231156635
31450.0 101929.59863280319
31550.0 100323.99807609172
31650.0 99380.00508117922
31750.0 98180.0025288914
31850.0 97064.80137062221
31950.0 96049.59819143068
32100.0 94178.8049567479
32300.0 92033.5961941939
32500.0 89875.19868422922
32700.0 87766.79731105262
32900.0 84626.80210406499
33100.0 83492.40051095505
33300.0 81661.2051967797
33500.0 80052.80405352991
33700.0 78154.39879447893
33900.0 76281.19930480771
34100.0 74511.59952110748
34300.0 73167.59893785689
34500.0 71635.60054651416
34700.0 70030.40588940476
34900.0 68545.20140871756
35100.0 67074.40195254366
35300.0 65516.799852078686
35500.0 64217.20360009915
35700.0 62765.19947503121
35900.0 61418.80077516151
36100.0 60288.001573260604
36300.0 59001.59992751408
36500.0 57543.99857838227
36700.0 56332.00097960301
36900.0 54949.99797180731
37100.0 53826.79979752812
37300.0 52718.797723720556
37500.0 51113.59912794694
37700.0 50813.20218976472
37900.0 49789.99968330369
38100.0 48829.19961181422
38300.0 47961.602040163845
38500.0 47064.003146387906
38700.0 46036.39850382345
38900.0 45098.79977299072
39100.0 44342.399950796396
39300.0 43473.60027643398
39500.0 42500.40086382335
39700.0 41792.80216281051
39900.0 40764.001112363185
40100.0 40073.2012671001
40300.0 39431.20168491324
40500.0 38190.800316130684
40700.0 37893.60072547787
40900.0 37226.00174634248
41100.0 36577.19994836803
41300.0 35943.99917902112
41500.0 35196.398901934735
41700.0 34554.40073940597
41900.0 33944.40109696656
42100.0 33164.40203779006
42300.0 32808.000699778655
42500.0 32139.200346498354
42700.0 31625.99950259706
42900.0 30702.00160897997
43100.0 29929.6006114199
43300.0 29538.000878275125
43500.0 28619.601977102204
43700.0 27998.799917469052
43900.0 27702.40062086108
44100.0 26757.200961243016
44300.0 26498.80106851855
44500.0 26112.401039409247
44700.0 25303.999816574185
44900.0 25132.40022717272
45100.0 24689.200947799556
45300.0 24012.001438395087
45500.0 23783.60107929431
45700.0 23462.800135815778
45900.0 22826.800366556643
46100.0 22622.79983171088
46300.0 22234.000711163408
46500.0 21725.600247060585
46700.0 21510.00043278629
46900.0 21254.400066868657
47100.0 20904.400237933576
47300.0 20677.999680209516
47500.0 20313.601024745476
47700.0 19969.20062672921
47900.0 19685.999634512467
48100.0 19306.000585674163
48300.0 19130.800086820058
48500.0 18790.800173369036
48700.0 18480.8000916874
48900.0 18217.600205785035
49100.0 17938.80041332342
49300.0 17669.99960419438
49500.0 17381.200426148884
49700.0 17122.400282913302
49900.0 16903.600792146557
50100.0 16593.600019342914
50300.0 16405.99999834243
50500.0 16096.000753617582
50700.0 15882.799904989559
50900.0 15678.399921552824
51100.0 15399.600558362075
51300.0 15143.200598125091
51500.0 14970.800527258865
51700.0 14813.200231474651
51900.0 14543.199697577671
52100.0 14318.800057010954
52300.0 14104.400394442122
52500.0 13941.200194842246
52700.0 13762.400160932008
52900.0 13506.80009004089
53100.0 13347.999964655417
53300.0 13143.599578291609
53500.0 12974.800778417082
53700.0 12780.400563106483
53900.0 12621.600835000889
54100.0 12441.600265996636
54300.0 12221.600568978565
54500.0 12102.799986353331
54700.0 11918.399972514742
54900.0 11748.400605596371
55100.0 11609.600549443861
55300.0 11476.40024322974
55500.0 11275.199938749034
55700.0 11172.000606973033
55900.0 10962.000284893993
56100.0 10842.000032309941
56300.0 10687.599841809531
56500.0 10578.800056793512
56700.0 10434.400280967768
56900.0 10264.400268270027
57100.0 10155.600468726072
57300.0 10025.039957655948
57500.0 9889.52063381964
57700.0 9754.560118287693
57900.0 9635.399559504887
58100.0 9501.399684346758
58300.0 9383.000212536988
58500.0 9268.60030216992
58700.0 9135.280503880798
58900.0 9004.32055095971
59100.0 8873.92014956072
59300.0 8794.15993077443
59500.0 8657.200276066396
59700.0 8575.120388206507
59900.0 8466.360099335165
60100.0 8353.840045235615
60300.0 8254.080195520393
60500.0 8147.7600769971095
60700.0 8040.680241048735
60900.0 7935.480252768195
61100.0 7822.840191495035
61300.0 7744.760021261795
61500.0 7653.560115384371
61700.0 7558.480139552333
61900.0 7466.8401309461
62100.0 7375.080147451677
62300.0 7262.879813511037
62500.0 7182.000116896467
62700.0 7096.360018908046
62900.0 7012.280057202339
63100.0 6916.840099482971
63300.0 6851.760276853062
63500.0 6763.880152471453
63700.0 6682.800207250117
63900.0 6598.359828936916
64200.0 6484.840078838152
64600.0 6324.200227350182
65000.0 6173.239911966829
65400.0 6034.5999976205485
65800.0 5895.080196106503
66200.0 5754.87995705577
66600.0 5623.800074850139
67000.0 5492.160019734067
67400.0 5362.960356132954
67800.0 5241.999843057493
68200.0 5125.679922281081
68600.0 5010.039970645804
69000.0 4897.279986346667
69400.0 4786.079953164778
69800.0 4682.880015146927
70200.0 4574.120098328251
70600.0 4477.919877221617
71000.0 4380.720151467597
71400.0 4284.960130155795
71800.0 4192.200282054257
72200.0 4101.440193656175
72600.0 4013.120084030876
73000.0 3929.9200900736973
73400.0 3843.6000665166016
73800.0 3765.8401239729333
74200.0 3684.520122747504
74600.0 3593.1200676319845
75000.0 3523.8000368779367
75400.0 3460.5601473981596
75800.0 3390.7999088484657
76200.0 3321.480051257532
76600.0 3254.160090096732
77000.0 3186.2800621887773
77400.0 3123.960138534063
77800.0 3061.640213030375
78200.0 3000.7599816619168
78600.0 2941.4401292425187
79000.0 2883.1201145118594
79400.0 2826.799970711768
79800.0 2771.359937951006
80200.0 2716.4799229506625
80600.0 2663.159980827397
81000.0 2613.84001828964
81400.0 2561.400040010719
81800.0 2513.5200614336136
82200.0 2467.2000905617742
82600.0 2420.320086338037
83000.0 2374.8800534654724
83400.0 2329.000027400749
83800.0 2286.1201082799203
84200.0 2244.800072857432
84600.0 2203.360138190818
85000.0 2162.4800812563235
85400.0 2123.039980588443
85800.0 2084.7199969994
86200.0 2046.2800134451224
86600.0 2009.8400440767211
87000.0 1973.9601025051354
87400.0 1938.0800256996122
87800.0 1903.1999946502456
88200.0 1869.2000013727018
88600.0 1836.3200387739066
89000.0 1803.8800501607268
89400.0 1773.0000001565115
89800.0 1741.5600469927936
90200.0 1712.1200594830916
90600.0 1683.240103414089
91000.0 1652.8000172174309
91400.0 1624.8000359877376
91800.0 1597.9200687848365
92200.0 1571.0400251523643
92600.0 1544.0400035819557
93000.0 1518.6000725429556
93400.0 1492.7201005423085
93800.0 1467.7200643283936
94200.0 1443.8400466831079
94600.0 1419.3999666623258
95000.0 1396.4000104514469
95400.0 1372.959987850406
95800.0 1350.5199749747862
96200.0 1328.640038613181
96600.0 1307.2000192249727
97000.0 1286.2000290607568
97400.0 1264.7599969847495
97800.0 1244.3200097127149
98200.0 1224.8799755713987
98600.0 1205.8800009516342
99000.0 1186.999994105977
99400.0 1167.5600328654737
99800.0 1149.5600161165466
100200.0 1132.1200034579747
200000.0 73.16319810633988
400000.0 4.590040042505193
600000.0 0.9019200365083577
800000.0 0.2836239926651422
1000000.0 0.11550000244092998
1200000.0 0.05540840034184638
1400000.0 0.029764400720840706
1600000.0 0.017371200649817946
