wave flux
90.9000015258789 0.0
93.5 0.0
96.0999984741211 0.0
97.69999694824219 0.0
99.5999984741211 0.0
102.0 0.0
103.80000305175781 0.0
105.5999984741211 0.0
107.69999694824219 0.0
110.4000015258789 0.0
114.0 0.0
117.80000305175781 0.0
121.30000305175781 0.0
124.80000305175781 0.0
127.0999984741211 0.0
128.39999389648438 0.0
130.5 0.0
132.39999389648438 0.0
133.89999389648438 0.0
136.60000610351562 0.0
139.8000030517578 0.0
143.3000030517578 0.0
147.1999969482422 0.0
151.0 0.0
155.1999969482422 0.0
158.8000030517578 0.0
162.0 0.0
166.0 0.0
170.3000030517578 0.0
173.39999389648438 0.0
176.8000030517578 0.0
180.1999969482422 0.0
181.6999969482422 0.0
186.10000610351562 0.0
191.0 0.0
193.89999389648438 0.0
198.39999389648438 0.0
201.8000030517578 0.0
205.0 0.0
210.5 0.0
216.1999969482422 0.0
219.8000030517578 0.0
223.0 0.0
226.8000030517578 0.0
230.0 0.0
234.0 0.0
240.0 0.0
246.5 0.0
252.39999389648438 0.0
256.79998779296875 0.0
260.0 0.0
264.0 0.0
268.5 0.0
273.5 0.0
278.5 0.0
284.0 0.0
290.0 0.0
296.0 0.0
301.0 7.199920271801749e-23
308.0 4.491456242767306e-22
318.0 5.039232029208599e-21
328.0 4.882792450090805e-20
338.0 4.1612083360299603e-19
348.0 3.144800031812571e-18
357.0 1.7678320306599104e-17
366.0 9.130959864810018e-17
375.0 4.361559985688282e-16
385.0 2.275424059226322e-15
395.0 1.0904000527284238e-14
405.0 4.8331604110216777e-14
414.0 1.733463989364584e-13
422.0 5.1483202235417e-13
430.0 1.4670480704511868e-12
441.0 5.807279809065005e-12
451.0 1.910448017570452e-11
460.0 5.3287603131590635e-11
470.0 1.5877679267189925e-10
480.0 4.51392003014297e-10
490.0 1.2272400629772985e-09
500.0 3.1998798936612172e-09
506.0 5.5461595460388265e-09
512.0 9.721199693656675e-09
520.0 1.9594720821233582e-08
530.0 4.5612001102400356e-08
540.0 1.0275359650590946e-07
550.0 2.2435601196334697e-07
560.0 4.760760286784605e-07
570.0 9.818320141918794e-07
580.0 1.9733278983140226e-06
590.0 3.868799728684128e-06
600.0 7.406239676915707e-06
610.0 1.386296100089233e-05
620.0 2.5393599545184612e-05
630.0 4.5572401826244265e-05
640.0 8.021800108134471e-05
650.0 0.00013861600002926168
658.0 0.00021196800633064663
665.0 0.00030466799836168456
675.0 0.0005043159966768025
685.0 0.0008218280486093067
695.0 0.0013190960823095093
705.0 0.0020876800733459428
716.0 0.003403119930699346
726.0 0.005234280123499799
735.0 0.007628480108896332
745.0 0.011462480451387619
755.0 0.017013599947073313
765.0 0.02498760087367881
775.0 0.03629000208863819
785.0 0.05217400064882536
795.0 0.07421599954880592
805.0 0.10469280346349202
815.0 0.14627359104144919
825.0 0.20260000588208907
835.0 0.2781200148400998
845.0 0.37871200539168864
855.0 0.5117280221883113
865.0 0.6860559673613869
875.0 0.9123480178344018
885.0 1.2067920401849297
895.0 1.5832239343626047
905.0 2.0603600106609337
915.0 29.890801478814076
925.0 175.95840449426584
935.0 255.68960692916625
945.0 360.71601770248344
955.0 500.70800655187935
965.0 636.9920062710031
975.0 645.5520000525026
985.0 881.1120127439075
995.0 984.8160159797811
1005.0 1251.8480450994984
1015.0 1467.096001834462
1025.0 1389.279978505437
1035.0 1972.7280656615087
1045.0 2355.623990284207
1055.0 2739.9681593178993
1065.0 3076.4800418573077
1075.0 3667.480021379991
1085.0 4230.800069212616
1095.0 4695.439950759188
1105.0 9399.800335393598
1115.0 21990.800340744114
1125.0 29032.80056745398
1135.0 37730.00421219792
1145.0 43386.003062107455
1155.0 46069.60113890705
1165.0 56625.600640254626
1175.0 61559.2047170487
1185.0 63196.80167519516
1195.0 33646.802873273344
1205.0 30519.601550821804
1215.0 6360.24011260126
1225.0 32124.399015156512
1235.0 72440.79920383026
1245.0 123223.20198597673
1255.0 426692.02325645956
1265.0 939984.0224567894
1275.0 3123184.0153346364
1285.0 7342360.272566579
1295.0 9015320.047919406
1305.0 4418920.12910408
1315.0 11753999.729208812
1325.0 15107600.587224636
1335.0 14422880.698664881
1345.0 20249680.64490247
1355.0 18916398.93984805
1365.0 17304879.69932279
1375.0 18631601.090561006
1385.0 15920879.953312816
1395.0 17153600.23401547
1405.0 20729440.063109484
1415.0 21531680.545074586
1425.0 25633202.41854236
1435.0 22172881.22380202
1442.0 26906001.07173828
1447.0 29393200.692188248
1455.0 31088399.025877442
1465.0 28775598.80882736
1475.0 28338800.88738917
1485.0 30966401.961388208
1495.0 34697601.58678469
1505.0 35766799.01348868
1512.0 31119199.545589577
1517.0 34777599.60379522
1525.0 32269200.10305431
1535.0 38113199.93084195
1545.0 53326403.07440277
1555.0 40936399.72123866
1565.0 35124802.31672878
1575.0 51245200.66767041
1585.0 61308801.17916742
1595.0 68810001.72858688
1605.0 65073202.3987458
1615.0 62744401.19590316
1625.0 53455601.744791985
1635.0 57444799.745166026
1645.0 69847603.35215297
1655.0 50131202.26590099
1665.0 68688003.60667764
1672.0 40856398.95692516
1677.0 65832801.98266536
1685.0 76068798.85484989
1695.0 64500799.682209656
1705.0 62884401.02173669
1715.0 65798800.8920967
1725.0 64858402.73666222
1735.0 71876402.93279934
1745.0 69138799.12535559
1755.0 78926805.73936985
1765.0 62180000.85099141
1775.0 74192003.54750271
1785.0 72894800.30871446
1795.0 83195196.43482363
1805.0 76233200.88845578
1815.0 76846797.83451408
1825.0 71687602.34689417
1835.0 68661204.47512208
1845.0 61829596.441516094
1855.0 67076402.97253079
1865.0 68691601.72971192
1875.0 70620803.35718435
1885.0 70241998.81703797
1895.0 71533196.46215759
1905.0 66005999.94744689
1915.0 71152797.84636745
1925.0 71978401.21692805
1935.0 65692800.539038725
1945.0 73598801.5810791
1955.0 72655196.99202985
1967.0 76143199.1561153
1976.0 74426004.71087016
1984.0 71830806.12703978
1995.0 69257605.81016237
2005.0 66986397.63878984
2015.0 64544800.524610914
2025.0 62725999.75744614
2035.0 66614800.86290515
2045.0 70652000.23516028
2055.0 66697603.18781311
2065.0 64994000.22109951
2074.0 70617602.26894689
2078.0 72627600.12829751
2085.0 70643999.13850807
2095.0 67759601.26955356
2105.0 64474402.02561259
2115.0 64783203.224874474
2125.0 66531599.76137858
2135.0 54434401.97176414
2145.0 62485600.97940803
2155.0 63088800.88824028
2165.0 59160000.33837956
2175.0 58225198.91631219
2185.0 59375203.49674131
2195.0 63267599.516509354
2205.0 60491998.52802221
2215.0 54571202.739039585
2225.0 53696398.69939895
2235.0 61008000.67467955
2245.0 54196400.10392008
2255.0 52394800.38762644
2265.0 52783599.92273096
2275.0 56346802.64098013
2285.0 58529199.96994435
2295.0 54419197.67387521
2305.0 53806801.22087444
2315.0 51941601.07640624
2325.0 51265200.90956236
2335.0 47533598.68217272
2345.0 42836797.75478843
2355.0 51490002.46332665
2365.0 43642399.98112483
2375.0 47588799.139640994
2385.0 40031200.44328308
2395.0 44999202.343622185
2405.0 42620002.34282856
2415.0 44141598.579218596
2425.0 48728403.05083773
2435.0 46572798.43737164
2445.0 49903600.12753936
2455.0 48118800.53781449
2465.0 47993598.35000709
2475.0 45586400.76214965
2485.0 47895599.83499738
2495.0 45851599.5672901
2505.0 52206000.81484425
2513.0 45469200.51571538
2518.0 46636399.7816544
2525.0 42928403.164146334
2535.0 41948400.4976437
2545.0 41495599.97944916
2555.0 45080800.748186745
2565.0 44882398.94280277
2575.0 48843998.60309535
2585.0 48948799.75177319
2595.0 47555202.340672806
2605.0 45337602.87914473
2615.0 44409603.12546356
2625.0 48622803.453998685
2635.0 48856802.126823686
2645.0 55669604.093203075
2655.0 55019600.09542023
2665.0 49302003.57963772
2675.0 51980804.18778314
2685.0 51537198.32343574
2695.0 49028401.005476736
2705.0 50452800.56156979
2715.0 47457199.73411267
2725.0 48085598.5785821
2735.0 52172003.01577438
2745.0 42901600.14448106
2755.0 44066000.07644845
2765.0 45647200.09908535
2775.0 49830397.05253297
2785.0 48044802.90581705
2795.0 33383601.21903403
2805.0 38660402.81485793
2815.0 51109602.286925346
2825.0 52331602.316096604
2835.0 50039998.81135407
2845.0 48034398.924769334
2855.0 46084400.81410377
2865.0 49925603.945108004
2875.0 48362401.351516664
2885.0 49399601.11619876
2895.0 47094003.236835815
2910.0 52747602.38941632
2930.0 50466003.993459746
2950.0 50206000.04621825
2970.0 51201600.45180125
2990.0 51461600.52110603
3010.0 52156002.66138373
3030.0 51493998.53279849
3050.0 51033602.47975864
3070.0 50629599.05143649
3090.0 51286401.22358763
3110.0 49915201.16505845
3130.0 49680799.7278255
3150.0 50525601.57122632
3170.0 50190401.49945051
3190.0 48046799.2230167
3210.0 49056000.60793182
3230.0 47818401.69915694
3250.0 48527202.451834604
3270.0 48694401.065339096
3290.0 49064401.669597186
3310.0 49240798.542070515
3330.0 48138801.41468995
3350.0 47367600.54494695
3370.0 47254400.07541301
3390.0 46973198.877561115
3410.0 47638401.84965667
3430.0 47525600.12713673
3450.0 47108800.76434572
3470.0 46493600.154798105
3490.0 46256802.59455273
3510.0 46762401.47370593
3530.0 46731602.584319144
3550.0 46792001.69718276
3570.0 45719602.33322198
3590.0 45461201.95913959
3610.0 45317600.50534816
3630.0 45264802.03320223
3640.0 44904002.08297246
3650.0 45708002.78991865
3670.0 45490400.87085544
3690.0 43740800.47246734
3710.0 44602401.8008403
3730.0 45504399.33409441
3750.0 57151601.05225301
3770.0 61205199.2215704
3790.0 77067202.14468355
3810.0 91643996.2633933
3830.0 71353999.07506919
3850.0 102170399.36344005
3870.0 117736006.53457518
3890.0 61985201.55760937
3910.0 117168003.42222458
3930.0 119048009.3605882
3950.0 117076000.79614925
3970.0 58914403.20331116
3990.0 111956003.98267278
4010.0 127156001.04736312
4030.0 126988006.4495031
4050.0 125295996.12247038
4070.0 118495997.64502288
4090.0 88396801.90220599
4110.0 65925602.389748745
4130.0 110944001.48609678
4150.0 117567998.95958568
4170.0 116700003.93470544
4190.0 115408001.52361518
4210.0 114423996.03730686
4230.0 111824001.44240864
4250.0 110655997.73538746
4270.0 107447203.67850076
4290.0 106763997.8276139
4310.0 98691201.16899735
4330.0 71557204.07479097
4350.0 60339201.4947264
4370.0 96122402.70160624
4390.0 99099993.94941847
4410.0 98656799.3552388
4430.0 97901601.2063082
4450.0 98153201.94847164
4470.0 96916804.31822719
4490.0 94801603.62397873
4510.0 95089196.73207259
4530.0 93154408.93827778
4550.0 90958000.56305888
4570.0 91704005.48358801
4590.0 89644806.59068038
4610.0 90171997.6978184
4630.0 87643996.34309459
4650.0 87837200.01068652
4670.0 86650805.87070735
4690.0 84265204.284986
4710.0 81474005.12602329
4730.0 83319998.45946363
4750.0 82441197.77710925
4770.0 81182799.09101135
4790.0 79918401.969669
4810.0 77820804.16334198
4830.0 73412402.77941881
4850.0 55070399.971638866
4870.0 44053201.68166895
4890.0 68581598.34373593
4910.0 72861198.75660646
4930.0 72342400.8862738
4950.0 72572800.21299972
4970.0 72345601.69785133
4990.0 71061599.1550027
5010.0 69256403.4882358
5030.0 69380003.33209226
5050.0 68156402.55596957
5070.0 68204398.19740622
5090.0 67408403.26815027
5110.0 66658004.07885033
5130.0 65757200.500005804
5150.0 64719599.35049637
5170.0 63112801.85512126
5190.0 62578398.12059652
5210.0 62553201.57465345
5230.0 61272798.40713717
5250.0 61522400.779474504
5270.0 59572799.5903285
5290.0 60098004.4799652
5310.0 58895203.97940527
5330.0 58016403.65715901
5350.0 58232399.31634477
5370.0 57354804.24070044
5390.0 56788004.46146377
5410.0 55838797.27433254
5430.0 55486802.00732665
5450.0 55113201.847676955
5470.0 54498003.05312603
5490.0 54003600.22969813
5510.0 53418404.686873056
5530.0 52689200.30498421
5550.0 52354803.35732471
5570.0 51716399.46175401
5590.0 51167999.61673548
5610.0 50724400.35781218
5630.0 50250798.19352737
5650.0 49653202.12670717
5670.0 49094802.413899146
5690.0 48669599.009004146
5710.0 48173600.80555795
5730.0 47759203.36995049
5750.0 47180800.70763503
5770.0 46724799.403635636
5790.0 46217200.79133378
5810.0 45770401.45473231
5830.0 45314399.7582013
5850.0 44855999.23664535
5870.0 44360800.80811862
5890.0 43541601.06035708
5910.0 43494800.678650826
5930.0 43067199.039282985
5950.0 42561199.72689466
5970.0 42183599.89885216
5990.0 41676000.44357613
6010.0 41256002.28301019
6030.0 40930000.97666037
6050.0 40503202.19362946
6070.0 40147199.601513416
6090.0 39738002.16745335
6110.0 39329600.71921623
6130.0 38880400.00229018
6150.0 38113600.12787627
6170.0 38093600.42376271
6190.0 37840002.48657922
6210.0 37472398.938552834
6230.0 37073200.87952246
6250.0 36453198.66737713
6270.0 36418799.39761992
6290.0 36061198.56459578
6310.0 35632001.41026148
6330.0 35344399.77844222
6350.0 34717601.34122902
6370.0 34488399.10081581
6390.0 34330800.334551714
6410.0 33920001.32011656
6430.0 33632399.03442999
6450.0 33024801.155440938
6470.0 32916401.87134377
6490.0 32387198.821822744
6510.0 31879600.54751239
6530.0 30681200.907210384
6550.0 26141200.381867856
6570.0 20943601.659646053
6590.0 28719200.391517494
6610.0 30218399.68067791
6630.0 30380800.014577013
6650.0 30253199.01221574
6670.0 30024798.53482313
6690.0 29816402.133754164
6710.0 29598001.58165553
6730.0 29300401.29882652
6750.0 29040400.121355463
6770.0 28823601.229264036
6790.0 28564402.15935614
6810.0 28306000.4472772
6830.0 28026799.707276385
6850.0 27788401.552801117
6870.0 27550802.01371959
6890.0 27311601.002782606
6910.0 27063200.79105495
6930.0 26814800.048150364
6950.0 26585601.815095957
6970.0 26347201.723605096
6990.0 26128001.387078922
7010.0 25818801.1785469
7030.0 25649599.66949291
7050.0 25432000.23395408
7070.0 25232799.434740193
7090.0 25014399.963023614
7110.0 24541999.67447082
7130.0 24526000.32664508
7150.0 24326799.121285677
7170.0 24137600.68275829
7190.0 23919199.926841013
7210.0 23730001.07289009
7230.0 23511599.783321172
7250.0 23291599.482960846
7270.0 23133999.01303775
7290.0 22913999.801126685
7310.0 22725600.376604628
7330.0 22546399.49135831
7350.0 22368000.42350154
7370.0 22188798.975962162
7390.0 21979600.377750833
7410.0 21769599.266135238
7430.0 21531200.47314875
7450.0 21392001.195136484
7470.0 21141999.89132494
7490.0 21023600.695748266
7510.0 20885200.359839987
7530.0 20735999.820367366
7550.0 20577600.455603987
7570.0 20407599.309907444
7590.0 20248399.193733186
7610.0 20079999.398366526
7630.0 19910800.484125476
7650.0 19731599.887180157
7670.0 19561600.459562816
7690.0 19412400.43108764
7710.0 19243200.66319243
7730.0 19114800.572254624
7750.0 18955599.12395706
7770.0 18437200.935755096
7790.0 18667200.42634603
7810.0 18508000.190619964
7830.0 18337999.962143365
7850.0 18168000.436151635
7870.0 17979601.62880438
7890.0 17801200.38380624
7910.0 17730400.285885606
7930.0 17611199.080417585
7950.0 17402799.95252177
7970.0 17372799.91082532
7990.0 17064400.426732164
8010.0 17084399.798778288
8030.0 16944401.181562256
8050.0 16825200.4330293
8070.0 16686000.491201445
8090.0 16556800.468636867
8110.0 16437600.337719884
8130.0 16318399.72041332
8150.0 16189200.620317291
8170.0 16069200.48468661
8190.0 15829200.091228561
8210.0 15759199.919487765
8230.0 15630000.79528969
8250.0 15540799.89490804
8270.0 15541599.560379699
8290.0 15421600.502699705
8310.0 15312400.573242998
8330.0 15121600.479893709
8350.0 15093200.224569429
8370.0 14983999.845746987
8390.0 14844000.282762395
8410.0 14714800.589113874
8430.0 14576401.168804293
8450.0 14296400.772958647
8470.0 14158000.22127129
8490.0 14298000.514972994
8510.0 13618800.60269158
8530.0 14218000.590058463
8550.0 12819599.84809554
8570.0 14286400.603446431
8590.0 13241999.534576682
8610.0 12913600.72227605
8630.0 14334800.539210578
8650.0 13658799.563077979
8670.0 11317601.10053281
8690.0 13865600.731492897
8710.0 14492400.608543482
8730.0 13786400.783674743
8750.0 10790800.580571327
8770.0 13041199.71077995
8790.0 14400800.852806235
8810.0 14530000.171170212
8830.0 14011600.34100905
8850.0 12243600.807109091
8870.0 10341440.106395813
8890.0 13227999.335195322
8910.0 14004000.898906132
8930.0 14144000.22990156
8950.0 14164800.0669273
8970.0 13824799.941076703
8990.0 12929600.38099271
9010.0 10112159.917592727
9030.0 11079200.175168432
9050.0 12959600.241887808
9070.0 13217200.923129274
9090.0 13197200.861228893
9110.0 13398799.821567222
9130.0 13379600.31759369
9150.0 13289599.462448273
9170.0 13050399.554596324
9190.0 12582000.514435176
9210.0 11426799.870416874
9230.0 8831279.488466935
9250.0 10939199.451682063
9270.0 11914400.16672563
9290.0 12483600.7214121
9310.0 12543599.529755276
9330.0 12494400.342753218
9350.0 12445200.178534485
9370.0 12365999.924214821
9390.0 12206799.809942955
9410.0 11944400.549665643
9430.0 12035999.443251623
9450.0 11956800.176122328
9470.0 11817599.994040256
9490.0 11607600.397689708
9510.0 11169200.190367728
9530.0 9994640.227413159
9550.0 7995199.564751221
9570.0 10103520.154588493
9590.0 10939999.884512942
9610.0 11099200.132571636
9630.0 11019999.874793919
9650.0 11140000.011744132
9670.0 11000800.420037836
9690.0 10990800.107018061
9710.0 10972399.728082677
9730.0 10902400.522048295
9750.0 10812400.50667735
9770.0 10763200.307134181
9790.0 10684000.780023772
9810.0 10613200.51396556
9830.0 10514800.027612144
9850.0 10423999.424891219
9870.0 10344320.591951916
9890.0 10214960.3761928
9910.0 10194720.698149944
9930.0 10105520.339473397
9950.0 10025919.62667913
9970.0 9932920.065468114
9990.0 9767240.24887733
10025.0 8687079.95019224
10075.0 8224519.709520038
10125.0 9305999.584432414
10175.0 9311959.799617747
10225.0 9200680.657222882
10275.0 9055719.491421029
10325.0 8898039.435082963
10375.0 8753760.423375083
10425.0 8610400.077691006
10475.0 8419320.16289096
10525.0 8300360.51056152
10575.0 8178840.268021633
10625.0 8052319.843592755
10675.0 7813399.812535626
10725.0 7752359.929045103
10775.0 7635679.966336905
10825.0 7490079.845825097
10875.0 7243559.935992438
10925.0 6011400.162009309
10975.0 6584879.891258379
11025.0 7002160.147251822
11075.0 6961879.763259111
11125.0 6868120.2095160065
11175.0 6771600.166618197
11225.0 6670240.210069835
11275.0 6485160.492140517
11325.0 6393559.96891317
11375.0 6352040.28985504
11425.0 6245199.707951729
11475.0 6177999.698119767
11525.0 6087399.842663292
11575.0 5993720.37102794
11625.0 5866560.155609157
11675.0 5752720.046227494
11725.0 5731680.150914016
11775.0 5572519.862775107
11825.0 5530080.220113566
11875.0 5433000.0376296155
11925.0 5404879.889009229
11975.0 5296880.081083487
12025.0 5238279.972104038
12075.0 5153439.907095936
12125.0 5082759.997349286
12175.0 5019159.847018856
12225.0 4944320.230416633
12275.0 4866560.039227732
12325.0 4800800.071275787
12375.0 4737120.126018008
12425.0 4677440.254575595
12475.0 4598599.904656243
12525.0 4541759.759931745
12575.0 4456760.094849245
12625.0 4400999.970301706
12675.0 4341400.048834707
12725.0 4254560.125525804
12775.0 4036880.12717933
12825.0 3436840.0457694298
12875.0 3971200.343875465
12925.0 4032280.010277859
12975.0 3999520.171261507
13025.0 3956760.316319849
13075.0 3907000.0344242966
13125.0 3853079.94622523
13175.0 3791240.0384770273
13225.0 3752400.067995975
13275.0 3702560.0357252373
13325.0 3653800.1327376473
13375.0 3604959.988014972
13425.0 3557039.779177916
13475.0 3509280.312572017
13525.0 3458280.052627583
13575.0 3414439.9383196174
13625.0 3373600.2279379764
13675.0 3326760.076097394
13725.0 3271680.1128592687
13775.0 3241920.227152227
13825.0 3202080.153018751
13875.0 3164320.0779645327
13925.0 3118320.118066632
13975.0 3082480.2079456677
14025.0 3043639.857111884
14075.0 3006720.0058425167
14125.0 2966800.0025128704
14175.0 2929959.8467613426
14225.0 2893039.9547520317
14275.0 2857120.1332748756
14325.0 2822200.118395565
14375.0 2788360.2093848693
14425.0 2724120.153660343
14475.0 2718520.022720205
14525.0 2671440.1375142355
14570.0 2655679.961692674
14620.0 2619759.9510515383
14675.0 2590919.9068152304
14725.0 2558920.1294283317
14775.0 2521919.931485667
14825.0 2497080.1035881215
14875.0 2460080.0183421527
14925.0 2444319.923072815
14975.0 2412320.0334804463
15025.0 2379400.184119523
15075.0 2352480.0470656753
15125.0 2329639.979421456
15175.0 2300720.0166708124
15225.0 2274800.165182051
15275.0 2244800.0778905065
15325.0 2215959.9455135944
15375.0 2194960.0808466207
15425.0 2151039.9851187347
15475.0 2141120.0676525887
15525.0 2115200.0790454787
15575.0 2058360.0850155686
15625.0 2088279.9942723957
15675.0 2021519.9320601425
15725.0 1969520.0971222809
15775.0 2022280.1144555903
15825.0 1996520.1547946564
15875.0 1837760.0358958128
15925.0 1922680.0211143303
15975.0 1954600.0081799882
16050.0 1884680.0081762634
16150.0 1772920.1170818037
16250.0 1859840.0848887474
16350.0 1757000.0530886047
16450.0 1644160.0238988025
16550.0 1749160.0722264538
16650.0 1715160.1539626482
16750.0 1603319.9759240304
16850.0 1497479.9933624698
16950.0 1603479.9535203397
17050.0 1575480.054728577
17150.0 1542639.9997504044
17250.0 1491639.9840620602
17350.0 1310800.0070576498
17450.0 1406799.9644068046
17550.0 1410879.9864456393
17650.0 1385959.9775059624
17750.0 1360039.9333831393
17850.0 1331119.969131604
17950.0 1304200.0169590942
18050.0 1263280.0073065504
18150.0 1123360.0212525327
18250.0 1179360.0389428586
18350.0 1196439.9899414696
18450.0 1176440.0066671716
18550.0 1149520.0398778156
18650.0 1116519.9765567076
18750.0 988107.9954198769
18850.0 1066680.0411482197
18950.0 1060679.9878838218
19050.0 1046760.0174796294
19150.0 1025839.9727782761
19250.0 1002895.9789310793
19350.0 969903.9956557157
19450.0 860459.9801504527
19550.0 933191.9938404647
19650.0 929348.0634854703
19750.0 913871.9750829363
19850.0 897736.048621934
19950.0 880976.0031426946
20050.0 864808.0116333012
20150.0 848848.0358877842
20250.0 833072.0235286764
20350.0 817704.0586576137
20450.0 803144.0250899929
20550.0 788576.0559241852
20650.0 773892.0075825801
20750.0 760132.0436730529
20850.0 746764.0402331686
20950.0 733388.0570095318
21050.0 720212.0222888592
21150.0 706428.0447628242
21250.0 694059.9779326762
21350.0 681976.0208279059
21450.0 669016.0393586329
21550.0 649831.9985393164
21650.0 580848.0271252948
21750.0 621871.9861258753
21850.0 623503.9792624016
21950.0 615436.0130593933
22050.0 604752.0206599396
22150.0 594076.0070639283
22250.0 585007.9948640785
22350.0 575131.9905623797
22450.0 565555.9758071671
22550.0 555748.0265560385
22650.0 546888.0182523753
22750.0 537904.0306553951
22850.0 529319.9980279781
22950.0 520535.9859822557
23050.0 512460.0087064522
23150.0 504176.05269419396
23250.0 496192.0149116107
23350.0 488216.009600532
23450.0 480532.0102605552
23550.0 472947.98603861773
23650.0 465556.0371070914
23750.0 458171.9941881486
23850.0 450988.00082129275
23950.0 443904.00366019376
24050.0 436820.01505779923
24150.0 430035.99896216183
24250.0 423544.0088981174
24350.0 416759.99220514257
24450.0 410176.00850064843
24550.0 404083.9972081072
24650.0 397399.99218911404
24750.0 391407.9955853881
24850.0 386115.99813775736
24950.0 377332.00349851133
25050.0 375048.0061554677
25150.0 369455.98882749304
25250.0 358579.9987755023
25350.0 357988.00575123134
25450.0 354388.0002511542
25550.0 347003.9884567434
25650.0 333928.00529887195
25750.0 337620.0158656915
25850.0 334320.0062723515
25950.0 329344.00824065896
26050.0 319260.00882367097
26150.0 303567.9972172139
26250.0 284759.993193988
26350.0 304367.99018606945
26450.0 306383.9987585253
26550.0 302591.9945055012
26650.0 294808.0194716127
26750.0 275024.00036401924
26850.0 286624.0106840742
26950.0 286731.9916249956
27050.0 283431.998818271
27150.0 279748.0035530288
27250.0 275848.0065387727
27350.0 271556.0064222538
27450.0 265472.0107443792
27550.0 245487.99311213545
27650.0 250788.0127764263
27750.0 255988.00063964634
27850.0 253795.9910462996
27950.0 251004.00911314352
28050.0 247612.00482074317
28150.0 244220.00440051503
28250.0 240928.01252246267
28350.0 237728.00911594895
28450.0 233936.00009721267
28550.0 229836.01376132938
28650.0 220752.0009323898
28750.0 205959.9974132748
28850.0 218667.9979721308
28950.0 218368.00386750625
29050.0 216375.9934752376
29150.0 213476.00286494623
29250.0 210884.001437598
29350.0 208191.99697000146
29450.0 205491.99673324233
29550.0 202808.00052144215
29650.0 200208.00481753648
29750.0 197616.0080742341
29850.0 195116.00005797474
29950.0 192624.00462882224
30050.0 190115.9995868507
30150.0 187124.00119476416
30250.0 183232.00734665597
30350.0 169840.00108830724
30450.0 171548.01388274404
30550.0 176847.9968903547
30650.0 175756.01065943213
30750.0 174056.0087318367
30850.0 171763.99664444808
30950.0 169764.00482261993
31050.0 167671.99841200566
31150.0 165571.9976398123
31250.0 163580.00370949053
31350.0 161580.0027244789
31450.0 159587.9921891209
31550.0 157788.00748937286
31650.0 155896.0099290286
31750.0 153896.00185023813
31850.0 152104.01343231986
31950.0 150304.0015816165
32100.0 147612.0039631814
32300.0 144119.99933338078
32500.0 140727.9945806236
32700.0 137028.0015304049
32900.0 126436.00731509864
33100.0 128243.99540319052
33300.0 127552.00408501887
33500.0 124860.00093008837
33700.0 121959.99700791175
33900.0 119360.00442174572
34100.0 116675.99584296625
34300.0 114176.00077512675
34500.0 111683.99826345115
34700.0 109191.99821480208
34900.0 106892.00237165217
35100.0 104500.00375658361
35300.0 102300.00420264994
35500.0 100104.00037390618
35700.0 97919.60142389055
35900.0 95864.39926264527
36100.0 93777.60471204507
36300.0 91871.59927022354
36500.0 89835.59852375904
36700.0 88088.7968830761
36900.0 85941.20149621788
37100.0 84275.20027836498
37300.0 80237.6030156219
37500.0 77651.6009379906
37700.0 79254.79896429405
37900.0 77888.79772180013
38100.0 75832.79812117017
38300.0 74416.00165356782
38500.0 73407.5999864238
38700.0 71939.20182889503
38900.0 70274.001860448
39100.0 67968.00031683341
39300.0 67738.79908736744
39500.0 66561.2038251165
39700.0 65303.60248516646
39900.0 63925.20178001642
40100.0 61829.20278500517
40300.0 60262.40084756651
40500.0 57383.202596377654
40700.0 58954.799448566366
40900.0 58187.19959368356
41100.0 57197.9983844903
41300.0 56081.99702529742
41500.0 54753.5979386818
41700.0 51877.60095278598
41900.0 52678.40490974959
42100.0 52098.398993526935
42300.0 51230.79989840554
42500.0 50294.000172121145
42700.0 49394.800838378644
42900.0 48506.4001915697
43100.0 47628.80088204834
43300.0 46770.40104582573
43500.0 45731.99986924843
43700.0 43214.402667047194
43900.0 43496.001191784046
44100.0 43466.00224034253
44300.0 42807.6009546797
44500.0 42059.19937777141
44700.0 41400.000660751066
44900.0 40611.59891628253
45100.0 39923.19955316236
45300.0 39234.801657162185
45500.0 38566.39825207464
45700.0 37907.200159624525
45900.0 37248.80215894589
46100.0 36589.601760637524
46300.0 35790.400806609156
46500.0 33412.7989790235
46700.0 32923.598104179095
46900.0 33824.40209838938
47100.0 33635.20154108449
47300.0 33146.0011935195
47500.0 32616.80191345462
47700.0 32098.39910538678
47900.0 31589.19909550635
48100.0 31080.801117821975
48300.0 30581.59963034594
48500.0 30092.40054672948
48700.0 29623.200468391948
48900.0 29144.798493521703
49100.0 28684.79920739845
49300.0 28236.400470656798
49500.0 27797.199944846456
49700.0 27357.2006514343
49900.0 26938.00091286079
50100.0 26518.799763954426
50300.0 26099.60007115468
50500.0 25701.20090242883
50700.0 25301.20186626242
50900.0 24861.99958504707
51100.0 24263.60122095255
51300.0 22863.599737261928
51500.0 23604.40185757703
51700.0 23385.199697702483
51900.0 23095.20024090499
52100.0 22766.80041854916
52300.0 22427.60062195403
52500.0 22067.60055332696
52700.0 21718.4003099648
52900.0 21449.19980450998
53100.0 21149.200714751292
53300.0 20839.999422951034
53500.0 20530.800342622402
53700.0 20161.59927433215
53900.0 19872.400783571178
54100.0 19652.3996634373
54300.0 19403.200744188533
54500.0 19143.200170732853
54700.0 18864.000260760484
54900.0 18563.99903700978
55100.0 18234.800571289587
55300.0 17895.600109984865
55500.0 17766.400832213818
55700.0 17566.399764090987
55900.0 17327.200342805736
56100.0 17097.200633945125
56300.0 16857.99968085209
56500.0 16628.000125752627
56700.0 16378.800161423038
56900.0 16089.600674949206
57100.0 15679.599904732355
57300.0 15639.600435452277
57500.0 15500.399318028258
57700.0 15311.200477911283
57900.0 15101.200660897792
58100.0 14902.000687297666
58300.0 14692.000527197102
58500.0 14481.999700006863
58700.0 14262.799762588502
58900.0 13923.599243084842
59100.0 13143.600131911016
59300.0 13583.600266768963
59500.0 13244.399735145864
59700.0 13214.401186208488
59900.0 13175.200223562422
60100.0 13035.19963559102
60300.0 12875.199856930447
60500.0 12706.000089439918
60700.0 12545.999942940913
60900.0 12386.001152313072
61100.0 12226.799808909987
61300.0 12076.800408958781
61500.0 11917.600168268584
61700.0 11767.600506770495
61900.0 11618.39995173931
62100.0 11477.600181549795
62300.0 11328.400338122265
62500.0 11168.400043970065
62700.0 10959.200572694592
62900.0 10510.000184722976
63100.0 10659.199461818758
63300.0 10619.999883721459
63500.0 10510.000098040206
63700.0 10380.800152621818
63900.0 10260.000694510874
64200.0 10081.199570918488
64600.0 9849.199870142134
65000.0 9612.679694447801
65400.0 9384.240041046965
65800.0 9161.479726203659
66200.0 8943.959861346744
66600.0 8730.360276161493
67000.0 8513.760593600771
67400.0 8270.240435016818
67800.0 7896.800282824304
68200.0 7925.960164593231
68600.0 7767.279629848371
69000.0 7598.439895311579
69400.0 7415.920079759133
69800.0 7261.160254453826
70200.0 7101.480203182442
70600.0 6940.799883875467
71000.0 6777.1196969433895
71400.0 6642.360411089276
71800.0 6498.599797032769
72200.0 6355.840302092822
72600.0 6201.2401661143795
73000.0 6079.400165074096
73400.0 5957.7201120668915
73800.0 5823.960391043492
74200.0 5675.199761014185
74600.0 5370.60007972974
75000.0 5193.8401325101395
75400.0 5299.920444037798
75800.0 5231.0804192586065
76200.0 5130.240134781512
76600.0 5026.479893121054
77000.0 4924.640297988211
77400.0 4820.880000920895
77800.0 4700.040201051623
78200.0 4629.279900635722
78600.0 4548.359827067652
79000.0 4461.5198919935565
79400.0 4373.600321152939
79800.0 4286.839884898995
80200.0 4203.08013779065
80600.0 4122.080224077315
81000.0 4034.3199830787917
81400.0 3924.560115546211
81800.0 3864.640115166675
82200.0 3810.7202892320906
82600.0 3741.960055394216
83000.0 3671.9598674411395
83400.0 3602.120049295964
83800.0 3534.280174000968
84200.0 3469.3600246299525
84600.0 3405.520015768966
85000.0 3342.6798853951523
85400.0 3280.75996608827
85800.0 3219.9198154135997
86200.0 3151.000158690463
86600.0 3047.239881832857
87000.0 3030.23999064192
87400.0 2926.40011216629
87800.0 2874.47998744183
88200.0 2881.560062013249
88600.0 2836.640020461178
89000.0 2787.7200353718154
89400.0 2738.799976412627
89800.0 2690.8800990819855
90200.0 2643.9601031197335
90600.0 2598.040126754648
91000.0 2553.1199682599017
91400.0 2509.2001388748113
91800.0 2466.3599725917275
92200.0 2423.4399791536716
92600.0 2377.519943046567
93000.0 2337.600055965779
93400.0 2294.6799155704275
93800.0 2209.8399433645855
94200.0 2203.8400879671535
94600.0 2183.9199789800728
95000.0 2148.9201569552497
95400.0 2114.0000722560744
95800.0 2083.9999397419574
96200.0 2049.1599823969786
96600.0 2016.160024528
97000.0 1983.2402110237479
97400.0 1951.320052254574
97800.0 1920.3201004494724
98200.0 1886.4000397136242
98600.0 1853.4798663753177
99000.0 1829.5601178029406
99400.0 1800.639958603248
99800.0 1772.6400527292092
100200.0 1744.639979632672
200000.0 111.58400314914788
400000.0 6.9282801629913875
600000.0 1.3555199684107528
800000.0 0.4251319988570913
1000000.0 0.17288800689450842
1200000.0 0.08282119938415503
1400000.0 0.04445999904197746
1600000.0 0.025933600633111287
