wave flux
90.9000015258789 0.0
93.5 0.0
96.0999984741211 0.0
97.69999694824219 0.0
99.5999984741211 0.0
102.0 0.0
103.80000305175781 0.0
105.5999984741211 0.0
107.69999694824219 0.0
110.4000015258789 0.0
114.0 0.0
117.80000305175781 0.0
121.30000305175781 0.0
124.80000305175781 0.0
127.0999984741211 0.0
128.39999389648438 0.0
130.5 0.0
132.39999389648438 0.0
133.89999389648438 0.0
136.60000610351562 0.0
139.8000030517578 0.0
143.3000030517578 0.0
147.1999969482422 0.0
151.0 0.0
155.1999969482422 0.0
158.8000030517578 0.0
162.0 0.0
166.0 0.0
170.3000030517578 0.0
173.39999389648438 0.0
176.8000030517578 0.0
180.1999969482422 0.0
181.6999969482422 0.0
186.10000610351562 0.0
191.0 0.0
193.89999389648438 0.0
198.39999389648438 0.0
201.8000030517578 0.0
205.0 0.0
210.5 0.0
216.1999969482422 0.0
219.8000030517578 0.0
223.0 0.0
226.8000030517578 0.0
230.0 0.0
234.0 0.0
240.0 0.0
246.5 0.0
252.39999389648438 0.0
256.79998779296875 0.0
260.0 0.0
264.0 0.0
268.5 0.0
273.5 0.0
278.5 0.0
284.0 0.0
290.0 0.0
296.0 0.0
301.0 0.0
308.0 0.0
318.0 0.0
328.0 0.0
338.0 0.0
348.0 0.0
357.0 0.0
366.0 0.0
375.0 0.0
385.0 0.0
395.0 0.0
405.0 0.0
414.0 0.0
422.0 0.0
430.0 0.0
441.0 0.0
451.0 0.0
460.0 0.0
470.0 0.0
480.0 0.0
490.0 0.0
500.0 0.0
506.0 9.972000032535723e-26
512.0 2.6340000234236635e-25
520.0 7.962000082607135e-25
530.0 3.0380000558538318e-24
540.0 1.084400048356675e-23
550.0 3.7280000225293837e-23
560.0 1.2193591968189642e-22
570.0 3.8074159807518927e-22
580.0 1.1274928170414636e-21
590.0 3.2789680396149093e-21
600.0 9.086991874838089e-21
610.0 2.430455829429828e-20
620.0 6.282391993250394e-20
630.0 1.57225600906145e-19
640.0 3.8179518858682033e-19
650.0 9.001688132763248e-19
658.0 1.7522401719604884e-18
665.0 3.0917279028134363e-18
675.0 6.816663857707374e-18
685.0 1.4666800339616397e-17
695.0 3.079975977981174e-17
705.0 6.299919737724662e-17
716.0 1.359440016580571e-16
726.0 2.6699841030623683e-16
735.0 4.815680220162649e-16
745.0 9.110480424785515e-16
755.0 1.6927840162535668e-15
765.0 3.093536126532873e-15
775.0 5.550560386895414e-15
785.0 9.813520013174195e-15
795.0 1.6924561199284432e-14
805.0 2.9132001664070094e-14
815.0 4.937040212099868e-14
825.0 8.229280040574696e-14
835.0 1.3532879615178497e-13
845.0 2.1975200204809406e-13
855.0 3.5241600447166326e-13
865.0 5.582800287808495e-13
875.0 8.725999923491983e-13
885.0 1.3544320851296155e-12
895.0 2.0760800109276668e-12
905.0 3.148000030018615e-12
915.0 1.1038320115827954e-08
925.0 4.046639775329011e-08
935.0 6.193359806126547e-08
945.0 9.394080272674072e-08
955.0 1.4609918855321607e-07
965.0 2.1756241759926501e-07
975.0 3.210400152792995e-07
985.0 4.700480519179963e-07
995.0 6.823839613080138e-07
1005.0 1.0001520133272561e-06
1015.0 1.429576065355596e-06
1025.0 1.930176026774521e-06
1035.0 2.8607199677043482e-06
1045.0 4.002720254237816e-06
1055.0 5.564400475865615e-06
1065.0 7.5585597440219115e-06
1075.0 1.0375200355008698e-05
1085.0 1.4378881356471712e-05
1095.0 1.9166799139385887e-05
1105.0 4.562160013884413e-05
1115.0 0.00016663200749118112
1125.0 0.00026455999425148365
1135.0 0.0003973520150472969
1145.0 0.0005517920030567633
1155.0 0.0006301839644679052
1165.0 0.0009278800111811071
1175.0 0.0011249600549738665
1185.0 0.0012609600183985583
1195.0 0.0006256000128994124
1205.0 0.000627575997054095
1215.0 0.0003510640055441556
1225.0 0.0009122000274123884
1235.0 0.0021138000652426324
1245.0 0.004744639967022551
1255.0 0.007544400027296837
1265.0 0.007920080127713577
1275.0 0.011712560736060279
1285.0 0.01492600019459701
1295.0 0.01955160069528879
1305.0 0.017855200136649377
1315.0 0.026218400679407703
1325.0 0.02882159882234107
1335.0 0.03490319680202472
1345.0 0.03977200056927793
1355.0 0.04750239981357907
1365.0 0.05178879774543555
1375.0 0.05924400038927524
1385.0 0.06835760218369093
1395.0 0.07864400330723749
1405.0 0.09570479735987794
1415.0 0.10862320397779006
1425.0 0.12186559792129423
1435.0 0.14390800218346345
1442.0 0.1821759990835481
1447.0 0.1694000129786885
1455.0 0.19983199394525744
1465.0 0.2430639932710324
1475.0 0.24725599155887368
1485.0 0.2961600015766867
1495.0 0.39008000690812916
1505.0 0.478823986688177
1512.0 0.3892880046678027
1517.0 0.5175840278295538
1525.0 0.6924320325385758
1535.0 2.7003199855840765
1545.0 3.308880179120243
1555.0 5.293199890232017
1565.0 4.90680025748278
1575.0 9.74480031572393
1585.0 12.712000164873409
1595.0 15.34719980034948
1605.0 16.378001462240494
1615.0 18.00560131818858
1625.0 21.17319962400241
1635.0 23.666000740000843
1645.0 35.628001107393416
1655.0 16.639200063898638
1665.0 39.45599993259657
1672.0 22.357200307991118
1677.0 49.220001521324015
1685.0 104.45599905905664
1695.0 184.20000737621663
1705.0 199.0800000166858
1715.0 217.58001057632353
1725.0 279.9200030966059
1735.0 356.32000755014786
1745.0 458.3200038221451
1755.0 666.0400413087831
1765.0 679.7200288839487
1775.0 683.360002104606
1785.0 859.8000350062357
1795.0 1135.3600180772062
1805.0 996.720031955923
1815.0 1054.4799994085713
1825.0 1214.6000077130702
1835.0 1572.1999985841144
1845.0 1228.2800461631919
1855.0 1769.000066295792
1865.0 2087.2000374525664
1875.0 2334.2001241506837
1885.0 2621.199988451947
1895.0 3317.8000634325376
1905.0 3140.6001296576646
1915.0 3566.200058099601
1925.0 3699.1999674198246
1935.0 2624.799956743063
1945.0 5164.400114588496
1955.0 5368.400069733613
1967.0 6994.00015306884
1976.0 6722.800032841885
1984.0 7246.399967788418
1995.0 7818.400101777371
2005.0 8279.200241073706
2015.0 8524.80048026248
2025.0 7462.000119768523
2035.0 10226.00029792599
2045.0 11853.200152012518
2055.0 11131.600438523112
2065.0 10810.800735155944
2074.0 13652.800231498539
2078.0 17240.000133180016
2085.0 19060.0006826404
2095.0 27338.000188391718
2105.0 38050.00180334902
2115.0 39593.99946089488
2125.0 31238.00030972849
2135.0 29712.00040889946
2145.0 45020.00029424194
2155.0 50483.99997750495
2165.0 41344.00217640654
2175.0 46680.00048855106
2185.0 59620.00180335825
2195.0 67503.99989672353
2205.0 60979.99791563301
2215.0 39778.00192471358
2225.0 49204.00118129628
2235.0 82447.99680458137
2245.0 73368.00285582348
2255.0 47661.999207102635
2265.0 39424.000229535035
2275.0 67571.99897566426
2285.0 79547.99671812174
2295.0 74556.00027139363
2305.0 90600.00269012587
2315.0 69452.00332835398
2325.0 60103.99852164708
2335.0 29828.001026830385
2345.0 20886.000709504486
2355.0 45104.002755184265
2365.0 23098.000287577535
2375.0 33372.00074024041
2385.0 16594.000525999727
2395.0 24031.999973565104
2405.0 23818.00029326123
2415.0 38533.99997921545
2425.0 94800.00098676719
2435.0 108940.00245113175
2445.0 135859.99538884737
2455.0 144940.00187514882
2465.0 118468.00524704732
2475.0 104892.00352975458
2485.0 62632.00531529274
2495.0 92036.00099926257
2505.0 144819.9976568043
2513.0 72204.00321864872
2518.0 54976.00118500316
2525.0 52691.99929004897
2535.0 80671.9988606543
2545.0 110192.00494196793
2555.0 229160.0049254939
2565.0 114828.00529849555
2575.0 154080.00469656117
2585.0 95903.99978402987
2595.0 76104.00299885853
2605.0 57954.00149585605
2615.0 55186.001639370996
2625.0 77668.00034974692
2635.0 196359.99453330753
2645.0 448400.00498646806
2655.0 641639.9877821789
2665.0 362680.0043023226
2675.0 425160.01991128706
2685.0 502780.0000671179
2695.0 385759.99378205894
2705.0 497239.9875169335
2715.0 272460.0068164791
2725.0 228360.00262429976
2735.0 248880.0156794682
2745.0 105831.99964424635
2755.0 150540.00859419748
2765.0 209880.01227318938
2775.0 221420.00359453078
2785.0 133760.0047163156
2795.0 38696.00039626031
2805.0 51823.99829311166
2815.0 190019.99706942632
2825.0 334760.0008173976
2835.0 408879.9946941649
2845.0 389500.00499915984
2855.0 218979.99627696408
2865.0 509979.9919107479
2875.0 693520.0082883029
2885.0 666240.017596323
2895.0 749800.0229191134
2910.0 1051840.0666238412
2930.0 950280.0107476563
2950.0 897480.0067013107
2970.0 1116040.0872881566
2990.0 1110440.0124485195
3010.0 1229400.067539228
3030.0 1281199.9907149856
3050.0 1358199.9943710812
3070.0 1241399.9684048016
3090.0 1427200.0399246493
3110.0 1467599.9932700368
3130.0 1394600.0584259997
3150.0 1413800.0334122255
3170.0 1481400.0233242868
3190.0 1319199.9474381765
3210.0 1553200.070447603
3230.0 1138199.9866310554
3250.0 1656800.000697964
3270.0 1995400.0365649066
3290.0 1917800.029075543
3310.0 1932400.0478338294
3330.0 1888000.1113122706
3350.0 1803799.9957766025
3370.0 1581400.004346267
3390.0 1791000.0668882052
3410.0 1993999.97452884
3430.0 2093599.9082408368
3450.0 2259599.959224335
3470.0 2209399.9994482608
3490.0 2289200.0091766417
3510.0 2455399.9709374774
3530.0 2322399.9946550513
3550.0 2665200.128929676
3570.0 2103400.093989075
3590.0 2166600.0374516062
3610.0 2343800.108091961
3630.0 2485199.9896494006
3640.0 2467400.0226921993
3650.0 2716199.8984563653
3670.0 2758600.0288121635
3690.0 2880800.023043114
3710.0 3396600.0888413424
3730.0 3296999.9385015825
3750.0 3708400.2094368734
3770.0 3938800.061175582
3790.0 4188400.255614373
3810.0 4350199.978645045
3830.0 3200400.0429662648
3850.0 3521800.1402129517
3870.0 3516400.1166555127
3890.0 3898999.9078061823
3910.0 3956600.109717156
3930.0 1332399.9773972444
3950.0 2621600.0518419705
3970.0 1568999.9383622562
3990.0 4659200.246991232
4010.0 5603200.1866652435
4030.0 5734600.212297556
4050.0 5596000.1064907955
4070.0 5496400.07061876
4090.0 6324399.981519218
4110.0 6156599.962339507
4130.0 6119599.731405265
4150.0 6377600.260358467
4170.0 6108400.416334136
4190.0 6078000.121019762
4210.0 6180799.919085247
4230.0 6108000.030077197
4250.0 6249200.065821048
4270.0 6023000.392436724
4290.0 5513799.895887423
4310.0 4582200.0242425185
4330.0 6428400.393930767
4350.0 6131999.924069077
4370.0 6827000.427981095
4390.0 6340200.395933104
4410.0 6626800.185122772
4430.0 6800200.081068522
4450.0 6869800.282512396
4470.0 7241800.001343863
4490.0 7327599.96208871
4510.0 8114800.171960185
4530.0 7294400.150043053
4550.0 7382599.874276465
4570.0 7954599.7306764815
4590.0 7470199.993243075
4610.0 7855800.102504502
4630.0 7665800.229782101
4650.0 7835400.193962176
4670.0 7966600.5152008645
4690.0 7787000.242652789
4710.0 7496400.144935196
4730.0 7921399.97231116
4750.0 8150400.106382801
4770.0 8146800.454696863
4790.0 8140400.342364107
4810.0 7977799.967732545
4830.0 8144200.493720738
4850.0 7587800.241305382
4870.0 6768200.358640941
4890.0 7864200.357200106
4910.0 7820000.36523471
4930.0 7635999.7401815
4950.0 8076000.276428015
4970.0 8023800.086064963
4990.0 7396600.1225014785
5010.0 7065600.283407297
5030.0 7510800.263847561
5050.0 7626600.014152424
5070.0 7895600.405126773
5090.0 7576800.285239359
5110.0 7677599.867935592
5130.0 7338600.3208919605
5150.0 7227600.077853171
5170.0 7141600.293823282
5190.0 7104600.239844801
5210.0 7305600.331555193
5230.0 7374000.090986845
5250.0 7470599.830372062
5270.0 6780000.410337843
5290.0 7467999.704209675
5310.0 7589400.02809884
5330.0 7069000.499606289
5350.0 7566000.039551544
5370.0 7657600.041818634
5390.0 7461000.315945592
5410.0 7259800.104115629
5430.0 7378800.100332422
5450.0 7706200.187387877
5470.0 7453600.193900719
5490.0 7352000.279937705
5510.0 7337200.10452295
5530.0 7456199.6863699835
5550.0 7531000.143191053
5570.0 7423600.273398448
5590.0 7253199.9507746305
5610.0 7492399.963026249
5630.0 7437400.137507479
5650.0 7377400.220464298
5670.0 7173399.745410239
5690.0 7341999.838490821
5710.0 7165400.339480986
5730.0 7651600.264959386
5750.0 7376000.52402627
5770.0 7472599.681272736
5790.0 7214000.1285545835
5810.0 7378000.201120788
5830.0 7495000.515067765
5850.0 7341200.18242569
5870.0 7365200.4561996
5890.0 7045000.157635301
5910.0 7271400.182551288
5930.0 7238799.820261695
5950.0 7237400.33152394
5970.0 7284599.800166758
5990.0 7164200.157399557
6010.0 7041600.345331999
6030.0 7097400.024861975
6050.0 7174600.208348703
6070.0 7181799.828778558
6090.0 6938200.013463403
6110.0 6855000.062208724
6130.0 6663000.352434657
6150.0 6690200.133583053
6170.0 6549200.193601479
6190.0 6862399.699673696
6210.0 6879999.87080359
6230.0 6645600.092739983
6250.0 6367600.475295463
6270.0 6727200.288447078
6290.0 6745200.258870286
6310.0 6497600.232324468
6330.0 6569600.017150269
6350.0 6574600.3131694645
6370.0 6516200.363297958
6390.0 6577799.844747895
6410.0 6437000.456439106
6430.0 6487400.1093220655
6450.0 6417799.977391256
6470.0 6431799.830739915
6490.0 6282600.163925024
6510.0 6416000.133506253
6530.0 6426399.93020058
6550.0 6266799.822740855
6570.0 5573600.058328015
6590.0 6282800.232267887
6610.0 6298599.726852198
6630.0 6302399.8817633325
6650.0 6264200.191003316
6670.0 6192599.857286642
6690.0 6277999.964438464
6710.0 6141000.025860856
6730.0 6211799.831086807
6750.0 6090400.205448298
6770.0 6125600.162035137
6790.0 6057400.215395353
6810.0 6048600.361629785
6830.0 6049200.134579662
6850.0 5927000.203767248
6870.0 5987600.078138151
6890.0 5993800.087453055
6910.0 5939200.219751652
6930.0 5907600.069679232
6950.0 5868599.916536009
6970.0 5871200.153678493
6990.0 5837399.978236954
7010.0 5641000.154674335
7030.0 5735000.444968819
7050.0 5761000.073113804
7070.0 5695800.341501432
7090.0 5676400.275546233
7110.0 5619399.975430809
7130.0 5579400.117711114
7150.0 5561600.07665463
7170.0 5529999.973234984
7190.0 5363200.16154029
7210.0 5464600.044445708
7230.0 5437400.072734215
7250.0 5468800.031867393
7270.0 5450600.0957353525
7290.0 5295399.893325792
7310.0 5341199.851373803
7330.0 5352600.353397495
7350.0 5339000.126521233
7370.0 5362800.305632353
7390.0 5223800.053789026
7410.0 5147000.140480164
7430.0 5168599.931954306
7450.0 5184599.889493756
7470.0 5205399.956991476
7490.0 5158400.152909422
7510.0 5165399.852209737
7530.0 5155800.219251814
7550.0 5180000.236993777
7570.0 5110000.3749066405
7590.0 5102600.081927838
7610.0 5076200.232241746
7630.0 5084800.087278333
7650.0 5044400.2428064225
7670.0 4923200.065504455
7690.0 5000400.040163661
7710.0 4920000.092220436
7730.0 4918800.0511045875
7750.0 4875400.14019248
7770.0 4885199.727573238
7790.0 4921800.253597444
7810.0 4888999.89442064
7830.0 4829400.14507415
7850.0 4791800.062667693
7870.0 4826999.939536312
7890.0 4778400.166122008
7910.0 4702400.132438066
7930.0 4642600.113197814
7950.0 4631999.991008214
7970.0 4707000.188580809
7990.0 4687400.146178818
8010.0 4635800.123055779
8030.0 4604800.045219084
8050.0 4578999.896660874
8070.0 4583599.8059367
8090.0 4503200.201978849
8110.0 4548400.052631138
8130.0 4552400.14604458
8150.0 4514399.986953527
8170.0 4499800.026969207
8190.0 4371000.105813012
8210.0 4365199.973088648
8230.0 4363800.005917452
8250.0 4360399.91149265
8270.0 4411799.999140735
8290.0 4379800.143644946
8310.0 4286800.11690846
8330.0 4251000.102403163
8350.0 4281199.972608228
8370.0 4270600.009789026
8390.0 4201800.137240715
8410.0 4240199.945516411
8430.0 4165999.9939036095
8450.0 4160000.0502722547
8470.0 4122200.066291947
8490.0 4030000.0153659903
8510.0 3754799.9522911245
8530.0 3910400.117792705
8550.0 3051999.909173581
8570.0 4130600.0905001923
8590.0 4049000.192875402
8610.0 4003000.0338671845
8630.0 4104999.8765953393
8650.0 3958400.106351898
8670.0 3108600.0832744143
8690.0 3923400.0847079074
8710.0 4028200.007975857
8730.0 4015600.0329058724
8750.0 3831200.152497869
8770.0 4012199.9993413067
8790.0 3979400.214474876
8810.0 3913400.0181416525
8830.0 3923999.9324156195
8850.0 3899799.9895524536
8870.0 3724000.150627973
8890.0 3899600.165895551
8910.0 3913600.0246172654
8930.0 3829600.0823956714
8950.0 3837400.051341313
8970.0 3829800.185961641
8990.0 3821600.023459911
9010.0 3593000.027043737
9030.0 3739200.003293293
9050.0 3820000.1732703615
9070.0 3713999.9739873125
9090.0 3606800.0469659087
9110.0 3655000.022575342
9130.0 3730800.004994637
9150.0 3686400.078415484
9170.0 3651400.1812765547
9190.0 3658200.1457360345
9210.0 3548800.0159324077
9230.0 3402199.900381531
9250.0 3488400.117496332
9270.0 3543400.108566602
9290.0 3560599.853423483
9310.0 3570400.014893674
9330.0 3546200.101105789
9350.0 3530200.1287252754
9370.0 3509800.132444353
9390.0 3492600.109216051
9410.0 3345800.1201041257
9430.0 3428800.135235003
9450.0 3390000.170740882
9470.0 3443599.9513530782
9490.0 3444400.037927438
9510.0 3415999.941530372
9530.0 3380600.12017134
9550.0 3225800.002914383
9570.0 3342000.142753128
9590.0 3371200.032449561
9610.0 3320999.9660637076
9630.0 3281400.087041506
9650.0 3277800.0187530904
9670.0 3239800.156151782
9690.0 3258000.155425962
9710.0 3277000.0266303625
9730.0 3264799.99033517
9750.0 3203199.992398485
9770.0 3229000.191765514
9790.0 3194799.9921587943
9810.0 3222799.978091332
9830.0 3204200.0701960875
9850.0 3183800.030983769
9870.0 3163800.111686723
9890.0 3146200.0712178443
9910.0 3127400.1341787176
9930.0 3147800.051318365
9950.0 3132400.0319245374
9970.0 3125800.1482633725
9990.0 3114400.1601333516
10025.0 3064399.9207449574
10075.0 2998000.1291464674
10125.0 3009400.0782581917
10175.0 2965600.0137871746
10225.0 2953399.950894822
10275.0 2945200.1629275745
10325.0 2879600.1281951135
10375.0 2860800.012478798
10425.0 2847400.0691919588
10475.0 2777200.052715623
10525.0 2777000.0873624017
10575.0 2750400.127972581
10625.0 2719400.1552034193
10675.0 2646000.012376303
10725.0 2646999.962107652
10775.0 2618200.065555872
10825.0 2573399.954067353
10875.0 2555799.9808680243
10925.0 2485000.1515151877
10975.0 2468000.1422033724
11025.0 2476800.0680485726
11075.0 2467399.9203595
11125.0 2432400.080726156
11175.0 2412200.1083210143
11225.0 2404800.1272583217
11275.0 2343800.018376949
11325.0 2333199.9482491002
11375.0 2317400.1902634497
11425.0 2277800.0088229105
11475.0 2305200.1606979794
11525.0 2285400.0279026106
11575.0 2248399.9231680366
11625.0 2199200.0259532686
11675.0 2180599.940556269
11725.0 2208199.9512862717
11775.0 2143199.9519421645
11825.0 2136000.060273391
11875.0 2096999.9290288384
11925.0 2135400.052548959
11975.0 2061600.0602194478
12025.0 2076799.9685581308
12075.0 2047999.9941425528
12125.0 2034400.008379409
12175.0 2034600.1506637814
12225.0 2013800.0936930324
12275.0 1991999.9591297691
12325.0 1975400.0998873718
12375.0 1958000.0003515119
12425.0 1940800.0173307229
12475.0 1929600.0023929803
12525.0 1901000.1040165853
12575.0 1880799.9709510393
12625.0 1870599.9911775286
12675.0 1852599.920688909
12725.0 1847999.9900284812
12775.0 1833600.023575283
12825.0 1723799.9913198587
12875.0 1792000.0668657583
12925.0 1769999.9966209803
12975.0 1766799.974328259
13025.0 1744800.0526740414
13075.0 1739200.1051767266
13125.0 1711799.9862586828
13175.0 1692999.9562437013
13225.0 1692799.9939449888
13275.0 1662600.0625529112
13325.0 1660599.9599535146
13375.0 1644400.0328561869
13425.0 1638599.9678682068
13475.0 1624199.9815910773
13525.0 1608400.038124012
13575.0 1579400.0081614808
13625.0 1574400.0620758529
13675.0 1561400.0364927829
13725.0 1537200.0393423268
13775.0 1533400.0426010345
13825.0 1524800.0380714298
13875.0 1518000.0190853989
13925.0 1501800.073030517
13975.0 1491800.0166649285
14025.0 1470600.0069164904
14075.0 1466600.0875932998
14125.0 1439999.9958252066
14175.0 1439200.0110980205
14225.0 1411200.0175950911
14275.0 1391999.9760261725
14325.0 1400199.9836192774
14375.0 1398800.016134925
14425.0 1338800.026633606
14475.0 1370800.0315447268
14525.0 1335200.0236535594
14570.0 1343400.0143773227
14620.0 1325999.9770482832
14675.0 1322800.0682835975
14725.0 1295600.0066901357
14775.0 1287799.945216229
14825.0 1281600.0493785453
14875.0 1264000.0307700972
14925.0 1278800.0124865568
14975.0 1256600.0916665897
15025.0 1240000.0095107253
15075.0 1220799.979301917
15125.0 1226599.9605396998
15175.0 1223200.002454613
15225.0 1207200.0289735973
15275.0 1199999.9514413818
15325.0 1186000.0039202834
15375.0 1188200.0973030592
15425.0 1156600.039233405
15475.0 1167600.0230032275
15525.0 1158000.0248774043
15575.0 1119199.9608758355
15625.0 1157199.9894354185
15675.0 1120999.984074134
15725.0 1095800.054169403
15775.0 1101200.0255166455
15825.0 1106200.069630828
15875.0 1025600.037221552
15925.0 1083600.0292950242
15975.0 1090400.0277089973
16050.0 1069800.0171207872
16150.0 1026400.0049742731
16250.0 1045399.9623445063
16350.0 1016400.0739860648
16450.0 969520.0180964107
16550.0 986040.0279832783
16650.0 969240.0282191037
16750.0 940580.0190141262
16850.0 895600.0624864781
16950.0 917060.026793671
17050.0 885840.0197192486
17150.0 876440.0265480323
17250.0 848260.0121183018
17350.0 800820.024598141
17450.0 813400.0256167713
17550.0 802800.0288011311
17650.0 786440.0130871248
17750.0 771100.0086930984
17850.0 758020.0052815562
17950.0 747340.0215178775
18050.0 727580.0387594904
18150.0 692579.9840759059
18250.0 696500.0129986753
18350.0 688260.0321285835
18450.0 671719.9822844801
18550.0 660699.9830183542
18650.0 644700.0282555223
18750.0 608459.9974225522
18850.0 622199.9987607547
18950.0 598420.0515060038
19050.0 603839.9990671693
19150.0 590679.9986285539
19250.0 580700.0022026277
19350.0 565680.0254856087
19450.0 536999.9799310297
19550.0 548460.0059263747
19650.0 537960.0155204791
19750.0 526060.0004172354
19850.0 519140.00526046194
19950.0 509760.0240624004
20050.0 503260.0031170552
20150.0 496420.02184951695
20250.0 483480.0046719952
20350.0 472319.9953523572
20450.0 470400.0136196583
20550.0 460759.9847797229
20650.0 450900.0358970538
20750.0 443779.99947055447
20850.0 436260.0144186602
20950.0 427199.9889194351
21050.0 422419.98780487815
21150.0 413720.0021530679
21250.0 406700.01232980617
21350.0 400860.00724064116
21450.0 395239.984957506
21550.0 388580.0137556139
21650.0 368379.99336440844
21750.0 372999.99232291087
21850.0 367939.995729145
21950.0 363860.00775763683
22050.0 354919.9940882964
22150.0 350559.99263480987
22250.0 345320.01151430927
22350.0 339660.0129834653
22450.0 334400.02531391877
22550.0 326580.01665259496
22650.0 322120.0213078779
22750.0 318680.0139609235
22850.0 312300.0246442903
22950.0 301940.0063692186
23050.0 301620.0042640067
23150.0 296820.00782332354
23250.0 285919.99276552326
23350.0 285400.011386091
23450.0 283400.00231004704
23550.0 271479.99849179597
23650.0 272740.01591890276
23750.0 269040.0113310769
23850.0 258820.01566657206
23950.0 259520.00476541874
24050.0 256280.01136678536
24150.0 248260.00122199577
24250.0 247380.02061406444
24350.0 243560.00425399936
24450.0 238480.02210739392
24550.0 234800.0097917096
24650.0 234300.0013979435
24750.0 229240.01504596602
24850.0 224860.00517850244
24950.0 221620.01201601388
25050.0 221679.99553455567
25150.0 216360.0124976405
25250.0 212760.01609834709
25350.0 212160.0120415159
25450.0 208320.00454212274
25550.0 205119.99725248033
25650.0 199280.00416197447
25750.0 201019.99611417745
25850.0 195580.00465257317
25950.0 195059.99363680393
26050.0 192620.0092485107
26150.0 186259.99915403852
26250.0 181480.00746082823
26350.0 184240.00292506718
26450.0 181619.99923718694
26550.0 179100.0030032295
26650.0 175460.01374803713
26750.0 171580.00853903766
26850.0 173120.00240714708
26950.0 170660.01084619664
27050.0 168279.99313476073
27150.0 166160.0006712445
27250.0 164019.99498197163
27350.0 161720.004361865
27450.0 160039.9972851193
27550.0 154220.00447294113
27650.0 154659.9980585647
27750.0 153200.00521085094
27850.0 151359.9945662123
27950.0 149720.01060059978
28050.0 147620.00785152955
28150.0 145780.0010004616
28250.0 143779.9958865107
28350.0 142219.99751890328
28450.0 139820.00341697558
28550.0 138300.0038175056
28650.0 136259.99538106922
28750.0 131480.0008436807
28850.0 132840.00364655416
28950.0 131319.99485057427
29050.0 129699.99740144887
29150.0 127880.00406553085
29250.0 125980.00155711951
29350.0 124760.00436918317
29450.0 122940.0038895718
29550.0 121620.00014750997
29650.0 120200.00062489102
29750.0 118600.00233824411
29850.0 117260.00518646001
29950.0 115459.9993030883
30050.0 114060.00542492892
30150.0 112820.00520749048
30250.0 111420.00247107638
30350.0 107799.99822626135
30450.0 108160.00874211667
30550.0 107279.99751772177
30650.0 105860.00183357866
30750.0 104840.00732113674
30850.0 103060.00230226992
30950.0 102020.00106009825
31050.0 100920.00434580237
31150.0 99032.00459693754
31250.0 98416.0007004488
31350.0 97212.00146580389
31450.0 96169.99781478486
31550.0 94882.00162960104
31650.0 93895.99934888237
31750.0 92715.99387009979
31850.0 91698.0061339947
31950.0 90740.00360833928
32100.0 89016.00171518976
32300.0 87003.99935548383
32500.0 84962.00586253587
32700.0 82982.00414064128
32900.0 79944.00180961438
33100.0 78971.99737769733
33300.0 77140.00086201174
33500.0 75616.00531900513
33700.0 73784.0003950769
33900.0 72057.9987046482
34100.0 70459.9993521103
34300.0 69141.99786045261
34500.0 67776.00012411363
34700.0 66248.00225707772
34900.0 64884.000717301904
35100.0 63491.999130384545
35300.0 62018.002756293165
35500.0 60797.999291750224
35700.0 59402.00219862371
35900.0 58188.001061958086
36100.0 57052.000741996766
36300.0 55942.00106403398
36500.0 54498.001156662984
36700.0 53458.00051381812
36900.0 51988.00161079908
37100.0 51034.00063816549
37300.0 49986.00214324195
37500.0 48314.001271743284
37700.0 48161.998948728164
37900.0 47213.99953684215
38100.0 46200.002507608515
38300.0 45458.003638482754
38500.0 44654.0005739425
38700.0 43664.00105294697
38900.0 42800.00195383227
39100.0 41868.00062020905
39300.0 41271.999976584404
39500.0 40350.00051686529
39700.0 39670.00106343706
39900.0 38650.00235113786
40100.0 37982.000909307564
40300.0 37283.99980136647
40500.0 36369.99834809816
40700.0 36025.99887831326
40900.0 35348.00078816105
41100.0 34784.00086457653
41300.0 34166.000494543834
41500.0 33452.00173064407
41700.0 32666.002097628665
41900.0 32267.9997020781
42100.0 31576.00053718403
42300.0 31198.00042830725
42500.0 30555.998788348592
42700.0 30062.000999817476
42900.0 28928.001507797362
43100.0 28083.999720251526
43300.0 27888.001126901672
43500.0 26790.00023878627
43700.0 26145.999911332863
43900.0 26006.000244180297
44100.0 24813.998688371317
44300.0 24722.00054846536
44500.0 24369.9994052688
44700.0 23353.99962777667
44900.0 23360.000424564638
45100.0 22938.000645270993
45300.0 22116.00011510093
45500.0 22021.999792728013
45700.0 21776.000635229273
45900.0 20976.00042196694
46100.0 20930.000717061514
46300.0 20540.00095988771
46500.0 20132.00100092928
46700.0 19910.00024574002
46900.0 19675.999918645593
47100.0 19330.000118088374
47300.0 19215.999374011204
47500.0 18827.999442227952
47700.0 18514.000946563916
47900.0 18276.000222527076
48100.0 17888.001148142583
48300.0 17821.9998308972
48500.0 17484.000250129156
48700.0 17184.0004012392
48900.0 16962.000299687916
49100.0 16693.999949490368
49300.0 16456.000456915244
49500.0 16191.999929066506
49700.0 15964.000037780892
49900.0 15756.000891621246
50100.0 15445.999477080604
50300.0 15320.000808980702
50500.0 15003.999410388426
50700.0 14825.999701195333
50900.0 14639.999654901745
51100.0 14389.999473451539
51300.0 14144.000255605855
51500.0 14000.00019105331
51700.0 13885.999883394103
51900.0 13610.000683443339
52100.0 13397.999751507341
52300.0 13206.000177856155
52500.0 13075.99987913746
52700.0 12917.999901293137
52900.0 12654.000580285187
53100.0 12520.00104039557
53300.0 12335.999726249136
53500.0 12184.000089422381
53700.0 12008.00014123892
53900.0 11864.000689446586
54100.0 11703.999946355254
54300.0 11483.999972437052
54500.0 11387.999980738434
54700.0 11216.00064609399
54900.0 11053.999756285612
55100.0 10932.000422721336
55300.0 10810.000269614258
55500.0 10607.999873461087
55700.0 10548.000159743578
55900.0 10350.000446678274
56100.0 10228.000352809775
56300.0 10074.800030046716
56500.0 9993.600149577436
56700.0 9860.00047106318
56900.0 9686.40011854399
57100.0 9580.400238532618
57300.0 9479.600578986769
57500.0 9352.000523497414
57700.0 9225.39993592036
57900.0 9125.400329746564
58100.0 8989.00015027593
58300.0 8882.400527180356
58500.0 8783.79983334474
58700.0 8648.400352950084
58900.0 8535.600078324574
59100.0 8407.80063184839
59300.0 8335.199850217166
59500.0 8173.000019713907
59700.0 8137.60009701212
59900.0 8035.000189617332
60100.0 7936.000310720911
60300.0 7838.199905635533
60500.0 7733.199881091563
60700.0 7632.400118722074
60900.0 7539.800044878686
61100.0 7430.400163504385
61300.0 7360.200057105928
61500.0 7274.000121776256
61700.0 7187.2003694513905
61900.0 7103.4000686456275
62100.0 7018.200429105132
62300.0 6915.2001518441475
62500.0 6835.400049283803
62700.0 6755.800284666012
62900.0 6650.400157139206
63100.0 6583.200096687625
63300.0 6525.800322126547
63500.0 6438.999942512833
63700.0 6371.599956971377
63900.0 6284.000215779427
64200.0 6179.9999225836555
64600.0 6028.600052665589
65000.0 5884.800537965861
65400.0 5754.200334071742
65800.0 5623.399908883008
66200.0 5489.200212081997
66600.0 5366.800186241074
67000.0 5242.3998718555185
67400.0 5118.400012641129
67800.0 4995.000022767042
68200.0 4892.799922300523
68600.0 4783.800166866205
69000.0 4674.799911776954
69400.0 4568.800078730275
69800.0 4471.800062724488
70200.0 4369.799934583472
70600.0 4276.80017796515
71000.0 4184.0000440742315
71400.0 4094.1998110036957
71800.0 4004.400076873208
72200.0 3916.599859284723
72600.0 3832.7999528076866
73000.0 3755.1998733888618
73400.0 3673.400250376137
73800.0 3598.600186975019
74200.0 3519.399957361394
74600.0 3432.800120354768
75000.0 3358.0001234526576
75400.0 3306.399978552041
75800.0 3240.600019480195
76200.0 3174.000144676817
76600.0 3110.3999406844687
77000.0 3046.0001802767993
77400.0 2986.1999228703185
77800.0 2925.399989768198
78200.0 2869.200125094849
78600.0 2812.600111694999
79000.0 2756.399925279777
79400.0 2702.6001821575146
79800.0 2650.1998696238375
80200.0 2596.8001307580334
80600.0 2546.4000567197204
81000.0 2498.9999214387453
81400.0 2446.400000878277
81800.0 2403.20013170768
82200.0 2358.79995203733
82600.0 2314.2000810050454
83000.0 2270.9999479538437
83400.0 2226.6002048582836
83800.0 2185.2000290952114
84200.0 2145.80017802929
84600.0 2106.600045949364
85000.0 2068.20006790493
85400.0 2030.0000605258879
85800.0 1993.4000164432462
86200.0 1957.2000738964912
86600.0 1919.6001107156949
87000.0 1887.59996774691
87400.0 1852.0000099270203
87800.0 1818.799967194499
88200.0 1787.8000564859537
88600.0 1756.4000555652171
89000.0 1725.2000266507594
89400.0 1695.800044462639
89800.0 1664.79999761575
90200.0 1637.3999906880854
90600.0 1610.0000248236872
91000.0 1580.000006860997
91400.0 1553.8000138240775
91800.0 1528.3999238440872
92200.0 1502.1999844365669
92600.0 1476.9999997732707
93000.0 1452.6000078792924
93400.0 1427.600010285318
93800.0 1402.0000652140345
94200.0 1381.000061908344
94600.0 1357.8000162529743
95000.0 1335.6000310788124
95400.0 1313.3999878967406
95800.0 1292.4000737036865
96200.0 1271.1999950210748
96600.0 1250.0000350656912
97000.0 1230.8000403379656
97400.0 1209.6000498980648
97800.0 1190.4000224470994
98200.0 1172.2000205925622
98600.0 1153.1999846614124
99000.0 1134.9999902802197
99400.0 1116.8000206776298
99800.0 1099.5999862320994
100200.0 1082.5999893361623
200000.0 69.94400322352875
400000.0 4.375200157664764
600000.0 0.8583800053918041
800000.0 0.2697600050980699
1000000.0 0.10980000566838585
1200000.0 0.0526679999066019
1400000.0 0.02828799985333566
1600000.0 0.016510000398496857
