wave flux
90.9000015258789 7.003000548017407e-22
93.5 5.4890002564803795e-21
96.0999984741211 3.6960001363017796e-20
97.69999694824219 1.1400000135740407e-19
99.5999984741211 4.157999743557485e-19
102.0 2.0010000388464388e-18
103.80000305175781 6.227000258109841e-18
105.5999984741211 1.8699999910484416e-17
107.69999694824219 6.460999886821124e-17
110.4000015258789 2.981000120853296e-16
114.0 2.0589999832289794e-15
117.80000305175781 1.4059999677312345e-14
121.30000305175781 7.450000285267639e-14
124.80000305175781 3.6090000570765064e-13
127.0999984741211 9.726000217263085e-13
128.39999389648438 1.677999917053551e-12
130.5 3.9569998677604605e-12
132.39999389648438 8.413000535832033e-12
133.89999389648438 1.5030000003025412e-11
136.60000610351562 4.150000359131955e-11
139.8000030517578 1.3159999802100822e-10
143.3000030517578 4.3930000173934806e-10
147.1999969482422 1.576000006111653e-09
151.0 5.147000611334886e-09
155.1999969482422 1.783000102980254e-08
158.8000030517578 4.9210002340990235e-08
162.0 1.1710000625769489e-07
166.0 3.311000312427667e-07
170.3000030517578 9.58300003802964e-07
173.39999389648438 2.00299996279803e-06
176.8000030517578 4.3660003692612006e-06
180.1999969482422 9.246000128328816e-06
181.6999969482422 1.2779999721145315e-05
186.10000610351562 3.19999998869613e-05
191.0 8.489000269202035e-05
193.89999389648438 0.00014790000788013723
198.39999389648438 0.00033939999732687483
201.8000030517578 0.0006208000127391235
205.0 0.0010770000525744717
210.5 0.0026750002230101345
216.1999969482422 0.006539000082518706
219.8000030517578 0.011269999349751873
223.0 0.017990001017483635
226.8000030517578 0.031109999364254837
230.0 13.140001325994337
234.0 28.880001256573482
240.0 52.16999837989496
246.5 100.5000059954347
252.39999389648438 180.29999951012195
256.79998779296875 256.9999916535045
260.0 465.80001367943026
264.0 756.0999825428577
268.5 1170.000010114763
273.5 1730.0000329132747
278.5 2403.000084516813
284.0 5615.000140661325
290.0 8654.000396404948
296.0 12420.000677355665
301.0 17509.999956210333
308.0 45860.00166437898
318.0 105700.00428354956
328.0 167899.99639217684
338.0 312499.99406789616
348.0 515200.03039847827
357.0 1408999.9433342405
366.0 2897000.196148574
375.0 3704999.9952988783
385.0 5684999.867968604
395.0 10340000.142514544
405.0 13400000.001419721
414.0 18359999.67516331
422.0 21599998.44763466
430.0 26740001.126598027
441.0 34870000.14657115
451.0 40930003.10341505
460.0 46319998.357218005
470.0 58229997.89392451
480.0 71140001.56959419
490.0 83210001.08195056
500.0 102200006.51713483
506.0 265500005.55465433
512.0 2031999983.2364092
520.0 1956000063.8388548
530.0 1777999937.360115
540.0 1687000027.458137
550.0 2130000163.259965
560.0 2744000009.9929423
570.0 2949000026.1024694
580.0 2660999971.5817695
590.0 2936000043.0863338
600.0 2371999983.136601
610.0 3046000085.9519453
620.0 3622000237.8908944
630.0 3525000196.0510206
640.0 3346000024.1249385
650.0 2872999780.0752587
658.0 2805000001.3964286
665.0 3496999786.863004
675.0 3943000110.4031696
685.0 3145000007.662634
695.0 4381000545.202823
705.0 3478000133.32396
716.0 4781000311.011368
726.0 4648000204.014499
735.0 4695000016.984271
745.0 4626000025.035429
755.0 4680000010.048993
765.0 4849999703.696399
775.0 5113999866.721961
785.0 5358000431.692801
795.0 5394000009.297995
805.0 5190000048.297441
815.0 5150999948.565372
825.0 5556000120.68799
835.0 4399000155.470028
845.0 5343000010.65094
855.0 5321999604.902342
865.0 5535999942.611021
875.0 5654000435.945282
885.0 5857000092.9798975
895.0 5953999574.739806
905.0 5798000160.260793
915.0 8159000676.139548
925.0 30399999295.431007
935.0 44799999068.02081
945.0 51790003154.23389
955.0 53380000343.16371
965.0 56260006264.47088
975.0 20529999979.99289
985.0 42960000259.9691
995.0 42390000401.448875
1005.0 45869998002.03122
1015.0 48029998170.797615
1025.0 41870001794.96418
1035.0 45299998590.83775
1045.0 53590000945.23543
1055.0 50639997574.85229
1065.0 43909999937.32022
1075.0 46200003461.00511
1085.0 43110001426.37106
1095.0 45620002877.771545
1105.0 43760001987.327
1115.0 42890000050.10239
1125.0 34530001593.77808
1135.0 41600001068.07823
1145.0 39820002263.80087
1155.0 38740002395.5246
1165.0 37730001505.6854
1175.0 23379999405.67019
1185.0 34339998108.38265
1195.0 33800000824.011936
1205.0 31500000657.710484
1215.0 27690002453.80362
1225.0 31939998728.950676
1235.0 34000001047.466568
1245.0 32349999888.2902
1255.0 32509999725.81064
1265.0 33309999120.31334
1275.0 34109998489.713078
1285.0 33979999195.437183
1295.0 30930000390.985477
1305.0 31250000900.75597
1315.0 33209998860.593346
1325.0 31920002453.691853
1335.0 30869999651.68956
1345.0 31019999471.77313
1355.0 30360001218.74905
1365.0 29330001010.757378
1375.0 28470000194.101017
1385.0 27510001604.237583
1395.0 20320000187.584167
1405.0 21629998507.306744
1415.0 25929999280.286926
1425.0 23719998973.02822
1435.0 25059999176.702984
1442.0 25020000649.581505
1447.0 24820001069.09107
1455.0 23729999965.916813
1465.0 22929998874.74668
1475.0 23240000720.488163
1485.0 23119999367.748146
1495.0 22440000376.37169
1505.0 21610000887.088898
1512.0 20739999413.057205
1517.0 21080001509.56398
1525.0 20480000362.438297
1535.0 17809999949.28672
1545.0 15619999150.205309
1555.0 15510000367.48955
1565.0 17400001484.779984
1575.0 18389998690.667892
1585.0 18470000793.211254
1595.0 18250000483.97409
1605.0 17360000427.71402
1615.0 16650000046.884773
1625.0 16960000549.1333
1635.0 17319999844.246113
1645.0 17270000239.783844
1655.0 17220000104.31328
1665.0 17050001394.423351
1672.0 15829999985.608171
1677.0 18269999307.52684
1685.0 17319999468.772778
1695.0 16620000697.588436
1705.0 16450000990.817894
1715.0 15630000271.379606
1725.0 15199999822.927652
1735.0 15680000434.25379
1745.0 15460000520.244001
1755.0 15310000284.748535
1765.0 15169999835.987658
1775.0 14570001245.777052
1785.0 14769999669.378078
1795.0 14539999830.28367
1805.0 14570000237.914148
1815.0 13929999825.59713
1825.0 13910000781.871458
1835.0 13820000450.147085
1845.0 12889999296.562717
1855.0 13150000501.853731
1865.0 13199999768.70139
1875.0 13040000762.513527
1885.0 12179999611.167145
1895.0 11720001229.921288
1905.0 12200000574.2001
1915.0 11819999718.784048
1925.0 11130001103.9879
1935.0 11790000095.146297
1945.0 11980001168.93784
1955.0 10840000803.496538
1967.0 11429999608.628567
1976.0 11790000040.307442
1984.0 11200000260.580101
1995.0 10929999812.960546
2005.0 11139999690.242363
2015.0 11130000282.32419
2025.0 11200000182.294685
2035.0 10580000116.323687
2045.0 10509999657.721699
2055.0 9105000290.9218
2065.0 8918999658.62361
2074.0 9443999497.371313
2078.0 9172000460.542168
2085.0 9761000804.369722
2095.0 9624999640.013115
2105.0 9793000341.551622
2115.0 9861999411.07094
2125.0 9788999661.070423
2135.0 9673000323.398508
2145.0 9402000740.710133
2155.0 9495000076.356762
2165.0 9241000016.216152
2175.0 9243000095.927528
2185.0 9063000395.988432
2195.0 9114000082.004772
2205.0 8985000047.18764
2215.0 8790000411.657684
2225.0 8698999980.472977
2235.0 8545000579.310825
2245.0 8474999660.75688
2255.0 8293999965.877404
2265.0 8268000079.469088
2275.0 8183999569.963267
2285.0 8031000131.625408
2295.0 7174000274.477382
2305.0 7735999892.478901
2315.0 7648999854.631419
2325.0 7595999941.118004
2335.0 7462000100.667129
2345.0 7423000321.590272
2355.0 7301000038.453672
2365.0 7201000027.197586
2375.0 7063000325.456711
2385.0 6881000093.681464
2395.0 6841999916.230342
2405.0 6806000640.690024
2415.0 6712000157.482088
2425.0 6662000361.768544
2435.0 6537000045.744846
2445.0 6478000338.551468
2455.0 6407000145.2358265
2465.0 6315000137.383839
2475.0 6218999861.68934
2485.0 6034999678.290073
2495.0 4520000129.1509
2505.0 5765000358.730962
2513.0 5676999878.783923
2518.0 5773000089.887649
2525.0 5843000101.41847
2535.0 5798000184.6332035
2545.0 5660000178.218105
2555.0 5615999817.853087
2565.0 5565000073.54716
2575.0 5501000288.530785
2585.0 5438000195.267747
2595.0 5361999896.492474
2605.0 5325000485.134897
2615.0 5229999788.679769
2625.0 5186999768.241613
2635.0 5132000514.034034
2645.0 5053000220.921225
2655.0 5000000363.43652
2665.0 4884999999.633897
2675.0 4808999985.735028
2685.0 4817000102.4196825
2695.0 4695000146.656294
2705.0 4650000307.924003
2715.0 4599999995.189206
2725.0 4563999554.182633
2735.0 4483999901.601502
2745.0 4472000418.343526
2755.0 4424000311.608082
2765.0 4351999789.969649
2775.0 4343999872.808435
2785.0 4270999742.6167865
2795.0 4143000001.1952524
2805.0 4158000223.4104576
2815.0 4140999969.6119666
2825.0 4081999819.521167
2835.0 3995000296.1522365
2845.0 3998000269.3105583
2855.0 3938000172.4147696
2865.0 3891000191.8433423
2875.0 3849999822.9334307
2885.0 3809000236.2440295
2895.0 3764999998.767871
2910.0 3682999921.268631
2930.0 3624999919.3780036
2950.0 3522999967.553948
2970.0 3455999921.7762423
2990.0 3364000175.3422275
3010.0 3268999933.880521
3030.0 3204999960.1719084
3050.0 3153999833.999036
3070.0 3099999933.010226
3090.0 2998000223.825634
3110.0 2968999928.3754315
3130.0 2895000165.416296
3150.0 2839999824.3414865
3170.0 2775000272.212111
3190.0 2716999887.2872972
3210.0 2658000175.459224
3230.0 2603000078.8611917
3250.0 2563000070.3049874
3270.0 2495999949.0225015
3290.0 2451000137.2622128
3310.0 2400999971.626249
3330.0 2345000011.931756
3350.0 2295000205.008446
3370.0 2251000118.527376
3390.0 2219000044.707747
3410.0 2175000139.1037364
3430.0 2132000159.2274024
3450.0 2080999916.899949
3470.0 2045000079.2443004
3490.0 2003000094.1915336
3510.0 1969000128.055227
3530.0 1937000102.6335642
3550.0 1897000033.610639
3570.0 1863999899.8194926
3590.0 1819000249.403898
3610.0 1785000037.1203
3630.0 1752999933.406812
3640.0 1738000134.9628625
3650.0 1675000013.2051504
3670.0 1650000092.6046932
3690.0 1613999992.446302
3710.0 1568000035.9874465
3730.0 1533000126.449782
3750.0 1579000224.285793
3770.0 1559000155.9592342
3790.0 1579000144.6185875
3810.0 1604000047.9461045
3830.0 1478000075.4718902
3850.0 1581999990.4495182
3870.0 1535000131.4106908
3890.0 1407000015.4143498
3910.0 1515000070.411389
3930.0 1468000019.6592119
3950.0 1446000034.0679781
3970.0 1299999980.638966
3990.0 1408000052.112209
4010.0 1382000030.1020777
4030.0 1339000084.0782022
4050.0 1338000077.248514
4070.0 1291000067.6926987
4090.0 1244000112.4730377
4110.0 1162000033.0844483
4130.0 1231000088.199422
4150.0 1215999964.9895082
4170.0 1204999922.8383417
4190.0 1185000008.3653722
4210.0 1165999948.4867702
4230.0 1149000003.9486067
4250.0 1122000051.5445068
4270.0 1096999947.3799047
4290.0 1080999981.713225
4310.0 1055999955.4105492
4330.0 1017000100.143547
4350.0 953600034.6489557
4370.0 1007999936.4371628
4390.0 992299993.1855631
4410.0 978899950.5565699
4430.0 970800020.6844776
4450.0 953399982.7962903
4470.0 926300002.3259066
4490.0 925100041.958705
4510.0 908200014.7206483
4530.0 897100074.2050471
4550.0 879900030.3227212
4570.0 869500024.9247566
4590.0 854100095.2044015
4610.0 839299994.9197568
4630.0 823799983.0372585
4650.0 788400028.9366723
4670.0 798700055.1969028
4690.0 784800042.5788602
4710.0 769500088.0461853
4730.0 770200009.4282423
4750.0 757200042.103489
4770.0 750300051.7219852
4790.0 738600029.5662088
4810.0 726100027.0698191
4830.0 713699998.9545882
4850.0 692700028.8594193
4870.0 640099975.1939334
4890.0 683400038.1780124
4910.0 673400034.2898409
4930.0 656500067.0844718
4950.0 651699984.1325675
4970.0 646300072.4357411
4990.0 636700059.7477107
5010.0 617599997.4301494
5030.0 616899999.0955725
5050.0 606600002.4587953
5070.0 600899995.7486182
5090.0 591800035.733026
5110.0 583200036.8478124
5130.0 573800037.0747521
5150.0 565900022.2706397
5170.0 558300043.9306725
5190.0 551199983.6409019
5210.0 543700061.3657005
5230.0 536100039.66953284
5250.0 527700033.5508737
5270.0 520200016.5191514
5290.0 514100007.8695678
5310.0 506900017.4172485
5330.0 500200039.7275097
5350.0 493299976.7943729
5370.0 486700037.1290761
5390.0 479699989.9778435
5410.0 471600011.36712676
5430.0 467300018.1024685
5450.0 460900001.5221004
5470.0 454600004.3062318
5490.0 448600019.5778799
5510.0 442700007.53271013
5530.0 436599973.05137354
5550.0 431300008.8939868
5570.0 425299991.7101677
5590.0 419400017.09681946
5610.0 414499995.99349976
5630.0 409100037.12817323
5650.0 403499990.7362208
5670.0 397399997.22307116
5690.0 388900031.89614874
5710.0 383100007.91123676
5730.0 378499992.7285161
5750.0 372900019.454784
5770.0 369299996.1328077
5790.0 364500022.09972596
5810.0 359900008.0298942
5830.0 355200010.63385224
5850.0 351799995.05854297
5870.0 341400010.8014174
5890.0 342799988.8158454
5910.0 339600008.90636784
5930.0 335600015.09722614
5950.0 332000018.4556905
5970.0 329199992.2570157
5990.0 324500013.5004181
6010.0 320999992.07229936
6030.0 316700001.22207576
6050.0 313000004.8652672
6070.0 309399983.606064
6090.0 305799994.4569701
6110.0 301900016.73881495
6130.0 298400009.10991496
6150.0 294300005.80482835
6170.0 290800001.67641306
6190.0 287699998.56656754
6210.0 284400013.47215545
6230.0 280900009.0907054
6250.0 277500014.1685972
6270.0 274300009.97186154
6290.0 271199999.3873691
6310.0 267700003.9835537
6330.0 264899995.83323658
6350.0 261600002.94754896
6370.0 258799999.945324
6390.0 255699996.935022
6410.0 252600011.7700025
6430.0 249900000.89707342
6450.0 246899993.37596595
6470.0 243600016.56801447
6490.0 240899986.1643214
6510.0 238400002.09089163
6530.0 235299993.23259786
6550.0 230700018.6812506
6570.0 211200009.8964868
6590.0 226599996.65966496
6610.0 225099996.50965774
6630.0 222800003.12436387
6650.0 220100002.85253704
6670.0 216200005.30697808
6690.0 213700008.39102122
6710.0 212800011.56514797
6730.0 210100005.41841546
6750.0 208200007.08678198
6770.0 205999993.11089477
6790.0 203199997.01684228
6810.0 201500010.3051647
6830.0 199200000.07480115
6850.0 197100015.05128118
6870.0 194900003.1116954
6890.0 192500002.42873478
6910.0 190400004.22287557
6930.0 188800005.594368
6950.0 186700000.74413154
6970.0 184700003.2250937
6990.0 182700001.72380334
7010.0 180699996.27434528
7030.0 178599993.8722299
7050.0 176899999.63364702
7070.0 172900008.44363752
7090.0 173200007.35686663
7110.0 171000004.53865457
7130.0 169300003.553021
7150.0 167800008.74373528
7170.0 165900013.66674942
7190.0 164299991.9310683
7210.0 162599996.18390965
7230.0 159699989.53721723
7250.0 159000013.4908167
7270.0 157600005.38828278
7290.0 154999995.6745802
7310.0 154400002.8165963
7330.0 152799999.3842875
7350.0 151200002.46097827
7370.0 149700003.39620128
7390.0 148200001.51140547
7410.0 146700008.61977923
7430.0 145200001.1314653
7450.0 143700002.61812142
7470.0 142000005.65285122
7490.0 140699997.2354939
7510.0 139400002.74902466
7530.0 137999997.27364802
7550.0 136699994.41864923
7570.0 135300001.26790112
7590.0 133800002.50664876
7610.0 132500002.61218622
7630.0 131300001.24649328
7650.0 130000007.01040365
7670.0 128800002.34951514
7690.0 127400002.32606998
7710.0 126200004.53622732
7730.0 124899997.60170496
7750.0 123800000.22562638
7770.0 122600004.99389789
7790.0 121400003.1152676
7810.0 120199994.6408001
7830.0 119100010.38664919
7850.0 117999999.62404256
7870.0 116699996.45456621
7890.0 115599997.24139783
7910.0 114600007.01963252
7930.0 113500000.71066442
7950.0 112400001.30614786
7970.0 111300008.75410455
7990.0 110299996.98757556
8010.0 109200008.32168216
8030.0 108200002.8663683
8050.0 107200006.56836921
8070.0 106199997.70742612
8090.0 105100007.04173478
8110.0 103799995.73885174
8130.0 103300008.18022929
8150.0 102199999.281257
8170.0 101400005.41863084
8190.0 100099998.42901975
8210.0 98770005.85237813
8230.0 97760009.63208053
8250.0 97200003.09489772
8270.0 95750003.10956015
8290.0 95350001.94505967
8310.0 94549998.10954757
8330.0 93610000.95260246
8350.0 92460003.64734319
8370.0 91810005.02835551
8390.0 91130001.85185352
8410.0 90250004.47827797
8430.0 89420000.85334246
8450.0 88300002.50394462
8470.0 87640001.6098305
8490.0 87110002.67719325
8510.0 85619995.0675589
8530.0 85770001.41065103
8550.0 83550002.45470442
8570.0 84960000.10124612
8590.0 82140002.97393855
8610.0 81530004.6079031
8630.0 83250002.43967257
8650.0 81559999.09904435
8670.0 77050004.39711575
8690.0 81220003.24014132
8710.0 80960000.71907848
8730.0 79330000.41910715
8750.0 73519998.97780202
8770.0 77520003.64312616
8790.0 78369999.14098962
8810.0 77800004.36724748
8830.0 76930004.69314861
8850.0 74150003.2047778
8870.0 69670001.80781274
8890.0 74770001.55548277
8910.0 74499999.81180717
8930.0 73840000.14274171
8950.0 73290001.03019714
8970.0 72699998.49323186
8990.0 71390000.82105795
9010.0 65859999.00026781
9030.0 68409996.50164516
9050.0 70109999.83097908
9070.0 69260000.35975745
9090.0 68940002.02829519
9110.0 68540002.50995986
9130.0 67979998.19925857
9150.0 67429999.43793418
9170.0 66739998.07984783
9190.0 66210003.055952474
9210.0 64459999.05258326
9230.0 58950004.137190655
9250.0 63619996.387944624
9270.0 63999999.02211561
9290.0 63569999.41803047
9310.0 62879996.39393577
9330.0 62420001.5421374
9350.0 61889997.64794563
9370.0 61499996.11695709
9390.0 61029997.54192471
9410.0 60500000.02679902
9430.0 60020001.129845984
9450.0 59529996.8086181
9470.0 58859999.40284946
9490.0 58570002.67324935
9510.0 57660000.09855556
9530.0 56309998.77306415
9550.0 51719999.22996269
9570.0 56149999.89231298
9590.0 56240000.22705583
9610.0 55700000.589119725
9630.0 55160003.0751602
9650.0 54970003.40239179
9670.0 54540003.18513082
9690.0 54070001.64857988
9710.0 53040001.25747535
9730.0 53170000.93524882
9750.0 52829999.89980582
9770.0 52419999.82554646
9790.0 52010001.66952738
9810.0 51570001.56456114
9830.0 51200000.88977726
9850.0 50790001.43910538
9870.0 50379999.46273608
9890.0 49949999.61412556
9910.0 49430000.534460716
9930.0 49250001.3253131
9950.0 48870002.23794312
9970.0 48470001.55532244
9990.0 48109999.14641459
10025.0 46420000.26447062
10075.0 45010002.20195381
10125.0 45459999.81540762
10175.0 44839999.47594418
10225.0 43980000.9803018
10275.0 43170002.129908234
10325.0 42260000.35877279
10375.0 41600002.34790206
10425.0 40830001.59240087
10475.0 40090000.252041906
10525.0 39349998.97700737
10575.0 38639999.802755676
10625.0 37940000.84593246
10675.0 37220001.46969396
10725.0 36600000.01385135
10775.0 35940001.76259918
10825.0 34990002.628845915
10875.0 34670001.47287331
10925.0 32370001.164715037
10975.0 33190001.453141518
11025.0 32779999.34487728
11075.0 32320001.415085923
11125.0 31760001.327183425
11175.0 31219999.596042525
11225.0 30680000.49318008
11275.0 30160001.42565663
11325.0 29630000.087359022
11375.0 29140000.26094244
11425.0 28649999.328375753
11475.0 28169999.724331208
11525.0 27710000.869153384
11575.0 27240001.21612421
11625.0 26769999.406822808
11675.0 26320001.841888513
11725.0 25919999.304186575
11775.0 25490001.62499478
11825.0 25080001.65718266
11875.0 24670000.124182552
11925.0 24270001.15382488
11975.0 23730001.176609043
12025.0 23500000.411324296
12075.0 23119998.80865501
12125.0 22749999.869905066
12175.0 22400000.165258948
12225.0 22039999.661090888
12275.0 21699999.56236975
12325.0 21350000.44595149
12375.0 21019999.33356789
12425.0 20700000.336919643
12475.0 20370000.740075964
12525.0 20020000.7908765
12575.0 19750000.16982223
12625.0 19449999.396637566
12675.0 19160001.017547853
12725.0 18860000.51403319
12775.0 18390000.35631192
12825.0 17400000.52650084
12875.0 17990000.764043443
12925.0 17749999.980435323
12975.0 17410000.4196428
13025.0 17220000.727451593
13075.0 16970000.273557436
13125.0 16720000.826848019
13175.0 16480000.620846912
13225.0 16240000.11752364
13275.0 15999999.32023777
13325.0 15759999.871445257
13375.0 15530000.732308485
13425.0 15300000.01660797
13475.0 15089999.651279436
13525.0 14870000.531686855
13575.0 14659999.88617188
13625.0 14449999.993462106
13675.0 14250000.878420817
13725.0 14040001.046941187
13775.0 13849999.533300206
13825.0 13660001.029820876
13875.0 13470000.781446062
13925.0 13269999.496459544
13975.0 13090000.595100952
14025.0 12910000.306533664
14075.0 12740000.793597
14125.0 12560000.25351968
14175.0 12390000.818005823
14225.0 12220000.350003297
14275.0 12050000.390423102
14325.0 11890000.055574376
14375.0 11730000.55268728
14425.0 11570000.35895936
14475.0 11419999.855349926
14525.0 11259999.966066288
14570.0 11129999.811381673
14620.0 10980000.14456634
14675.0 10820000.284783335
14725.0 10680000.67532856
14775.0 10529999.70678633
14825.0 10399999.87695276
14875.0 10260000.166994954
14925.0 10130000.74328069
14975.0 9998000.481757168
15025.0 9867000.140523653
15075.0 9727999.566371348
15125.0 9615000.139305366
15175.0 9490000.204724047
15225.0 9371000.157307278
15275.0 9243999.611637838
15325.0 9124999.532053333
15375.0 9017999.680013208
15425.0 8882000.21559041
15475.0 8793000.358862313
15525.0 8681999.863956887
15575.0 8527000.165276976
15625.0 8489000.532012353
15675.0 8340999.864378403
15725.0 8194000.103383874
15775.0 8186000.3802632
15825.0 8083000.431918769
15875.0 7817000.106484969
15925.0 7864000.106661986
15975.0 7808000.326311585
16050.0 7643000.498957415
16150.0 7361999.717963374
16250.0 7313000.172365981
16350.0 7102999.992200811
16450.0 6831999.833845712
16550.0 6808000.151448617
16650.0 6649000.509260153
16750.0 6455999.552441577
16850.0 6206000.073439985
16950.0 6198000.329145412
17050.0 6032999.932270571
17150.0 5918999.909550026
17250.0 5786000.045939251
17350.0 5497999.95320801
17450.0 5521999.947624569
17550.0 5407000.344025136
17650.0 5287000.097445588
17750.0 5171000.03338167
17850.0 5056000.2087338455
17950.0 4948000.089419789
18050.0 4841000.012144139
18150.0 4607999.934032036
18250.0 4621000.102758271
18350.0 4537000.17057946
18450.0 4440999.975885655
18550.0 4343999.901936975
18650.0 4231000.350308791
18750.0 4049999.8995066327
18850.0 4081000.1604076563
18950.0 3996000.1934718946
19050.0 3905000.1754833646
19150.0 3836000.0649704966
19250.0 3758000.1494153924
19350.0 3680000.2130865604
19450.0 3494000.1278121765
19550.0 3530000.024648154
19650.0 3465000.000820749
19750.0 3397000.1465717084
19850.0 3329999.8498523613
19950.0 3263999.954592205
20050.0 3201000.2601160076
20150.0 3138000.161534927
20250.0 3078000.057802765
20350.0 3018000.1262972043
20450.0 2960000.02190045
20550.0 2898999.8518225043
20650.0 2849000.1615436543
20750.0 2795000.124855647
20850.0 2743000.109993728
20950.0 2690999.9961396693
21050.0 2641000.031950868
21150.0 2583999.9963240763
21250.0 2544999.9720847
21350.0 2497999.994053652
21450.0 2452000.0680328277
21550.0 2406000.1047991174
21650.0 2285999.8512907606
21750.0 2318000.099894052
21850.0 2278000.1652822825
21950.0 2239000.0424446277
22050.0 2199000.0754136154
22150.0 2160000.014026586
22250.0 2121000.0672436007
22350.0 2084000.1842308345
22450.0 2048000.0072354255
22550.0 2012000.0940148935
22650.0 1976999.9488342945
22750.0 1943000.0689609945
22850.0 1909999.987087386
22950.0 1876999.9537344421
23050.0 1845000.0164929915
23150.0 1814000.070109973
23250.0 1783000.1106611686
23350.0 1752999.965875303
23450.0 1724000.0011528784
23550.0 1694999.964653711
23650.0 1666999.9315539435
23750.0 1639000.0285015719
23850.0 1611999.9549364916
23950.0 1585999.9544491228
24050.0 1560000.0243098836
24150.0 1534000.0505929636
24250.0 1509000.0202719737
24350.0 1485000.0594090936
24450.0 1460999.9988943965
24550.0 1438000.0620993318
24650.0 1414000.067810477
24750.0 1390000.0856590832
24850.0 1371000.0691915632
24950.0 1344999.9892372293
25050.0 1329000.0440520537
25150.0 1309000.0049015505
25250.0 1280999.992016118
25350.0 1268000.0672059432
25450.0 1249999.9862891454
25550.0 1229000.0565725276
25650.0 1198999.9635579018
25750.0 1192000.0247868786
25850.0 1175000.0174482027
25950.0 1157000.0220380973
26050.0 1136000.0075767266
26150.0 1103000.0785411077
26250.0 1068000.0173831005
26350.0 1086999.9613794794
26450.0 1073000.066748566
26550.0 1055999.987219445
26650.0 1038999.9419136165
26750.0 1004000.0788756819
26850.0 1009000.0824686988
26950.0 996100.0514223897
27050.0 981500.0255236637
27150.0 967299.97892954
27250.0 953300.0356180145
27350.0 939499.9971647075
27450.0 925800.0081347579
27550.0 892300.0043805502
27650.0 893900.0578201367
27750.0 886899.9973819347
27850.0 874300.0080434418
27950.0 861999.9999516094
28050.0 849699.9949936373
28150.0 837900.0617438229
28250.0 826200.0007456548
28350.0 814700.0664198365
28450.0 803400.0197847981
28550.0 791999.9721802674
28650.0 778199.9758550994
28750.0 749100.0036006387
28850.0 759499.997430645
28950.0 749599.9730047041
29050.0 739500.0208080716
29150.0 729400.0094159547
29250.0 719599.9818435363
29350.0 709800.0377231938
29450.0 700300.0351017122
29550.0 691000.0089591121
29650.0 681699.9616114836
29750.0 672699.9862727219
29850.0 663800.0534352049
29950.0 654999.9814323124
30050.0 646399.9862006111
30150.0 637700.018348158
30250.0 629500.0444854097
30350.0 606499.9983342028
30450.0 606400.0291173697
30550.0 605299.9672843331
30650.0 597400.0128171197
30750.0 589499.9880322996
30850.0 582100.0474982421
30950.0 574800.0156397764
31050.0 567400.0311421291
31150.0 560200.020531576
31250.0 553099.9951347255
31350.0 546200.0200539534
31450.0 539299.9976549913
31550.0 532500.0070188352
31650.0 525900.0269459194
31750.0 519300.00206440984
31850.0 512800.0116991238
31950.0 506500.03583286656
32100.0 497100.0038626011
32300.0 485000.01379744464
32500.0 473200.0319704296
32700.0 461800.00463789806
32900.0 442000.01198881393
33100.0 438599.9979320602
33300.0 429200.02328971314
33500.0 419900.02160766575
33700.0 410200.0115014334
33900.0 400699.98607319314
34100.0 391400.02943932876
34300.0 382399.9995732246
34500.0 373599.9937204865
34700.0 365100.01775200875
34900.0 356899.99846787506
35100.0 348800.0383018361
35300.0 341000.03076645854
35500.0 333400.0028141205
35700.0 325900.00387689227
35900.0 318900.02154494036
36100.0 311600.0050692977
36300.0 305100.02254407486
36500.0 298100.0055880964
36700.0 292099.9958815316
36900.0 285200.02193435235
37100.0 279399.99707408727
37300.0 271299.99553002365
37500.0 263699.98349050974
37700.0 262400.00542501325
37900.0 256900.01269776357
38100.0 250900.00566704682
38300.0 245900.00219872897
38500.0 241299.99462980984
38700.0 236400.01338176534
38900.0 231500.00703213445
39100.0 225399.99549125822
39300.0 222300.00965226244
39500.0 217800.0116417878
39700.0 213500.00217598697
39900.0 209300.0140354959
40100.0 204300.00036842108
40300.0 199499.99602077797
40500.0 193499.9992973267
40700.0 193300.01250350274
40900.0 189599.99442079378
41100.0 185899.99870476229
41300.0 182200.00850381065
41500.0 178800.00077992489
41700.0 173100.00135832772
41900.0 172099.99923493614
42100.0 168899.99488672405
42300.0 165699.9957078103
42500.0 162599.99132803586
42700.0 159599.99931548696
42900.0 156499.99697106867
43100.0 153800.00300000818
43300.0 150999.995541887
43500.0 148200.00232248747
43700.0 143400.00821867303
43900.0 142500.00735391892
44100.0 140300.00896978012
44300.0 137800.00062093366
44500.0 135399.99898035085
44700.0 133100.00540062305
44900.0 130699.99881095634
45100.0 128399.99111832726
45300.0 126199.9988282225
45500.0 123999.99568445623
45700.0 121800.00423273219
45900.0 119700.00539820532
46100.0 117600.00177590601
46300.0 115600.00262472163
46500.0 110900.00903246441
46700.0 109400.0083497843
46900.0 109500.00110310089
47100.0 107999.99728617008
47300.0 106099.99489568059
47500.0 104400.00108341142
47700.0 102600.00366506708
47900.0 100900.00017480765
48100.0 99260.00390746954
48300.0 97630.00705700087
48500.0 96030.00358151544
48700.0 94460.00937684118
48900.0 92929.99918142236
49100.0 91429.99679473085
49300.0 89950.00099640603
49500.0 88509.9976112394
49700.0 87090.00924372223
49900.0 85700.00614019085
50100.0 84340.00384941608
50300.0 83010.00410327033
50500.0 81700.00011120178
50700.0 80420.00023296315
50900.0 79160.00254527846
51100.0 77840.00321768736
51300.0 75059.9976604983
51500.0 75489.99866468848
51700.0 74339.99982639603
51900.0 73229.99981215804
52100.0 72119.99980936946
52300.0 71020.00317014122
52500.0 69940.00382523255
52700.0 68810.00366309776
52900.0 67849.99897192634
53100.0 66829.99918240585
53300.0 65840.00035661958
53500.0 64860.00601549122
53700.0 63819.996921537946
53900.0 62880.002232375904
54100.0 62020.00064385959
54300.0 61120.00122370185
54500.0 60220.00096187064
54700.0 59350.00341091049
54900.0 58489.99983093411
55100.0 57599.999854494534
55300.0 56610.000269707736
55500.0 55999.999271711335
55700.0 55199.998912128096
55900.0 54410.00274325222
56100.0 53640.002116148826
56300.0 52880.00029970214
56500.0 52129.999836786126
56700.0 51400.000740298914
56900.0 50680.003670778475
57100.0 49660.000282930065
57300.0 49259.99867873296
57500.0 48600.00350427484
57700.0 47930.001108940756
57900.0 47260.00043554934
58100.0 46620.00257737118
58300.0 45980.0025217648
58500.0 45379.99952852863
58700.0 44760.00109220051
58900.0 44080.00239139919
59100.0 42490.00218064261
59300.0 42920.002356623285
59500.0 42000.00278670332
59700.0 41679.99814919604
59900.0 41270.000299419546
60100.0 40730.00004129594
60300.0 40190.00216057586
60500.0 39659.99951840953
60700.0 39140.00013936252
60900.0 38630.000734853784
61100.0 38119.999972248545
61300.0 37630.00117359073
61500.0 37140.001346508834
61700.0 36660.00092371561
61900.0 36190.00222049703
62100.0 35720.002819817884
62300.0 35260.00270275086
62500.0 34809.99870310589
62700.0 34339.99954041546
62900.0 33420.00164727996
63100.0 33440.00032945134
63300.0 33080.00013257648
63500.0 32670.001446933547
63700.0 32260.000343155454
63900.0 31860.000114495542
64200.0 31260.000067736513
64600.0 30500.001630155097
65000.0 29750.00019253181
65400.0 29030.001847542844
65800.0 28330.001738614654
66200.0 27650.000802886098
66600.0 26989.99995498219
67000.0 26350.000087686167
67400.0 25710.00150618615
67800.0 24849.99978701609
68200.0 24540.00190025124
68600.0 23970.00124714596
69000.0 23409.99979504265
69400.0 22880.00120797353
69800.0 22360.000793516723
70200.0 21850.000225072094
70600.0 21360.000123183487
71000.0 20880.000990813485
71400.0 20409.999646462024
71800.0 19959.998340265487
72200.0 19520.000704081325
72600.0 19090.00003878676
73000.0 18680.001318888975
73400.0 18269.99956460231
73800.0 17880.000829028104
74200.0 17470.001438694373
74600.0 16850.00142040936
75000.0 16350.000103605553
75400.0 16380.000192376296
75800.0 16060.00009654136
76200.0 15719.999901663932
76600.0 15400.000680343508
77000.0 15079.999798292167
77400.0 14769.999651326116
77800.0 14429.999441356755
78200.0 14169.999357780289
78600.0 13880.000804921547
79000.0 13599.999892905033
79400.0 13330.000258362206
79800.0 13060.000277003262
80200.0 12799.999921542714
80600.0 12549.999569274047
81000.0 12300.000428919415
81400.0 12020.000426246117
81800.0 11820.000367771958
82200.0 11600.000526087091
82600.0 11379.999494593749
83000.0 11160.000374308625
83400.0 10940.000068708156
83800.0 10740.000677780707
84200.0 10530.0004479304
84600.0 10330.000563926265
85000.0 10140.000369615898
85400.0 9949.999729471643
85800.0 9765.000443732175
86200.0 9584.000517007915
86600.0 9338.99977344502
87000.0 9231.000809933828
87400.0 8994.999780052734
87800.0 8830.999797680268
88200.0 8741.000645904089
88600.0 8583.000509229434
89000.0 8429.000296077553
89400.0 8278.999759788454
89800.0 8132.000104262582
90200.0 7988.00018777965
90600.0 7846.999830491615
91000.0 7708.999793282608
91400.0 7575.000100000837
91800.0 7442.99997256813
92200.0 7314.000081367507
92600.0 7188.000243992271
93000.0 7064.999822470293
93400.0 6944.000214731407
93800.0 6758.999686364277
94200.0 6697.000236272576
94600.0 6597.000376973184
95000.0 6485.999913290638
95400.0 6377.00033431597
95800.0 6270.99986888136
96200.0 6167.000160085427
96600.0 6064.999759089013
97000.0 5964.999879679348
97400.0 5867.000401758975
97800.0 5770.999898623573
98200.0 5677.0000077111645
98600.0 5583.000028839137
99000.0 5494.999861921339
99400.0 5407.000245543602
99800.0 5320.000122001772
100200.0 5235.000363618001
200000.0 323.7999962034466
400000.0 19.74000075499865
600000.0 3.834999971091219
800000.0 1.198999999787953
1000000.0 0.48620000622028453
1200000.0 0.23260000160057903
1400000.0 0.1247000018591558
1600000.0 0.07266000190595862
