wave flux
90.9000015258789 3.3072585791604992e-15
93.5 1.6477590128571357e-14
96.0999984741211 7.55932375127766e-14
97.69999694824219 1.869373327554996e-13
99.5999984741211 5.272470876407909e-13
102.0 1.8566929261434454e-12
103.80000305175781 4.613127142519128e-12
105.5999984741211 1.1129355415966176e-11
107.69999694824219 3.004834354045911e-11
110.4000015258789 1.0217856926334239e-10
114.0 4.796573621247196e-10
117.80000305175781 2.228030834948197e-09
121.30000305175781 8.44524488448511e-09
124.80000305175781 2.974045648633188e-08
127.0999984741211 6.555775075038391e-08
128.39999389648438 1.0121546133020445e-07
130.5 2.0040240249496246e-07
132.39999389648438 3.652760934608602e-07
133.89999389648438 5.79608397593586e-07
136.60000610351562 1.2988363211152823e-06
139.8000030517578 3.2491947704177224e-06
143.3000030517578 8.449745240176863e-06
147.1999969482422 2.3169854703608562e-05
151.0 5.927508710597815e-05
155.1999969482422 0.00015814876455723186
158.8000030517578 0.0003522720300832579
162.0 0.000696829860537285
166.0 0.0015807027231522861
170.3000030517578 0.0036488851614044316
173.39999389648438 0.006524059715002028
176.8000030517578 0.012077381210723721
180.1999969482422 0.021791041840607574
181.6999969482422 0.02820970563311469
186.10000610351562 0.058075026842196016
191.0 0.1252125360445607
193.89999389648438 0.19378743912438348
198.39999389648438 0.37344630148442104
201.8000030517578 0.6000827427100476
205.0 0.9256103474307543
210.5 1.896490412134323
216.1999969482422 3.822327800111087
219.8000030517578 5.898706741595747
223.0 8.538017461440338
226.8000030517578 13.096308902903575
230.0 13297.970180403125
234.0 30607.03792201932
240.0 44792.580541152936
246.5 69824.40239501359
252.39999389648438 110769.45067033108
256.79998779296875 146886.72511687336
260.0 256816.8329869722
264.0 536088.1988243519
268.5 810185.3184678319
273.5 1033034.9583157501
278.5 1145315.07078893
284.0 2229257.5856281626
290.0 3048259.035606127
296.0 3679374.795106708
301.0 7791456.079042281
308.0 16801968.611210328
318.0 40043131.907602854
328.0 56047890.78708764
338.0 100741076.59899518
348.0 147267017.20092255
357.0 293357628.06477
366.0 608016829.1739683
375.0 674806296.2718053
385.0 812253701.3358732
395.0 1345539455.0256195
405.0 1712440885.404694
414.0 1824790926.7979925
422.0 1962614707.437433
430.0 1961032149.7914186
441.0 2324814934.7231402
451.0 2420548126.065198
460.0 2304250254.522173
470.0 2566980001.5233207
480.0 2952907941.4328203
490.0 2758432098.9712315
500.0 3397274090.768672
506.0 4914429177.733056
512.0 21869650134.572365
520.0 20573780047.185093
530.0 18141150876.66265
540.0 16450691783.496416
550.0 17379409699.738323
560.0 23400222541.45729
570.0 25928969567.93809
580.0 24120680499.061394
590.0 24871000392.69858
600.0 18835030049.34667
610.0 22420971001.12176
620.0 27961462541.796017
630.0 26733170611.791924
640.0 27851530968.297295
650.0 26495342563.09202
658.0 21468552426.89913
665.0 26100432123.17433
675.0 29615550627.97561
685.0 22675309764.76047
695.0 29416050279.50291
705.0 22610969421.472836
716.0 31045229860.26773
726.0 30458540393.865173
735.0 30671599431.96213
745.0 28010429661.39882
755.0 27994060614.34165
765.0 27221181606.34853
775.0 28700109878.527584
785.0 28272390833.363342
795.0 29342851911.927197
805.0 27988829634.74369
815.0 27830041447.91253
825.0 28989471543.4822
835.0 23303320299.34105
845.0 27526339052.148674
855.0 27010221894.392517
865.0 27781178375.960453
875.0 27694489802.96494
885.0 27721432071.237015
895.0 27627162104.13008
905.0 26703459174.389137
915.0 26556809694.453316
925.0 59160468937.10677
935.0 84542597695.14708
945.0 97382958340.36281
955.0 103615841911.50346
965.0 111723092255.62595
975.0 62639072607.37639
985.0 93275525424.22743
995.0 84860400113.0345
1005.0 86224459851.79826
1015.0 89956628952.54907
1025.0 78919831335.6042
1035.0 88863138248.80962
1045.0 96528659612.93399
1055.0 92600193214.26161
1065.0 84232751585.46346
1075.0 84817450913.6716
1085.0 79189227642.8391
1095.0 82163111948.88564
1105.0 78978839114.93903
1115.0 77460622118.93643
1125.0 67717452277.650024
1135.0 74623042907.66444
1145.0 72908279076.3212
1155.0 68716282555.54495
1165.0 66494113734.95841
1175.0 48436030894.515686
1185.0 60745573396.550674
1195.0 58989452020.64782
1205.0 57302829223.51833
1215.0 48583722940.03162
1225.0 54677849516.45685
1235.0 57317211690.09041
1245.0 55448744644.08725
1255.0 55070839528.74054
1265.0 56095680687.70963
1275.0 57100522251.77078
1285.0 56701410310.670135
1295.0 54226638436.19706
1305.0 53200201931.28685
1315.0 54812869992.83347
1325.0 53204400478.86467
1335.0 51610451294.43028
1345.0 51711657495.76452
1355.0 49811589409.80704
1365.0 48424009935.89794
1375.0 46933371611.17639
1385.0 45812478462.4236
1395.0 39791158874.19785
1405.0 39366180908.74312
1415.0 43785218000.3059
1425.0 39477890801.221375
1435.0 41563049351.91109
1442.0 40733300293.19145
1447.0 40579671459.11078
1455.0 38808143455.9239
1465.0 38252413225.083626
1475.0 38174512174.03115
1485.0 38169668385.20789
1495.0 36930558920.658
1505.0 36523940859.483574
1512.0 35954260935.59334
1517.0 35959990606.05
1525.0 34726037528.44874
1535.0 31072091285.903416
1545.0 25896471274.179592
1555.0 26302270643.135365
1565.0 29283231741.45932
1575.0 30452021575.441334
1585.0 30440490612.312435
1595.0 30112909684.84831
1605.0 28264689532.819206
1615.0 27175901050.422585
1625.0 27629531663.56943
1635.0 27640420773.187294
1645.0 27213731716.708256
1655.0 27550421872.41857
1665.0 27038891687.174633
1672.0 25090988995.23008
1677.0 28543732825.85445
1685.0 27341309352.89831
1695.0 26538890585.332024
1705.0 26166150712.979122
1715.0 25023410734.209984
1725.0 24312200100.116226
1735.0 25018571870.50361
1745.0 24690991263.439247
1755.0 24161881202.997864
1765.0 23901880740.813656
1775.0 23203091182.308556
1785.0 23356719899.196697
1795.0 22707609855.957294
1805.0 22573660167.012634
1815.0 22097609149.911114
1825.0 21648501588.917564
1835.0 21636079093.872055
1845.0 20937932316.858673
1855.0 20928820879.746994
1865.0 20758499765.140907
1875.0 20236969661.295013
1885.0 19573660307.86802
1895.0 19430351048.90307
1905.0 19557289646.39651
1915.0 19123659521.33659
1925.0 18088499160.540283
1935.0 18756969741.110996
1945.0 18727860549.480972
1955.0 17450601246.127895
1967.0 17909070368.081806
1976.0 17926010639.00648
1984.0 17582699924.569977
1995.0 17076330952.391718
2005.0 17259960195.481304
2015.0 17088430324.975029
2025.0 16895690276.509548
2035.0 16448430351.0466
2045.0 16163271060.756115
2055.0 12848930687.390762
2065.0 12412560309.550041
2074.0 12912560565.12853
2078.0 12999250366.181362
2085.0 14037469993.970398
2095.0 14721739873.287193
2105.0 14751419430.429113
2115.0 14831420426.142208
2125.0 14517470075.962603
2135.0 14416260813.731504
2145.0 14176259571.150509
2155.0 14157470480.41619
2165.0 13537149246.956036
2175.0 13789891069.450684
2185.0 13347150431.295591
2195.0 13514729851.127611
2205.0 13305940287.495012
2215.0 12813200300.545525
2225.0 12889570163.254644
2235.0 12709570564.30727
2245.0 12491989814.651665
2255.0 12116830283.186596
2265.0 12175620566.893425
2275.0 12045620699.502792
2285.0 11768039357.475367
2295.0 10930780301.482164
2305.0 11244089777.354038
2315.0 11241670795.035793
2325.0 11171670298.467218
2335.0 11002879977.671432
2345.0 10826509708.973429
2355.0 10628930248.978884
2365.0 10469414082.03891
2375.0 10270624937.154093
2385.0 9850915164.635546
2395.0 9913648283.337812
2405.0 9866737892.044456
2415.0 9748860024.894358
2425.0 9675100865.1212
2435.0 9515705676.455112
2445.0 9398278605.987146
2455.0 9258094706.52603
2465.0 9141699153.938253
2475.0 9030457348.883667
2485.0 8793908829.087538
2495.0 7043054886.535709
2505.0 8480151415.622932
2513.0 8150201634.245366
2518.0 8313022807.432002
2525.0 8419506990.953394
2535.0 8355628054.174436
2545.0 8226297842.322756
2555.0 8113354068.8377495
2565.0 8022564253.323945
2575.0 7915653276.968121
2585.0 7818500196.5948515
2595.0 7668041300.897582
2605.0 7635194163.262599
2615.0 7492645774.027101
2625.0 7435646405.068714
2635.0 7356251066.916683
2645.0 7237219449.7096405
2655.0 7161461106.565671
2665.0 7038098169.063971
2675.0 6880276011.80938
2685.0 6880123282.118038
2695.0 6759155174.279204
2705.0 6713155057.507085
2715.0 6605606840.310342
2725.0 6535453765.83473
2735.0 6352720948.741532
2745.0 6403664473.9728
2755.0 6317752886.003029
2765.0 6221874169.192813
2775.0 6178446883.694698
2785.0 6078294054.489332
2795.0 5927568106.612536
2805.0 5924656959.438685
2815.0 5876867142.098697
2825.0 5795987924.752731
2835.0 5716261967.028471
2845.0 5678076931.888406
2855.0 5603440018.906703
2865.0 5515408102.096053
2875.0 5459650104.303625
2885.0 5400133986.48122
2895.0 5335739112.93683
2910.0 5225980823.147406
2930.0 5127312111.102042
2950.0 4991796165.035273
2970.0 4878247735.380009
2990.0 4740337081.573849
3010.0 4626700200.553537
3030.0 4505273132.580013
3050.0 4428999203.931422
3070.0 4342088038.781978
3090.0 4236483200.8684783
3110.0 4160177214.9556756
3130.0 4061661080.0638433
3150.0 3981266014.2664175
3170.0 3890870958.249028
3190.0 3808355117.029446
3210.0 3694170328.3858504
3230.0 3648565036.11277
3250.0 3580412043.3943624
3270.0 3476380096.3129745
3290.0 3420622172.028082
3310.0 3346227066.0665975
3330.0 3272590131.6669364
3350.0 3189558077.9217696
3370.0 3133679046.7921634
3390.0 3083405022.589732
3410.0 3017888917.506659
3430.0 2959252142.658532
3450.0 2885856982.0931716
3470.0 2838978029.425372
3490.0 2783340965.830259
3510.0 2730824921.6261406
3530.0 2676550964.4387245
3550.0 2622034765.8437333
3570.0 2575276993.175115
3590.0 2517518897.9064302
3610.0 2464124182.5100975
3630.0 2418486854.1591635
3640.0 2378576060.04937
3650.0 2225327010.3536205
3670.0 2187689989.8758464
3690.0 2148689961.3792186
3710.0 2101085108.9605286
3730.0 2076875032.050139
3750.0 2094996067.1283457
3770.0 2076632933.0950248
3790.0 2107359004.0066023
3810.0 2130964147.3249185
3830.0 1980117128.5798411
3850.0 2097931997.2232063
3870.0 2052811051.5917807
3890.0 1871084874.316511
3910.0 2013899964.2858913
3930.0 1956141942.7657828
3950.0 1924020906.5736997
3970.0 1726173995.9527166
3990.0 1869625977.10565
4010.0 1833867924.3641534
4030.0 1772988990.510943
4050.0 1776231146.1357174
4070.0 1724989052.674082
4090.0 1654989085.758213
4110.0 1544868095.7060513
4130.0 1637715049.156894
4150.0 1613078069.0577064
4170.0 1596320026.301458
4190.0 1565683154.3416383
4210.0 1531045980.6373417
4230.0 1519924953.0958614
4250.0 1486925065.1433532
4270.0 1457804090.6109183
4290.0 1436046106.5972016
4310.0 1404045940.4502232
4330.0 1344925031.9523487
4350.0 1267803984.6021
4370.0 1338530028.9220095
4390.0 1307772015.804329
4410.0 1292014025.823485
4430.0 1278377004.0930808
4450.0 1257255991.0228255
4470.0 1221255955.5984156
4490.0 1217619021.5056345
4510.0 1189981982.3119256
4530.0 1175103025.9894772
4550.0 1146344888.3637373
4570.0 1142103030.475696
4590.0 1120224133.0468132
4610.0 1103224072.8893645
4630.0 1080345102.1641366
4650.0 1033574890.3037137
4670.0 1047587005.409406
4690.0 1015325116.520159
4710.0 1013599097.7703382
4730.0 1009949979.0939748
4750.0 993986342.6942072
4770.0 980255691.3565212
4790.0 965140452.3927331
4810.0 949588746.1839484
4830.0 933900859.0561645
4850.0 902004117.4246742
4870.0 836367825.236623
4890.0 891491263.7655444
4910.0 878612342.2324641
4930.0 857875981.2195269
4950.0 851609118.2848518
4970.0 841966404.191254
4990.0 829526879.5771527
5010.0 809130106.1862272
5030.0 803547893.5651189
5050.0 790696356.7446952
5070.0 781817350.7827542
5090.0 770377790.1538218
5110.0 759126170.3905872
5130.0 747774620.1456709
5150.0 737035116.3462282
5170.0 726407751.4183713
5190.0 716380328.9851177
5210.0 706452914.8911368
5230.0 696501336.850154
5250.0 685086001.3989047
5270.0 675334426.8246061
5290.0 667470731.557168
5310.0 658031216.321334
5330.0 648879589.1528602
5350.0 639940079.0970194
5370.0 631100592.8208423
5390.0 622236939.6599844
5410.0 607254714.8896457
5430.0 605457934.5445713
5450.0 597194197.729009
5470.0 588942573.4546934
5490.0 580990950.7732755
5510.0 572763615.2743655
5530.0 565375697.5616113
5550.0 557936189.0434378
5570.0 550184627.3439474
5590.0 541657184.2118506
5610.0 535869340.6546962
5630.0 528805606.5741915
5650.0 521741900.3107028
5670.0 514554003.7524736
5690.0 501399191.0252263
5710.0 483379986.6148431
5730.0 477404226.1656324
5750.0 471016325.8156127
5770.0 465564707.8668308
5790.0 459776815.94751114
5810.0 453325204.5053414
5830.0 448664697.63348764
5850.0 445152632.0387606
5870.0 434080006.2307966
5890.0 436292088.32452184
5910.0 432579994.60774285
5930.0 428743705.7026542
5950.0 425295309.15167576
5970.0 421983212.87060595
5990.0 417958988.57965124
6010.0 413683218.9674574
6030.0 408219505.4738322
6050.0 403343706.0983739
6070.0 398379995.8793627
6090.0 393792116.98767054
6110.0 388640504.5261235
6130.0 383876806.6570258
6150.0 379164709.8077848
6170.0 374037300.8813557
6190.0 370325220.27590907
6210.0 365949388.5461095
6230.0 360822025.8516916
6250.0 356909885.4184399
6270.0 352834109.8713655
6290.0 348658313.5184567
6310.0 343430891.64936286
6330.0 340406694.5563593
6350.0 336230899.10557634
6370.0 332367196.5416973
6390.0 328391416.8973827
6410.0 323564004.6701821
6430.0 320739811.2356792
6450.0 316864012.9800512
6470.0 312876106.7069308
6490.0 309400310.15611196
6510.0 305824491.4030035
6530.0 300785017.4519934
6550.0 295324503.29161465
6570.0 271524489.8763768
6590.0 291260801.5678727
6610.0 288733410.7611482
6630.0 285545507.38696927
6650.0 282269707.8721964
6670.0 276981799.0845358
6690.0 272954386.7634225
6710.0 272330214.2109766
6730.0 269242292.02808565
6750.0 266366511.17224136
6770.0 263690702.65341318
6790.0 260678590.8066551
6810.0 258014896.70040274
6830.0 255127014.809541
6850.0 252251209.66980562
6870.0 249375398.83605638
6890.0 245235913.72950083
6910.0 243799593.1911673
6930.0 241423792.88827646
6950.0 238735914.2728484
6970.0 236160117.60473436
6990.0 233572202.58716878
7010.0 230884310.58154666
7030.0 228108505.25685373
7050.0 225920612.18130115
7070.0 221308514.4168343
7090.0 221332706.85067132
7110.0 218856911.87560725
7130.0 216569004.37237194
7150.0 214293205.56960982
7170.0 211141609.86831912
7190.0 209429510.29909763
7210.0 207617400.24325973
7230.0 204893206.58880937
7250.0 203141597.6497123
7270.0 201153698.91231403
7290.0 198065801.0395319
7310.0 196889997.3796388
7330.0 194902105.464469
7350.0 192914198.15548313
7370.0 190838396.42390722
7390.0 188938404.49809524
7410.0 186950498.73573583
7430.0 185062605.52963772
7450.0 183074703.1168756
7470.0 181186806.8346827
7490.0 179011003.41780102
7510.0 177611002.05583528
7530.0 175823095.6256286
7550.0 174035211.19717157
7570.0 172247306.62090597
7590.0 169395704.66567284
7610.0 168659401.58409274
7630.0 167083595.30550024
7650.0 165483605.14070418
7670.0 163895709.60709164
7690.0 162007799.1439596
7710.0 160507799.91847137
7730.0 158732005.25216228
7750.0 157432005.9863927
7770.0 155944101.09632847
7790.0 154444104.33440128
7810.0 152856206.98664615
7830.0 151380404.51569688
7850.0 149880407.44123578
7870.0 148392499.25786924
7890.0 146992500.63108656
7910.0 145704612.4645208
7930.0 144216699.4144455
7950.0 142916702.12128103
7970.0 141428807.33579332
7990.0 140140912.84766275
8010.0 138840910.1798339
8030.0 137365101.8763594
8050.0 136165100.79150987
8070.0 134877202.33563003
8090.0 133565096.33341601
8110.0 132165100.3965625
8130.0 131101404.45481953
8150.0 129801395.64438325
8170.0 128613502.85879283
8190.0 127113504.62379636
8210.0 123822400.43377823
8230.0 122234507.96401265
8250.0 121634502.8438449
8270.0 120234495.32454008
8290.0 119446600.52820578
8310.0 118446602.36883664
8330.0 117158699.26354095
8350.0 115858706.9559337
8370.0 115070800.34091984
8390.0 114170799.44602655
8410.0 113170800.31807296
8430.0 112170807.3965951
8450.0 110970802.82649712
8470.0 110182901.16772003
8490.0 109282898.91271435
8510.0 107882903.64349128
8530.0 107495003.37749198
8550.0 105982904.90947308
8570.0 106194999.50930688
8590.0 103876845.65276824
8610.0 103282896.11402774
8630.0 104008312.72245131
8650.0 102293789.92631641
8670.0 98784751.21665257
8690.0 101605893.60889012
8710.0 101310731.76007695
8730.0 99595007.11379308
8750.0 94068381.58045526
8770.0 97376204.3247216
8790.0 98282833.17951614
8810.0 97588880.20664124
8830.0 96597668.49360654
8850.0 93244679.39775433
8870.0 88619844.4617359
8890.0 93757354.40335365
8910.0 93527030.58561681
8930.0 92737925.22635439
8950.0 92042763.05095838
8970.0 91261550.37044276
8990.0 89627919.22673196
9010.0 83358557.65933259
9030.0 85741871.11656253
9050.0 87909701.46264175
9070.0 87030905.09931143
9090.0 86630586.60096815
9110.0 86020270.81955658
9130.0 85361482.86292504
9150.0 84656322.92534631
9170.0 83808737.92962834
9190.0 83029952.09369047
9210.0 80849057.06973338
9230.0 74468171.15797707
9250.0 79608740.3036337
9270.0 80235685.51951435
9290.0 79770522.56222951
9310.0 78974155.47235914
9330.0 78438986.88973674
9350.0 77082871.64856395
9370.0 77047140.23054464
9390.0 76552298.12314199
9410.0 75865932.99680708
9430.0 75270775.18496832
9450.0 74673189.99643303
9470.0 73874399.65201704
9490.0 73439238.36904712
9510.0 72295609.66566437
9530.0 70468349.86859693
9550.0 65104720.99111032
9570.0 70172873.12978847
9590.0 70402551.56612569
9610.0 69866180.31913088
9630.0 69201020.38041049
9650.0 68878281.84447542
9670.0 68340700.11593938
9690.0 67764334.00315358
9710.0 66192799.68777657
9730.0 66561590.364441544
9750.0 66174012.88787069
9770.0 65534899.28553961
9790.0 65138853.148003496
9810.0 64621273.51969985
9830.0 64106107.36107329
9850.0 63607324.76588749
9870.0 63100955.071846396
9890.0 62582161.906035915
9910.0 62010952.34661922
9930.0 61649420.619352646
9950.0 61171839.999923006
9970.0 60684261.95206786
9990.0 60226685.02528957
10025.0 58031842.89859691
10075.0 56319099.74974994
10125.0 56560560.13537716
10175.0 56082091.74414594
10225.0 55006927.94407636
10275.0 53975397.15367581
10325.0 52840242.357379965
10375.0 51996291.145967126
10425.0 50965971.64770249
10475.0 50095970.23077286
10525.0 49172019.639200665
10575.0 48276860.12006047
10625.0 47392910.68737611
10675.0 46496541.74358149
10725.0 45702590.93717371
10775.0 44877430.63589733
10825.0 43751061.13410037
10875.0 43254693.53117311
10925.0 40413480.98649453
10975.0 41330741.4899082
11025.0 40928002.36594096
11075.0 40314049.390587494
11125.0 39617680.38804347
11175.0 38941311.32377165
11225.0 38256150.30082404
11275.0 37608569.99408742
11325.0 36953410.801114194
11375.0 36327039.187432036
11425.0 35710669.338822335
11475.0 35114301.84382499
11525.0 34527931.49457377
11575.0 33940349.79507643
11625.0 33240032.09335778
11675.0 32740029.834628806
11725.0 32281241.667787015
11775.0 31753659.579287447
11825.0 31217288.369435824
11875.0 30710920.08359586
11925.0 30213340.69056701
11975.0 29524551.85300455
12025.0 29248179.909760103
12075.0 28771810.179911017
12125.0 28304231.441249385
12175.0 27866651.136970624
12225.0 27419068.879222445
12275.0 26991491.712696124
12325.0 26555121.96262865
12375.0 26137540.842210222
12425.0 25738750.982722368
12475.0 25331170.509280216
12525.0 24903590.468673293
12575.0 24546008.989443354
12625.0 24168430.37935415
12675.0 23800851.05184992
12725.0 23442060.276373688
12775.0 22853271.802410934
12825.0 21593271.09717623
12875.0 22338108.588044897
12925.0 22050529.892975997
12975.0 21641740.74309245
13025.0 21385370.490166984
13075.0 21076578.611458194
13125.0 20767790.027109127
13175.0 20460210.51680459
13225.0 20152629.946066692
13275.0 19862630.227932267
13325.0 19565049.751471166
13375.0 19277470.82854299
13425.0 18988679.837393343
13475.0 18729889.521004155
13525.0 18452310.79421287
13575.0 18193519.871649113
13625.0 17924729.75835085
13675.0 17675939.83435453
13725.0 17418360.538672373
13775.0 17179569.85224563
13825.0 16940780.123680197
13875.0 16701990.339873489
13925.0 16463200.121838903
13975.0 16234410.518819042
14025.0 16005619.827543503
14075.0 15786830.232494447
14125.0 15568039.703542002
14175.0 15350459.437201507
14225.0 15141669.918785242
14275.0 14932879.435767347
14325.0 14732880.275606105
14375.0 14534090.725005966
14425.0 14336509.51641413
14475.0 14137720.432118522
14525.0 13948930.686358819
14570.0 13780140.461070634
14620.0 13600140.597151132
14675.0 13401351.266553553
14725.0 13222560.310513165
14775.0 13006190.149865372
14825.0 12874979.77978937
14875.0 12706190.157457197
14925.0 12537399.856150545
14975.0 12377399.590087214
15025.0 12217400.207484024
15075.0 12039820.05358188
15125.0 11899820.150695298
15175.0 11742239.647291666
15225.0 11592240.86121465
15275.0 11443449.923542498
15325.0 11294659.85641058
15375.0 11154659.812506717
15425.0 11005870.610496927
15475.0 10875869.61543759
15525.0 10737080.736361805
15575.0 10578290.279751515
15625.0 10479499.67689959
15675.0 10319621.68878119
15725.0 10169983.853805043
15775.0 10101436.521199549
15825.0 9972041.043669522
15875.0 9736041.034250438
15925.0 9707250.853821617
15975.0 9624218.799819084
16050.0 9424824.05399716
16150.0 9122913.033257069
16250.0 9018091.140935484
16350.0 8753938.04335701
16450.0 8453664.510508787
16550.0 8390721.486033572
16650.0 8192931.008665059
16750.0 7950536.3081600815
16850.0 7667262.089237049
16950.0 7636077.162900741
17050.0 7434923.976521032
17150.0 7291012.750803106
17250.0 7123860.221947644
17350.0 6781222.98108155
17450.0 6794675.407078953
17550.0 6656764.032053866
17650.0 6508610.945215008
17750.0 6364458.083514935
17850.0 6224183.940131424
17950.0 6089031.351798906
18050.0 5956878.2821002
18150.0 5673119.878081466
18250.0 5680087.966807598
18350.0 5581055.879820565
18450.0 5462661.143584542
18550.0 5344265.966288828
18650.0 5189597.370775691
18750.0 4975596.912006413
18850.0 5017081.195513776
18950.0 4913807.350926479
19050.0 4801412.067719563
19150.0 4714896.314244346
19250.0 4618501.16337705
19350.0 4520984.834794411
19450.0 4294227.088718779
19550.0 4337073.974989897
19650.0 4257558.100814074
19750.0 4173042.18453682
19850.0 4090526.2291034306
19950.0 4010009.993721775
20050.0 3931373.262129359
20150.0 3853977.900523228
20250.0 3779340.8802859737
20350.0 3706704.1726077255
20450.0 3634188.1713305456
20550.0 3561430.127953289
20650.0 3497913.8577647256
20750.0 3431397.845459914
20850.0 3366760.923422921
20950.0 3303124.0212518484
21050.0 3241486.919889075
21150.0 3173729.0074923947
21250.0 3122212.945105431
21350.0 3065454.9473244534
21450.0 3008696.941211168
21550.0 2952060.070146075
21650.0 2803302.2409078847
21750.0 2842665.219745884
21850.0 2795028.1709499136
21950.0 2746270.14086329
22050.0 2696633.0732907676
22150.0 2648875.097164301
22250.0 2602116.947171346
22350.0 2556359.1286991267
22450.0 2511600.9808642613
22550.0 2467842.94804079
22650.0 2424206.022635884
22750.0 2382448.05494934
22850.0 2341569.050815164
22950.0 2300810.962376861
23050.0 2261173.98775778
23150.0 2223294.9638091666
23250.0 2185536.943063722
23350.0 2148778.9990212126
23450.0 2112900.0116482214
23550.0 2077141.9416948676
23650.0 2042384.1615584511
23750.0 2008505.032924614
23850.0 1975747.0407244503
23950.0 1943746.9664279246
24050.0 1911988.8856789235
24150.0 1880231.0413853638
24250.0 1850230.9836767185
24350.0 1820472.9776929785
24450.0 1790594.0547063544
24550.0 1762715.0734261947
24650.0 1733078.0441520365
24750.0 1704199.0538156573
24850.0 1680320.0558392387
24950.0 1649562.0271981172
25050.0 1627683.0507489059
25150.0 1602803.9907445328
25250.0 1571925.0752668707
25350.0 1552167.063756274
25450.0 1529288.019096634
25550.0 1503409.0702366948
25650.0 1473530.010030778
25750.0 1458651.045629539
25850.0 1437772.0398741483
25950.0 1415893.0829219252
26050.0 1390014.018324847
26150.0 1357135.0443560283
26250.0 1305256.0863882848
26350.0 1328377.054915339
26450.0 1311619.0078234426
26550.0 1291619.0560598953
26650.0 1270740.0391360451
26750.0 1235861.07929503
26850.0 1232982.0409751222
26950.0 1218103.0459344245
27050.0 1200224.0350084736
27150.0 1182344.9791150305
27250.0 1165344.9963895627
27350.0 1148465.9396324358
27450.0 1131587.012332187
27550.0 1096587.0034834275
27650.0 1092707.9893990343
27750.0 1083829.0115951695
27850.0 1068949.9945725615
27950.0 1053070.9892812246
28050.0 1039058.9005518281
28150.0 1024179.9225219057
28250.0 1009325.1186947225
28350.0 995385.6336606431
28450.0 981733.9865315272
28550.0 967818.7032613374
28650.0 950242.9115046064
28750.0 919415.5148003909
28850.0 927612.2887355082
28950.0 915909.0775677193
29050.0 903393.8152354027
29150.0 891154.3604014117
29250.0 879026.8826068146
29350.0 867187.4503057597
29450.0 855559.9865763801
29550.0 844032.6624046084
29650.0 832793.1347389895
29750.0 821741.5491821436
29850.0 810814.0544109666
29950.0 800074.6270489811
30050.0 789522.994874888
30150.0 778995.6033902464
30250.0 768531.8685159854
30350.0 742292.3878084939
30450.0 740328.7350347001
30550.0 739213.4209222264
30650.0 729673.916893499
30750.0 720122.2972915905
30850.0 710882.7986786212
30950.0 701931.2318936745
31050.0 692891.7034752793
31150.0 684040.0833391903
31250.0 675388.5317943869
31350.0 666924.8171426853
31450.0 658473.2178292208
31550.0 650221.575710943
31650.0 642069.9909728996
31750.0 634018.3937050726
31850.0 626066.8175259583
31950.0 618315.2049881163
32100.0 606875.7026431314
32300.0 592060.435445051
32500.0 577645.1200588606
32700.0 563717.6964413066
32900.0 539702.4090955023
33100.0 535150.7821901385
33300.0 524735.4981924539
33500.0 512420.1926423304
33700.0 500380.729890221
33900.0 488665.4164031354
34100.0 477413.79540230904
34300.0 466374.29930769594
34500.0 455646.89521749626
34700.0 445295.3205264496
34900.0 435155.8160244886
35100.0 425316.3122178204
35300.0 415864.72775931796
35500.0 406525.20645141695
35700.0 397561.5083276793
35900.0 388809.896380497
36100.0 380258.3009633931
36300.0 371918.82470969466
36500.0 363855.11475993454
36700.0 356003.4960301869
36900.0 348139.8037994078
37100.0 340588.22651276115
37300.0 330524.51681857574
37500.0 321572.90607301664
37700.0 319809.188651356
37900.0 313045.50220300735
38100.0 306081.79903326626
38300.0 299918.0934102164
38500.0 294054.39915756724
38700.0 287990.7106915367
38900.0 282114.897148069
39100.0 275351.2032823163
39300.0 270875.39860291645
39500.0 265411.69850522
39700.0 260047.99722140926
39900.0 254884.29708279937
40100.0 249196.40158075813
40300.0 243532.70373308493
40500.0 235469.00409403068
40700.0 235481.11070868655
40900.0 230905.31647253255
41100.0 226441.6015386264
41300.0 221965.78952550527
41500.0 217777.90061541335
41700.0 211602.09764015643
41900.0 209526.300601305
42100.0 205650.5068739019
42300.0 201862.6024571677
42500.0 197998.89157545322
42700.0 194411.00641332896
42900.0 190535.1989405298
43100.0 187259.39531163286
43300.0 183783.59916386325
43500.0 180495.7001753818
43700.0 175107.79472581917
43900.0 173432.01318440965
44100.0 170844.10035547346
44300.0 167768.30685653706
44500.0 164780.40149288106
44700.0 161904.59740876697
44900.0 159104.59764979014
45100.0 156240.90370098827
45300.0 153540.90589348663
45500.0 150852.9990657439
45700.0 148177.19663520504
45900.0 145689.30466271826
46100.0 143101.40098755484
46300.0 140613.50276227322
46500.0 134749.80314766872
46700.0 133437.7006118331
46900.0 133249.79452358454
47100.0 131374.00273696365
47300.0 129173.99925235007
47500.0 126998.19918390304
47700.0 124898.19747361317
47900.0 122810.30320327623
48100.0 120734.50654460746
48300.0 118746.59918774293
48500.0 116846.60354357728
48700.0 114870.80126392464
48900.0 113070.79845172695
49100.0 111182.90031729135
49300.0 109395.0054233242
49500.0 107607.10074241372
49700.0 105919.20168574003
49900.0 104219.19888681691
50100.0 102537.34941290066
50300.0 100942.18863109092
50500.0 99359.45062094051
50700.0 97799.13560503341
50900.0 96267.5961275306
51100.0 94612.44004356896
51300.0 91348.16869111743
51500.0 91761.79815428001
51700.0 90439.06318638184
51900.0 89047.53295736822
52100.0 87685.99631010399
52300.0 86352.05375797836
52500.0 85039.30980182145
52700.0 83756.56739692578
52900.0 82493.83095817831
53100.0 81251.09217093783
53300.0 80038.35137971777
53500.0 78844.39927445968
53700.0 77650.44982428741
53900.0 76515.29115310454
54100.0 75403.76169990544
54300.0 74291.02053245713
54500.0 73205.86375205743
54700.0 72141.91131392271
54900.0 71087.96122268548
55100.0 70052.79770976483
55300.0 68928.8524208635
55500.0 68054.90284318353
55700.0 67080.95544413458
55900.0 66125.79101801821
56100.0 65190.6298982033
56300.0 64265.473803886984
56500.0 63360.31270854849
56700.0 62466.3617151726
56900.0 61589.993315205524
57100.0 60496.04098848374
57300.0 59869.671176019176
57500.0 59054.51009371205
57700.0 58239.349696381934
57900.0 57434.19104624922
58100.0 56639.027680952764
58300.0 55863.86994334714
58500.0 55127.499973036654
58700.0 54371.13133954049
58900.0 53514.76073579087
59100.0 51583.22944049282
59300.0 52110.81247937223
59500.0 51176.86124001817
59700.0 50679.2790822965
59900.0 50135.33160676348
60100.0 49468.95949139328
60300.0 48812.59445160641
60500.0 48166.21860544655
60700.0 47538.64077022709
60900.0 46912.2696460864
61100.0 46295.9015694399
61300.0 45699.52969917316
61500.0 45103.16186174964
61700.0 44516.79047849109
61900.0 43939.210172257095
62100.0 43381.63273208133
62300.0 42825.26181203948
62500.0 42277.681011068795
62700.0 41690.10015397497
62900.0 40734.940628052354
63100.0 40597.35930182306
63300.0 40169.78199805236
63500.0 39663.409602087755
63700.0 39165.83340090496
63900.0 38678.25234665926
64200.0 37953.088333478474
64600.0 37017.92868943012
65000.0 36112.77023966669
65400.0 35237.609791507835
65800.0 34382.44870914332
66200.0 33557.29005194606
66600.0 32752.129663849486
67000.0 31975.76225577207
67400.0 31199.392062983203
67800.0 30204.22997177672
68200.0 29777.861034340985
68600.0 29081.48897067522
69000.0 28415.12099797884
69400.0 27758.751097167453
69800.0 27122.381493295543
70200.0 26514.80094430699
70600.0 25909.640470103743
71000.0 25332.060137261386
71400.0 24765.68956830173
71800.0 24218.111027573166
72200.0 23681.7392186874
72600.0 23164.160202880506
73000.0 22656.58087878325
73400.0 22160.210353714956
73800.0 21682.62873029852
74200.0 21195.05043566309
74600.0 20398.68026239611
75000.0 19812.310092375807
75400.0 19862.309894483114
75800.0 19474.729084349765
76200.0 19067.151603140566
76600.0 18669.570326611465
77000.0 18280.780836553087
77400.0 17903.20017862723
77800.0 17515.62037445899
78200.0 17186.829943230725
78600.0 16829.251140926564
79000.0 16490.46020164058
79400.0 16162.879971292154
79800.0 15835.300097189685
80200.0 15525.30038818921
80600.0 15217.720297919168
81000.0 14918.931238908983
81400.0 14591.350413885972
81800.0 14332.560744177725
82200.0 14063.769522368611
82600.0 13786.190248963827
83000.0 13526.189825899293
83400.0 13267.400453194123
83800.0 13009.81922788662
84200.0 12761.029644487182
84600.0 12522.239729050152
85000.0 12284.6600265861
85400.0 12055.870312122708
85800.0 11835.870652127254
86200.0 11617.080176717356
86600.0 11339.500260121493
87000.0 11189.500326740908
87400.0 10891.920626039211
87800.0 10693.130015092393
88200.0 10593.129810397306
88600.0 10403.613444804647
89000.0 10214.82441020817
89400.0 10026.638992501235
89800.0 9852.00233357039
90200.0 9677.090902644166
90600.0 9506.938148378356
91000.0 9339.784978242602
91400.0 9175.753344267816
91800.0 9016.599956409602
92200.0 8860.447814326408
92600.0 8707.29406990437
93000.0 8557.14098444768
93400.0 8410.867017212253
93800.0 8201.835730387174
94200.0 8111.5615270645485
94600.0 7989.165844536989
95000.0 7854.891882778425
95400.0 7723.618164747489
95800.0 7594.344592888938
96200.0 7468.069581746868
96600.0 7344.6749320864665
97000.0 7223.280234555815
97400.0 7104.0058215306535
97800.0 6987.732211200886
98200.0 6874.216245702169
98600.0 6762.820865239689
99000.0 6653.426011267282
99400.0 6546.031306397278
99800.0 6441.514920881331
100200.0 6338.2409315743635
200000.0 390.29141061088427
400000.0 23.671420882963446
600000.0 4.586131145059654
800000.0 1.4308610103968145
1000000.0 0.5795564950910571
1200000.0 0.2770447996898379
1400000.0 0.1484740071726066
1600000.0 0.08646497072014397
