wave flux
90.9000015258789 0.0
93.5 0.0
96.0999984741211 0.0
97.69999694824219 0.0
99.5999984741211 0.0
102.0 0.0
103.80000305175781 0.0
105.5999984741211 0.0
107.69999694824219 0.0
110.4000015258789 0.0
114.0 0.0
117.80000305175781 0.0
121.30000305175781 0.0
124.80000305175781 0.0
127.0999984741211 0.0
128.39999389648438 0.0
130.5 0.0
132.39999389648438 0.0
133.89999389648438 0.0
136.60000610351562 0.0
139.8000030517578 0.0
143.3000030517578 0.0
147.1999969482422 0.0
151.0 0.0
155.1999969482422 0.0
158.8000030517578 0.0
162.0 0.0
166.0 0.0
170.3000030517578 0.0
173.39999389648438 0.0
176.8000030517578 0.0
180.1999969482422 0.0
181.6999969482422 0.0
186.10000610351562 0.0
191.0 0.0
193.89999389648438 0.0
198.39999389648438 9.150000012310244e-23
201.8000030517578 3.859200401037422e-22
205.0 1.35119999565183e-21
210.5 1.0427999946036706e-20
216.1999969482422 7.766709238823838e-20
219.8000030517578 2.617734357956636e-19
223.0 7.443555010673232e-19
226.8000030517578 2.472692445541994e-18
230.0 6.537683898730585e-18
234.0 2.173912478528137e-17
240.0 1.195416056001797e-16
246.5 6.899403701833828e-16
252.39999389648438 3.1221472340909733e-15
256.79998779296875 9.176792213875639e-15
260.0 1.965801120449239e-14
264.0 4.959656223411578e-14
268.5 1.3594292333013274e-13
273.5 3.996447998151558e-13
278.5 1.1302251192520269e-12
284.0 3.390555876862722e-12
290.0 1.070469582895106e-11
296.0 3.2210199620657204e-11
301.0 7.79835255174805e-11
308.0 2.555968208403953e-10
318.0 1.2676352034610264e-09
328.0 5.677592577572057e-09
338.0 2.3225520785655803e-08
348.0 8.723659511137291e-08
357.0 2.6877443041802836e-07
366.0 7.822080084673367e-07
375.0 2.1542319758632194e-06
385.0 6.261692246274978e-06
395.0 1.719088079737311e-05
405.0 4.4809277894127723e-05
414.0 0.00010184679596262562
422.0 0.00020467400585438882
430.0 0.0003996884185092405
441.0 0.0009638399403034902
451.0 0.002061892183703413
460.0 0.003967080074855602
470.0 0.007956840267690056
480.0 0.015461599038952577
490.0 0.029196000033482227
500.0 0.05363160245872671
506.0 0.5181399934569069
512.0 2.2360400749862603
520.0 3.271640104305099
530.0 5.417480225732189
540.0 7.390599574106845
550.0 12.739198790634775
560.0 18.684400266556942
570.0 27.48559843533575
580.0 38.60040130094322
590.0 61.276401975176604
600.0 88.11880374551707
610.0 124.37199710241569
620.0 164.51999791877432
630.0 220.4079998464379
640.0 282.23599671171047
650.0 375.52003720486306
658.0 471.4639876875826
665.0 550.0959948322733
675.0 700.9199940991849
685.0 898.5999934942308
695.0 1152.9199948081034
705.0 1440.9600493992893
716.0 1822.6800006473575
726.0 2264.2801070066243
735.0 2689.120103686647
745.0 3357.5999279834023
755.0 4116.920110835983
765.0 4996.52026224406
775.0 6076.400120378099
785.0 7333.600358624864
795.0 8673.200298982956
805.0 10330.799912160672
815.0 12063.200288607091
825.0 14342.799939126086
835.0 16496.000590032887
845.0 19428.399843251143
855.0 22763.200528193294
865.0 26491.2002480269
875.0 30843.600686146285
885.0 35988.80012035862
895.0 41281.600498195476
905.0 45876.000119812714
915.0 452280.0159729948
925.0 4128600.1326248865
935.0 15730400.166356312
945.0 65370000.02390479
955.0 131040003.04768056
965.0 179600003.2824924
975.0 32702000.921630338
985.0 183387996.6170002
995.0 190976001.1822376
1005.0 243120014.0163555
1015.0 266960006.54482853
1025.0 73892002.71798936
1035.0 106631995.73025756
1045.0 350419999.47966707
1055.0 380980007.9229102
1065.0 299980005.50759107
1075.0 408460040.25321245
1085.0 326520010.14586973
1095.0 438460026.93123186
1105.0 398179989.3000107
1115.0 449939961.1681676
1125.0 432560028.11938876
1135.0 618640021.9941794
1145.0 569500027.1338667
1155.0 645300029.4136069
1165.0 717659996.57518
1175.0 602439998.3572701
1185.0 666920027.2153754
1195.0 165892005.06864375
1205.0 116956004.28816655
1215.0 34763999.49750298
1225.0 328840010.8993831
1235.0 763980021.1596383
1245.0 950080024.419326
1255.0 944759976.7244407
1265.0 681820003.7196777
1275.0 915480017.8373272
1285.0 1015919978.8498142
1295.0 587019997.7857133
1305.0 425939979.8668026
1315.0 900360006.4921049
1325.0 917960023.209293
1335.0 654580042.0979943
1345.0 1007119985.4192783
1355.0 973319980.7787765
1365.0 811600055.8797076
1375.0 901680000.7578938
1385.0 927719982.8386775
1395.0 865580067.859347
1405.0 906760035.7033802
1415.0 839619976.4926337
1425.0 896280020.7191164
1435.0 877279993.7140943
1442.0 950799977.238357
1447.0 970560049.1946273
1455.0 948720094.0157777
1465.0 883199995.0645809
1475.0 858539976.0374717
1485.0 889479989.0953557
1495.0 903240014.5344464
1505.0 864320013.5519336
1512.0 773540044.0238365
1517.0 840420010.3386221
1525.0 816000018.7376151
1535.0 729780026.2156142
1545.0 800520036.779636
1555.0 744280020.55069
1565.0 743100001.5944623
1575.0 765300004.1356395
1585.0 818940003.2763319
1595.0 838180000.0703886
1605.0 796700042.6468122
1615.0 810720019.9962866
1625.0 750540039.9940974
1635.0 800680054.6097786
1645.0 807980003.5320596
1655.0 724160039.8739879
1665.0 803700056.9331949
1672.0 683339980.327993
1677.0 778900065.2458858
1685.0 832360034.8966049
1695.0 780119976.9114405
1705.0 735299977.1970464
1715.0 674760015.3976274
1725.0 675579992.3046994
1735.0 721759998.6711863
1745.0 707840029.1000257
1755.0 761360045.674618
1765.0 680840021.5628753
1775.0 705000012.6467179
1785.0 723480047.9947611
1795.0 771460042.0920252
1805.0 766240007.9232616
1815.0 694459985.3328227
1825.0 710240021.2864758
1835.0 676140047.8923975
1845.0 626420009.4516864
1855.0 560820030.9500879
1865.0 593140021.9157083
1875.0 698859993.9570287
1885.0 634799996.6484216
1895.0 591280014.7757636
1905.0 646140024.0787334
1915.0 604259970.6652011
1925.0 597160018.2923235
1935.0 633120029.1391329
1945.0 639919996.2697678
1955.0 593379993.988598
1967.0 660040014.8687813
1976.0 680959966.8303874
1984.0 635880023.9714433
1995.0 608660007.4251509
2005.0 636780018.6020521
2015.0 601500035.2888796
2025.0 647700036.7367158
2035.0 594640017.1473427
2045.0 621340018.1624937
2055.0 580139972.819658
2065.0 591880002.7702856
2074.0 634119986.4050314
2078.0 584399998.6205914
2085.0 615840004.2769873
2095.0 575960023.9240077
2105.0 580580033.5683032
2115.0 586120030.6659883
2125.0 594700028.4417078
2135.0 543180002.9756106
2145.0 559659995.1639163
2155.0 587180002.0988102
2165.0 564379986.0176737
2175.0 556380011.6380758
2185.0 533980017.11339444
2195.0 563239996.7971
2205.0 546519992.2540869
2215.0 516200019.6086883
2225.0 490320004.6149564
2235.0 533440001.8323489
2245.0 498760032.5671338
2255.0 478740040.6502736
2265.0 494140011.22040886
2275.0 511820022.6249425
2285.0 521940037.75398576
2295.0 496320007.20812845
2305.0 478019993.39529335
2315.0 454640020.0035968
2325.0 448660014.7284608
2335.0 425679985.85671943
2345.0 417000005.54533803
2355.0 441640023.546859
2365.0 410600021.40099543
2375.0 419480013.5424745
2385.0 389420016.1242092
2395.0 423640008.7597642
2405.0 397820008.66043055
2415.0 406359983.2198309
2425.0 423060013.66244483
2435.0 401100002.34248954
2445.0 427480003.52064925
2455.0 413840017.96552074
2465.0 414880021.312397
2475.0 396580003.17703897
2485.0 421820010.3423652
2495.0 407640011.87069744
2505.0 429900004.75510263
2513.0 393320013.0922891
2518.0 413260018.3205846
2525.0 386339997.3085096
2535.0 389880020.0329843
2545.0 375279999.5911714
2555.0 394460003.03891397
2565.0 387139995.6449767
2575.0 412780019.132149
2585.0 405339989.5967635
2595.0 408400001.5169973
2605.0 391460004.8649759
2615.0 387560002.0973567
2625.0 394280020.83983445
2635.0 395940004.18666494
2645.0 415420010.2795499
2655.0 409939996.6593598
2665.0 386480020.6941461
2675.0 400240015.6386013
2685.0 393840002.8774846
2695.0 383240000.69065255
2705.0 389359999.2214958
2715.0 375279988.57817245
2725.0 375200000.4071191
2735.0 390220005.09893906
2745.0 352980009.42811036
2755.0 350620003.2352787
2765.0 359000014.6202225
2775.0 371300016.9126746
2785.0 371880020.3039528
2795.0 345559999.6605859
2805.0 360380012.6437746
2815.0 370159998.02443135
2825.0 366419992.34170973
2835.0 348280003.8196867
2845.0 339780004.40437585
2855.0 342680012.2126911
2865.0 351280005.0786118
2875.0 343400005.8304627
2885.0 347100025.91029286
2895.0 341539996.7785283
2910.0 353180017.0999683
2930.0 342519989.31235963
2950.0 337459989.9325718
2970.0 335020011.9244842
2990.0 331160007.1339616
3010.0 333160005.1646121
3030.0 329659992.6512999
3050.0 323159998.4396713
3070.0 318120014.5554586
3090.0 316520001.7050482
3110.0 308920008.54182386
3130.0 304940003.80248755
3150.0 302840010.47619903
3170.0 297399999.4159848
3190.0 287739995.1802746
3210.0 289000021.2932549
3230.0 285120004.48613924
3250.0 281739999.2519563
3270.0 279160001.6938186
3290.0 275880005.19844675
3310.0 273800005.54576
3330.0 269060005.0539493
3350.0 264080003.96707928
3370.0 260960008.9715381
3390.0 257080004.13522488
3410.0 255320003.78152454
3430.0 251679998.09651816
3450.0 248520005.49205348
3470.0 244640006.34773874
3490.0 241960003.28655344
3510.0 239999995.37234405
3530.0 237579998.31198803
3550.0 234740001.43780032
3570.0 231519998.5475095
3590.0 227840001.17435217
3610.0 225300005.16522574
3630.0 222380003.64244795
3640.0 221700006.8086972
3650.0 220000006.1643604
3670.0 216240004.6985332
3690.0 209420008.07625076
3710.0 230100009.2399292
3730.0 250100000.01821336
3750.0 298739995.21046436
3770.0 298839988.2080563
3790.0 311900001.0882449
3810.0 328680002.3359296
3830.0 289100004.9589383
3850.0 330300007.645326
3870.0 330000015.6913333
3890.0 276520009.96224743
3910.0 325039996.3385134
3930.0 315460002.10691994
3950.0 316360003.32355225
3970.0 258139995.82505563
3990.0 305880004.10274327
4010.0 302400009.2793892
4030.0 292320015.16382974
4050.0 295840004.19884163
4070.0 289180015.794131
4090.0 278119988.9705285
4110.0 242260001.2910276
4130.0 273400004.92003506
4150.0 272259993.83846885
4170.0 269260009.0317317
4190.0 266959997.24909684
4210.0 263900017.89950156
4230.0 259480007.88209018
4250.0 255719996.72256386
4270.0 249880001.15718058
4290.0 248940004.80824506
4310.0 244820000.11725417
4330.0 229759997.69294274
4350.0 207300012.2685367
4370.0 234520005.70845932
4390.0 229040001.7820255
4410.0 229040006.10524672
4430.0 224580006.49148262
4450.0 223219998.36658767
4470.0 216200005.00808775
4490.0 214720003.59368396
4510.0 213860002.41694394
4530.0 210340011.5605026
4550.0 206940010.40874565
4570.0 205800012.27111888
4590.0 202199996.2212611
4610.0 200400004.1642263
4630.0 196400011.8827014
4650.0 194800001.73912066
4670.0 192300010.70223466
4690.0 190220004.87611336
4710.0 184859990.97838628
4730.0 184140004.63309836
4750.0 181559998.57585263
4770.0 180820009.065804
4790.0 178220002.61704087
4810.0 175220006.24822494
4830.0 172699996.17853954
4850.0 164460010.82586434
4870.0 145540007.89884984
4890.0 166520003.08467427
4910.0 164579991.78229997
4930.0 160399998.78514725
4950.0 160620005.89212164
4970.0 158900002.78162563
4990.0 156520004.02604872
5010.0 151679998.68216076
5030.0 151760006.25269493
5050.0 148260002.98980266
5070.0 148560003.20575994
5090.0 146639998.52886704
5110.0 144400004.24998462
5130.0 142960003.981254
5150.0 140700001.72459787
5170.0 139300005.83480355
5190.0 137860006.1075705
5210.0 134899991.3623637
5230.0 134180001.13923751
5250.0 133039999.94656809
5270.0 130880001.03556351
5290.0 130240001.8943783
5310.0 128140006.41048929
5330.0 126940005.20911391
5350.0 125200002.29700355
5370.0 124099996.51929322
5390.0 122640003.83314714
5410.0 121020000.32409099
5430.0 119279999.04531053
5450.0 118160004.23873356
5470.0 116640006.18807632
5490.0 115679999.20023899
5510.0 114160001.8178345
5530.0 112939998.9242737
5550.0 111780001.36960274
5570.0 110399998.51048338
5590.0 109239997.09922521
5610.0 107964000.60927689
5630.0 106992002.44196343
5650.0 104836004.17553072
5670.0 103912003.41706257
5690.0 103140002.68774201
5710.0 102172003.40385354
5730.0 101032001.6938002
5750.0 99899998.80422755
5770.0 98839994.98013309
5790.0 97608003.03726234
5810.0 96563997.34122108
5830.0 95516005.28727226
5850.0 94458002.8815282
5870.0 91958003.2907972
5890.0 92064004.78150547
5910.0 91344001.87532061
5930.0 90444001.04834636
5950.0 88954002.44305457
5970.0 88371997.87876095
5990.0 87218003.155481
6010.0 86593999.74023025
6030.0 85610002.69739299
6050.0 84700003.14358386
6070.0 83771999.68566707
6090.0 82832002.74453357
6110.0 82062001.17633562
6130.0 81171998.74310023
6150.0 79910000.72563775
6170.0 79412002.36149378
6190.0 78631997.89961447
6210.0 77795998.92681083
6230.0 76869997.77644362
6250.0 75753999.75747216
6270.0 75356003.38695976
6290.0 74520002.36377569
6310.0 73624004.43251269
6330.0 72996004.00370926
6350.0 71627999.81619552
6370.0 71072002.72338319
6390.0 70700001.1507352
6410.0 69916001.91335438
6430.0 69368000.2741318
6450.0 68518004.35961762
6470.0 67925998.46021868
6490.0 67176002.44724129
6510.0 66389999.33593789
6530.0 65634002.741323195
6550.0 63370002.92632963
6570.0 55540000.86599262
6590.0 63321997.710396565
6610.0 63252003.88445165
6630.0 62660001.60972164
6650.0 62076002.14897965
6670.0 61164004.6406301
6690.0 60586003.872837424
6710.0 60225997.98227068
6730.0 59644000.964190446
6750.0 59072002.07089044
6770.0 58503999.64370815
6790.0 57842002.35109919
6810.0 57334000.934407845
6830.0 56712000.708650835
6850.0 56220000.3077096
6870.0 55688002.80063858
6890.0 55155999.84628663
6910.0 54614001.86948746
6930.0 53986000.80305093
6950.0 53580000.27347891
6970.0 53084000.739063114
6990.0 52576003.48167908
7010.0 52056000.2704149
7030.0 51563998.824805476
7050.0 50932000.994217284
7070.0 50173999.56168923
7090.0 50145999.592939295
7110.0 49608001.769397385
7130.0 49152001.25980636
7150.0 48722002.07698912
7170.0 48265999.73303963
7190.0 47836001.7094077
7210.0 47400000.36758349
7230.0 46692000.56317875
7250.0 46478000.02963152
7270.0 46094001.04247303
7290.0 45525998.57352483
7310.0 45238001.69281878
7330.0 44827998.07831142
7350.0 44442001.43654795
7370.0 44031999.45146238
7390.0 43632002.83479759
7410.0 43231999.55606301
7430.0 42782000.2603311
7450.0 42422001.1297727
7470.0 41983999.86130735
7490.0 41647999.12780365
7510.0 41263999.56294814
7530.0 40927998.92136787
7550.0 40574000.02303178
7570.0 40214001.74856357
7590.0 39834002.08883761
7610.0 39514000.38000206
7630.0 39156000.07242901
7650.0 38798000.99041709
7670.0 38462000.23837471
7690.0 38118000.56415615
7710.0 37784000.98299087
7730.0 37453999.22607195
7750.0 37126000.56848671
7770.0 36416000.7351432
7790.0 36488001.02612087
7810.0 36178000.25182903
7830.0 35864001.383916
7850.0 35440000.400173835
7870.0 35138002.551456645
7890.0 34784001.324396886
7910.0 34633999.01494913
7930.0 34356001.19084268
7950.0 33961999.62128513
7970.0 33758000.40399274
7990.0 33305999.980795328
8010.0 33191999.966837198
8030.0 32902001.491237573
8050.0 32620000.832405064
8070.0 32352000.053316545
8090.0 32061999.992512833
8110.0 31788000.86827332
8130.0 31536001.323859513
8150.0 31268000.582094718
8170.0 31030000.155390944
8190.0 30742000.969734747
8210.0 30381999.50772105
8230.0 30100000.254014373
8250.0 29986001.11841158
8270.0 29730000.146844164
8290.0 29450000.86408665
8310.0 29236001.631329216
8330.0 28970000.727902427
8350.0 28680000.566452764
8370.0 28332001.07847688
8390.0 28109999.723646317
8410.0 27798000.370330997
8430.0 27768000.013721477
8450.0 27387999.385593873
8470.0 26703999.146436214
8490.0 27766001.036037643
8510.0 26148000.09511472
8530.0 27753999.446690116
8550.0 25340001.434272423
8570.0 27772000.558177557
8590.0 26276000.528737843
8610.0 25723999.153686784
8630.0 27606000.09451635
8650.0 27034001.023579534
8670.0 23910000.41795768
8690.0 27109999.53322748
8710.0 27175999.49403531
8730.0 26624000.207454223
8750.0 23164001.430969853
8770.0 25932001.386017025
8790.0 26326000.358441707
8810.0 26170000.39132116
8830.0 25833999.887761425
8850.0 24826000.606215093
8870.0 22272000.963804577
8890.0 25177999.573375043
8910.0 25124001.33904265
8930.0 24896001.59196735
8950.0 24800000.829755105
8970.0 24584000.179366726
8990.0 24193999.658600315
9010.0 21459999.96296408
9030.0 22830000.081333954
9050.0 23745999.883888848
9070.0 23472000.84164412
9090.0 23312000.67875605
9110.0 23240001.475804105
9130.0 23053999.620029084
9150.0 22925999.6774922
9170.0 22694001.21202278
9190.0 22450000.244683255
9210.0 21948000.178352673
9230.0 19087998.776069965
9250.0 21520000.072912168
9270.0 21548000.506901905
9290.0 21670000.646780577
9310.0 21525999.215923265
9330.0 21365999.595960755
9350.0 21233999.82056663
9370.0 21071999.24717434
9390.0 20896001.147360716
9410.0 20590000.815561872
9430.0 20598000.680260833
9450.0 20455999.96314283
9470.0 20258000.383029036
9490.0 20138000.53498418
9510.0 19879999.619251277
9530.0 19382000.416455768
9550.0 17057999.262612633
9570.0 19293999.5984791
9590.0 19376001.193995036
9610.0 19238000.118600648
9630.0 18967999.678850252
9650.0 18985999.75000275
9670.0 18815999.69791181
9690.0 18698001.509064276
9710.0 18556000.239754245
9730.0 18436000.106520846
9750.0 18294000.553777955
9770.0 18168000.282081623
9790.0 18032000.27465477
9810.0 17905999.917397346
9830.0 17760000.253093086
9850.0 17638000.170226827
9870.0 17512000.494521584
9890.0 17366000.270174894
9910.0 17244000.00863225
9930.0 17138001.38584583
9950.0 17012000.706861068
9970.0 16895999.53683107
9990.0 16770000.4978354
10025.0 16131999.601346338
10075.0 15490000.296854584
10125.0 15908000.567094723
10175.0 15693999.601920696
10225.0 15432001.058825593
10275.0 15164000.663857294
10325.0 14880000.171677772
10375.0 14643999.840698114
10425.0 14395999.302483993
10475.0 14143999.606000056
10525.0 13902000.489133764
10575.0 13674000.612038173
10625.0 13442000.535296088
10675.0 13169999.668744499
10725.0 12988000.032959163
10775.0 12775999.765209299
10825.0 12486000.610609794
10875.0 12352000.382759716
10925.0 11384000.325553244
10975.0 11824000.184237888
11025.0 11750000.38935669
11075.0 11574000.081322113
11125.0 11387999.942280298
11175.0 11200000.508046083
11225.0 11023999.550596159
11275.0 10802000.418117145
11325.0 10646000.241238534
11375.0 10504400.051497294
11425.0 10340000.26540132
11475.0 10177600.183056392
11525.0 10021200.029184068
11575.0 9860400.158334408
11625.0 9695200.224009188
11675.0 9547599.97390207
11725.0 9408000.140708698
11775.0 9238800.019999517
11825.0 9122400.251915077
11875.0 8979599.839605553
11925.0 8850200.205275824
11975.0 8698600.071113506
12025.0 8584800.013795147
12075.0 8455600.15692017
12125.0 8328399.877073096
12175.0 8204200.333035391
12225.0 8082600.053453376
12275.0 7962000.193987838
12325.0 7844399.958565064
12375.0 7729800.405688078
12425.0 7618200.115792764
12475.0 7498800.135058985
12525.0 7393999.889495473
12575.0 7285200.269769979
12625.0 7183800.040310141
12675.0 7082200.181082135
12725.0 6980800.056625145
12775.0 6839600.208587345
12825.0 6364000.084119003
12875.0 6674800.373339209
12925.0 6593199.793908266
12975.0 6494400.047027662
13025.0 6409599.898678064
13075.0 6320199.72751353
13125.0 6232400.129175887
13175.0 6140200.263247131
13225.0 6061399.976338331
13275.0 5977600.021138438
13325.0 5895400.3170580575
13375.0 5814600.26416318
13425.0 5733800.107115342
13475.0 5656800.128812243
13525.0 5579000.105160277
13575.0 5504800.210806154
13625.0 5430599.78380959
13675.0 5356000.409910568
13725.0 5284800.368372562
13775.0 5216800.118937726
13825.0 5147600.172607451
13875.0 5079400.338289383
13925.0 5011799.908887111
13975.0 4946200.005139021
14025.0 4882200.019840503
14075.0 4817600.368624603
14125.0 4755000.272523477
14175.0 4694000.138035238
14225.0 4633400.191035716
14275.0 4573399.954121799
14325.0 4514800.106302098
14375.0 4456799.96401042
14425.0 4395400.095863454
14475.0 4342800.12500592
14525.0 4287400.0260079
14570.0 4240399.940449146
14620.0 4186400.1670437544
14675.0 4129799.999037009
14725.0 4078400.0561159113
14775.0 4027000.009933107
14825.0 3979000.0841735485
14875.0 3929600.037855482
14925.0 3880600.0538238026
14975.0 3831799.9511944363
15025.0 3782399.878952877
15075.0 3732800.1153991017
15125.0 3686000.0347804786
15175.0 3640600.078400736
15225.0 3608600.209844833
15275.0 3540400.0840890403
15325.0 3498000.231355394
15375.0 3483000.0465432927
15425.0 3394799.9917375976
15475.0 3408200.171119256
15525.0 3374800.098743195
15575.0 3250200.0594455763
15625.0 3319000.039598667
15675.0 3239800.089093242
15725.0 3138000.0715789804
15775.0 3212999.9692214383
15825.0 3175600.030261125
15875.0 2983599.9795510746
15925.0 3092000.131094291
15975.0 3078999.983706047
16050.0 3015200.1036399105
16150.0 2874599.9378212322
16250.0 2897400.040758506
16350.0 2813399.9419748466
16450.0 2684600.0674475133
16550.0 2705400.1209556893
16650.0 2644400.002562379
16750.0 2567999.959522766
16850.0 2452000.075813285
16950.0 2471000.016594582
17050.0 2415800.055770417
17150.0 2365600.053644509
17250.0 2314200.0250048246
17350.0 2184400.041628587
17450.0 2212000.0283541097
17550.0 2168999.9872997343
17650.0 2122600.100036653
17750.0 2077799.9746370346
17850.0 2034400.1632242056
17950.0 1992999.9920716998
18050.0 1948800.0010643546
18150.0 1848000.0782144498
18250.0 1863600.0810541299
18350.0 1833199.9761240038
18450.0 1796400.0287314106
18550.0 1759200.009401662
18650.0 1720800.0285101905
18750.0 1632600.0182520845
18850.0 1655399.9970381237
18950.0 1623599.960234468
19050.0 1590800.0667311016
19150.0 1560600.0891089635
19250.0 1529800.0463314047
19350.0 1499600.0057026835
19450.0 1420400.0470575925
19550.0 1441599.972798936
19650.0 1415400.0308182247
19750.0 1388200.0554208553
19850.0 1361999.9705574287
19950.0 1336800.012999624
20050.0 1311600.0571930807
20150.0 1286800.0271727794
20250.0 1263200.0351983665
20350.0 1238999.9629237452
20450.0 1216800.024229796
20550.0 1193600.0268167648
20650.0 1172399.9806523586
20750.0 1150799.969609038
20850.0 1130200.025079919
20950.0 1110000.0118609916
21050.0 1089800.0432498849
21150.0 1069600.041161271
21250.0 1051000.0211851392
21350.0 1032519.9942535501
21450.0 1014239.997335745
21550.0 996559.9730373896
21650.0 945800.0470928844
21750.0 960979.9929507794
21850.0 945580.0056530156
21950.0 929199.9957991946
22050.0 913439.9726699966
22150.0 897760.0183749702
22250.0 882540.0548223488
22350.0 867559.9989127399
22450.0 852899.9858995753
22550.0 838579.9968893635
22650.0 824580.014908914
22750.0 810779.9874345837
22850.0 797420.0563452124
22950.0 784260.0518935338
23050.0 771360.0067837053
23150.0 758820.0051219137
23250.0 746460.0105391725
23350.0 734420.0083040969
23450.0 722479.9799153392
23550.0 710839.9913159413
23650.0 699339.9972672309
23750.0 688160.0207621222
23850.0 677180.0170662175
23950.0 666300.0147316266
24050.0 655320.0120371054
24150.0 644640.0192651905
24250.0 635799.9878670747
24350.0 624580.0229272769
24450.0 614200.0132086022
24550.0 606720.0120019212
24650.0 595700.0211654856
24750.0 586580.0167333498
24850.0 580699.9878199914
24950.0 564220.0204165371
25050.0 563360.0163773063
25150.0 555100.0089867329
25250.0 536780.0039929458
25350.0 538280.0111039518
25450.0 531060.0170378807
25550.0 522500.0001932497
25650.0 502920.03533718386
25750.0 507580.01059749734
25850.0 501239.9928005955
25950.0 494099.9921704198
26050.0 484420.0045520633
26150.0 464980.00297696865
26250.0 454920.00116395345
26350.0 464760.00915133837
26450.0 459240.000872501
26550.0 452540.01656772505
26650.0 445460.02728966577
26750.0 424580.0199877099
26850.0 432700.01039347565
26950.0 427299.9979948913
27050.0 421260.0152809958
27150.0 415319.99488805176
27250.0 409480.00854777807
27350.0 403720.00728664076
27450.0 398000.0039204038
27550.0 380360.016205302
27650.0 384120.004553702
27750.0 381760.0085280516
27850.0 376480.01586310664
27950.0 371340.0092759147
28050.0 366199.9957913548
28150.0 361259.99807662657
28250.0 356320.007858254
28350.0 351440.01731508685
28450.0 346759.99686332967
28550.0 342119.98590351536
28650.0 336199.9955251052
28750.0 321519.99793754227
28850.0 328319.99331715173
28950.0 324139.9968994958
29050.0 319960.00085531495
29150.0 315680.01321907534
29250.0 311539.99205641676
29350.0 307460.0145055807
29450.0 303440.0158847155
29550.0 299500.0093184035
29650.0 295619.9911432636
29750.0 291800.0080124164
29850.0 288020.011287257
29950.0 284340.0067671978
30050.0 280719.9965259341
30150.0 277140.0050437921
30250.0 273560.0091257342
30350.0 262739.9938431053
30450.0 263579.9994125045
30550.0 263240.0086871745
30650.0 260020.00967914204
30750.0 256740.00653798075
30850.0 253420.00394718227
30950.0 250440.01146431942
31050.0 247320.00903993807
31150.0 244240.0091017016
31250.0 241220.00586765012
31350.0 238260.00434080357
31450.0 235340.00388062454
31550.0 232460.00488575498
31650.0 229640.00767947148
31750.0 226820.00856186793
31850.0 224100.00501905233
31950.0 221380.01025877031
32100.0 217400.00420269414
32300.0 212259.99802150417
32500.0 207220.0019993413
32700.0 202339.99891516255
32900.0 193459.99943846714
33100.0 192279.99168194653
33300.0 188339.99637056605
33500.0 184060.00881456086
33700.0 179780.00161808523
33900.0 175800.0035977137
34100.0 171819.9980786286
34300.0 167940.0037841344
34500.0 164220.00378080466
34700.0 160540.00592556148
34900.0 157020.00494654395
35100.0 153580.0053621519
35300.0 150260.002616815
35500.0 146940.00071433283
35700.0 143720.0000500409
35900.0 140840.0074756026
36100.0 137520.0092977375
36300.0 134899.99894364088
36500.0 131680.00239378566
36700.0 129359.99740885859
36900.0 126039.99805815991
37100.0 124020.00151817338
37300.0 120600.00129370426
37500.0 116639.99669808058
37700.0 116620.00055919283
37900.0 114319.99634861636
38100.0 111240.0009588597
38300.0 109219.9981566624
38500.0 107699.99844362066
38700.0 105480.00435934826
38900.0 103304.00232185349
39100.0 99863.99997233244
39300.0 99339.99898427483
39500.0 97387.99912733046
39700.0 95508.00141422533
39900.0 93650.00353144399
40100.0 91255.99981764205
40300.0 88933.99886878725
40500.0 86675.99723697235
40700.0 86655.99928637313
40900.0 85024.00149903157
41100.0 83418.00393477651
41300.0 81846.00127133288
41500.0 80312.00356319097
41700.0 77251.99994618134
41900.0 77330.00366294762
42100.0 75933.99861691431
42300.0 74540.00105095463
42500.0 73179.99988590494
42700.0 71845.99817049723
42900.0 70535.99988142584
43100.0 69272.0018417517
43300.0 68034.00141816484
43500.0 66815.99917054725
43700.0 64394.000340471095
43900.0 64284.00192634478
44100.0 63325.999133810124
44300.0 62218.00114085012
44500.0 61126.00287308353
44700.0 60112.00096019445
44900.0 59016.00236617333
45100.0 57997.99990914311
45300.0 56995.99953454306
45500.0 56024.003037356124
45700.0 55071.9995445146
45900.0 54136.00118941886
46100.0 53220.00231071494
46300.0 52304.00209147216
46500.0 50332.00245007228
46700.0 49451.99907729817
46900.0 49680.003905554855
47100.0 48936.000074571035
47300.0 48166.00106078746
47500.0 47376.001834449096
47700.0 46609.999478165875
47900.0 45844.00290122012
48100.0 45097.9982876662
48300.0 44398.002077751364
48500.0 43642.001132616606
48700.0 42980.00013208706
48900.0 42264.002327938615
49100.0 41623.99984766489
49300.0 40920.0004605955
49500.0 40344.00102383044
49700.0 39611.999643479365
49900.0 39086.001171777694
50100.0 38462.000838602224
50300.0 37778.00165808302
50500.0 37292.00036094463
50700.0 36713.999601801814
50900.0 36015.99900226877
51100.0 35524.0012903442
51300.0 34222.001559983415
51500.0 34472.001077245004
51700.0 33836.00112345534
51900.0 33492.001071627965
52100.0 32987.99976130649
52300.0 32499.998768173027
52500.0 31962.00041621569
52700.0 31364.000871030752
52900.0 31070.000365946606
53100.0 30612.00118017707
53300.0 30164.002126658048
53500.0 29719.99942745371
53700.0 29148.0006503345
53900.0 28736.000082527145
54100.0 28441.99942562479
54300.0 28034.000125687147
54500.0 27632.000418894575
54700.0 27238.000242322203
54900.0 26845.999835783277
55100.0 26424.00096295989
55300.0 25805.998960955498
55500.0 25724.00143464158
55700.0 25360.00011291243
55900.0 25008.000432667814
56100.0 24655.999654645126
56300.0 24314.00055689577
56500.0 23976.00071330921
56700.0 23643.999738640698
56900.0 23312.00044088904
57100.0 22646.00018847715
57300.0 22668.000606031954
57500.0 22376.00065229272
57700.0 22068.00035188526
57900.0 21775.999912961295
58100.0 21474.000548761305
58300.0 21192.000135886246
58500.0 20930.000947375174
58700.0 20648.000703348862
58900.0 20317.99983053627
59100.0 19589.999472799907
59300.0 19788.000484182186
59500.0 19216.000129477397
59700.0 19209.999320064493
59900.0 19062.000180748535
60100.0 18816.00055353311
60300.0 18574.0007524344
60500.0 18332.000339779883
60700.0 18095.999473183187
60900.0 17864.00066629382
61100.0 17632.000293693643
61300.0 17406.001033523
61500.0 17180.000873126635
61700.0 16967.9995833743
61900.0 16752.000745400434
62100.0 16539.999482871266
62300.0 16324.000044288458
62500.0 16122.00063943485
62700.0 15896.000413661664
62900.0 15349.99983008295
63100.0 15484.000406152245
63300.0 15332.000216604398
63500.0 15146.000955978194
63700.0 14954.00073733761
63900.0 14774.000108747465
64200.0 14501.99976053159
64600.0 14154.000134155649
65000.0 13811.999670767034
65400.0 13480.000559238924
65800.0 13158.000636971878
66200.0 12839.999954270928
66600.0 12544.000730533684
67000.0 12252.000368041898
67400.0 11950.00069377264
67800.0 11528.00081503563
68200.0 11406.000253740667
68600.0 11154.00003521872
69000.0 10902.000438029023
69400.0 10640.000210990172
69800.0 10413.999986693201
70200.0 10188.399996905842
70600.0 9957.600822979013
71000.0 9717.000444178277
71400.0 9523.999883269802
71800.0 9316.60026186687
72200.0 9113.20022967058
72600.0 8888.40055389473
73000.0 8722.200513890964
73400.0 8537.400133919946
73800.0 8355.600246670434
74200.0 8175.999864797224
74600.0 7878.200180586861
75000.0 7617.799904706641
75400.0 7663.7998012349235
75800.0 7517.0001833261
76200.0 7361.399934634499
76600.0 7210.400221625031
77000.0 7063.399927417241
77400.0 6919.599819917268
77800.0 6727.200037229993
78200.0 6643.60009502482
78600.0 6510.800018360812
79000.0 6381.400505417372
79400.0 6255.000182982526
79800.0 6131.200058885879
80200.0 6011.000266595562
80600.0 5893.6001866817705
81000.0 5779.400314746757
81400.0 5617.599854837964
81800.0 5546.999987548419
82200.0 5451.600234608527
82600.0 5348.000082344796
83000.0 5246.400108762459
83400.0 5147.199867785159
83800.0 5050.599978941539
84200.0 4956.000095635044
84600.0 4863.800258647276
85000.0 4773.19981925118
85400.0 4685.600149567026
85800.0 4599.0001287906025
86200.0 4515.000366725802
86600.0 4372.400264845981
87000.0 4349.3997677799025
87400.0 4236.800169918312
87800.0 4161.400086212476
88200.0 4122.400201843243
88600.0 4048.0000980172
89000.0 3977.000017571937
89400.0 3907.0002279651217
89800.0 3837.999998595301
90200.0 3771.0000680910543
90600.0 3702.6000801514206
91000.0 3641.199998027398
91400.0 3577.8001716142285
91800.0 3516.400063528445
92200.0 3455.9999755165945
92600.0 3391.2001580274487
93000.0 3339.800037482826
93400.0 3283.4001376964698
93800.0 3179.0001759469433
94200.0 3167.2001420140423
94600.0 3120.7999631950006
95000.0 3065.4002378771806
95400.0 3012.600109237096
95800.0 2968.200046660441
96200.0 2919.4001831100727
96600.0 2871.60014568775
97000.0 2824.800055389625
97400.0 2778.999943627857
97800.0 2734.1999721578704
98200.0 2687.999903162832
98600.0 2638.2001730415136
99000.0 2604.4000165653692
99400.0 2563.6000905589412
99800.0 2522.800133895498
100200.0 2482.600061225343
200000.0 156.6800108846751
400000.0 9.63520017591392
600000.0 1.8760000197510025
800000.0 0.5868400207486026
1000000.0 0.23810001310377263
1200000.0 0.11394000151240628
1400000.0 0.06107400069256769
1600000.0 0.03558999812755787
