wave flux
90.9000015258789 1.0830503854195447e-17
93.5 6.30258577614024e-17
96.0999984741211 3.360771774390973e-16
97.69999694824219 9.054673303062423e-16
99.5999984741211 2.8229191262464762e-15
102.0 1.1238662595072392e-14
103.80000305175781 3.0478772322272664e-14
105.5999984741211 8.008309344520725e-14
107.69999694824219 2.3787079606677177e-13
110.4000015258789 9.107526880770448e-13
114.0 4.958194655541205e-12
117.80000305175781 2.6687706282040294e-11
121.30000305175781 1.1487977024676421e-10
124.80000305175781 4.56420605692471e-10
127.0999984741211 1.0848492279915107e-09
128.39999389648438 1.746014389590499e-09
130.5 3.691791594828508e-09
132.39999389648438 7.127153836054765e-09
133.89999389648438 1.1819648323573848e-08
136.60000610351562 2.8616954552877522e-08
139.8000030517578 7.81472572174727e-08
143.3000030517578 2.2279139977049348e-07
147.1999969482422 6.751350291406727e-07
151.0 1.884437233627951e-06
155.1999969482422 5.5266929352868836e-06
158.8000030517578 1.3295688621699011e-05
162.0 2.811428791686334e-05
166.0 6.89522852681263e-05
170.3000030517578 0.00017244883808352024
173.39999389648438 0.0003258478380238979
176.8000030517578 0.0006387699752763553
180.1999969482422 0.0012189524143963357
181.6999969482422 0.0016143663641785058
186.10000610351562 0.0035570854705013494
191.0 0.00823431157282834
193.89999389648438 0.013263867714345231
198.39999389648438 0.027136995661049296
201.8000030517578 0.045580598955404734
205.0 0.07314271440759264
210.5 0.1599309513378914
216.1999969482422 0.34409782484081847
219.8000030517578 0.550711183150419
223.0 0.8238983726178221
226.8000030517578 1.3176596619857162
230.0 865.6340006652296
234.0 1901.728422432603
240.0 3037.1343160389
246.5 5172.024039797732
252.39999389648438 8504.24771353827
256.79998779296875 11521.995277668208
260.0 20936.784699957105
264.0 36331.11693490727
268.5 54371.802577795155
273.5 74082.84230599679
278.5 92136.48009222369
284.0 195625.23592141364
290.0 280641.6930678822
296.0 367346.0580695655
301.0 594294.4180749279
308.0 1374310.400572729
318.0 3102572.8940201676
328.0 4440139.686133955
338.0 7999584.243253393
348.0 12312836.89897804
357.0 23960854.757708684
366.0 45631883.11064591
375.0 53914718.36297164
385.0 75944764.45060244
395.0 121204358.17609899
405.0 149381128.0438639
414.0 187866519.35910702
422.0 211027909.02067944
430.0 241552924.97558665
441.0 300081615.8654607
451.0 336341193.6059163
460.0 357939200.3521065
470.0 425444029.9885658
480.0 499868809.637199
490.0 540982396.4173775
500.0 653710000.2697197
506.0 1288150889.1776795
512.0 7907732104.531236
520.0 7478572054.177188
530.0 6679136265.181245
540.0 6169703920.879503
550.0 7212235848.81911
560.0 9247692530.354681
570.0 9877424132.62389
580.0 9043852530.848145
590.0 9584799904.148909
600.0 7623591661.845701
610.0 9371847908.849485
620.0 11159399466.167791
630.0 10765964223.489786
640.0 10690651522.881084
650.0 10273851931.879105
658.0 8772624607.182854
665.0 10477632789.941772
675.0 11725968194.849403
685.0 9271352603.342766
695.0 12251768271.35005
705.0 9783728608.81621
716.0 13084764129.086813
726.0 12761584691.838732
735.0 12801120092.341778
745.0 12204455485.61653
755.0 12234107423.699337
765.0 12390604452.760315
775.0 12866707580.60187
785.0 13231256335.392046
795.0 13312788471.356894
805.0 12739444207.905865
815.0 12654200368.013329
825.0 13366244345.468832
835.0 10906651435.46346
845.0 12771043680.088634
855.0 12668816225.70396
865.0 13045824377.634493
875.0 13129885441.230715
885.0 13350695855.874855
895.0 13442436437.648857
905.0 13043316371.234734
915.0 14585080693.506851
925.0 43124159203.50676
935.0 65295359401.98937
945.0 80347440915.02663
955.0 85323359722.25543
965.0 93337124223.28539
975.0 41172801337.156456
985.0 75500359838.46477
995.0 69744644811.62347
1005.0 72767000120.34886
1015.0 75989886621.36728
1025.0 63191558866.32747
1035.0 73343157546.62274
1045.0 83274235091.5381
1055.0 79200324536.66046
1065.0 69717840325.18796
1075.0 71767162522.83595
1085.0 66529198788.505714
1095.0 69992402811.45782
1105.0 67092846717.68268
1115.0 65885598941.95716
1125.0 54996322266.730644
1135.0 63216922994.47676
1145.0 60784439100.020386
1155.0 58221443686.07285
1165.0 56446960110.93141
1175.0 37900600190.493195
1185.0 51324517171.08454
1195.0 50039600459.753296
1205.0 47761598428.366516
1215.0 39267119970.26917
1225.0 46514841568.960785
1235.0 49354840434.076775
1245.0 47377163466.431984
1255.0 47205282374.70943
1265.0 48259476931.92261
1275.0 49286000779.614395
1285.0 49039483487.69591
1295.0 45736838119.03861
1305.0 45479043105.9654
1315.0 47610361494.31627
1325.0 45874561543.43877
1335.0 44406161146.51561
1345.0 44458039085.76405
1355.0 43235161597.04276
1365.0 41817041469.33673
1375.0 40627481716.288025
1385.0 39379799315.82233
1395.0 31734119390.17068
1405.0 32452841465.621826
1415.0 37219360125.94591
1425.0 33606198338.207413
1435.0 35528798589.22988
1442.0 35183158816.59703
1447.0 34948520300.68319
1455.0 33364759295.007755
1465.0 32526203281.693943
1475.0 32667801732.411736
1485.0 32572002160.926567
1495.0 31515920981.062347
1505.0 30645760747.30916
1512.0 29842559206.200127
1517.0 30073000041.443768
1525.0 29060840066.953316
1535.0 25543600975.602406
1545.0 21991039786.29286
1555.0 22000160885.963795
1565.0 24456520997.802395
1575.0 25605360505.070343
1585.0 25694201579.44357
1595.0 25398839200.94664
1605.0 23991319957.060986
1615.0 22958280460.20027
1625.0 23422480127.75899
1635.0 23616399560.22397
1645.0 23384521089.95555
1655.0 23525240577.49439
1665.0 23164519849.94031
1672.0 21465402101.379253
1677.0 24677560996.824715
1685.0 23473360235.42584
1695.0 22642200346.058453
1705.0 22353360451.106487
1715.0 21349160730.596416
1725.0 20636120649.72893
1735.0 21280320606.716633
1745.0 20992641144.63304
1755.0 20654240842.182407
1765.0 20386560360.480534
1775.0 19704240708.45799
1785.0 19905401611.10504
1795.0 19460479677.96833
1805.0 19415120629.13234
1815.0 18801200651.47355
1825.0 18557440218.49699
1835.0 18491640001.98651
1845.0 17497719480.03866
1855.0 17678160048.47812
1865.0 17655119904.727642
1875.0 17307880214.93934
1885.0 16416280301.965057
1895.0 16031200453.059782
1905.0 16425120139.55659
1915.0 15953959677.72055
1925.0 15023240572.163788
1935.0 15803239760.071001
1945.0 15931361118.259987
1955.0 14572520541.73722
1967.0 15159480004.46524
1976.0 15442240921.39415
1984.0 14869480580.392221
1995.0 14467599880.349197
2005.0 14678761559.151764
2015.0 14622239820.3381
2025.0 14581520495.35891
2035.0 13979920725.448606
2045.0 13798040323.68271
2055.0 11446039861.531893
2065.0 11093000909.364342
2074.0 11581840208.290834
2078.0 11436760198.005886
2085.0 12140520259.115622
2095.0 12510801370.317158
2105.0 12698920486.182764
2115.0 12775440087.600788
2125.0 12565879842.879993
2135.0 12442400034.976345
2145.0 12188919867.994102
2155.0 12214719389.137545
2165.0 11766319427.777885
2175.0 11888199735.016413
2185.0 11565160773.860107
2195.0 11691680288.866144
2205.0 11503999882.945673
2215.0 11142120027.193851
2225.0 11146320530.595385
2235.0 10957480144.491549
2245.0 10811655671.772635
2255.0 10506528235.03387
2265.0 10534324657.10136
2275.0 10415600446.267149
2285.0 10188615786.439453
2295.0 9258356373.303858
2305.0 9755764257.067446
2315.0 9715747603.863346
2325.0 9649979888.261694
2335.0 9492211944.819725
2345.0 9386316045.848406
2355.0 9217404363.934204
2365.0 9079376334.671986
2375.0 8902536854.980524
2385.0 8592844210.475191
2395.0 8600479979.218336
2405.0 8563131689.883894
2415.0 8449480676.75087
2425.0 8380176167.622128
2435.0 8229524181.073701
2445.0 8140380546.453932
2455.0 8032467729.111084
2465.0 7924395694.101168
2475.0 7812512167.420598
2485.0 7606064396.840053
2495.0 5963288077.2397995
2505.0 7304688219.936611
2513.0 7065632251.605862
2518.0 7198051929.774345
2525.0 7303428222.684566
2535.0 7242892365.737048
2545.0 7090963481.5577545
2555.0 7014052787.75329
2565.0 6941980018.582403
2575.0 6855256232.121196
2585.0 6774300154.207015
2595.0 6663619975.17851
2605.0 6622272123.577773
2615.0 6500779713.373425
2625.0 6447011900.911938
2635.0 6374476492.146512
2645.0 6273520433.378503
2655.0 6204100254.784434
2665.0 6073752195.227622
2675.0 5956652023.163703
2685.0 5965652039.071383
2695.0 5829840347.230044
2705.0 5781375935.196626
2715.0 5702695917.843696
2725.0 5646739989.093717
2735.0 5519872134.008871
2745.0 5533552459.883335
2755.0 5466944112.77272
2765.0 5375408466.125729
2775.0 5357684189.176669
2785.0 5269495758.796914
2795.0 5113844305.815356
2805.0 5124308107.429328
2815.0 5097467813.855728
2825.0 5020700258.674286
2835.0 4926119851.516059
2845.0 4919744236.196855
2855.0 4848976029.942038
2865.0 4779483760.5951805
2875.0 4729715887.55868
2885.0 4677179661.489185
2895.0 4621643907.232988
2910.0 4520340028.608793
2930.0 4443500180.681188
2950.0 4316312309.891295
2970.0 4227820219.677107
2990.0 4110095958.411883
3010.0 4001328234.6353335
3030.0 3907300279.070318
3050.0 3842995959.0158067
3070.0 3773923872.8302307
3090.0 3659692067.8438234
3110.0 3610315953.4162474
3130.0 3520780044.94046
3150.0 3451591998.711427
3170.0 3371288009.302076
3190.0 3297984040.574688
3210.0 3214724014.287462
3230.0 3158375777.3259573
3250.0 3104072153.712202
3270.0 3019232121.854522
3290.0 2966348088.515243
3310.0 2903276049.837117
3330.0 2835624094.997796
3350.0 2769783991.912681
3370.0 2717899957.800039
3390.0 2676480089.0394673
3410.0 2620944097.297234
3430.0 2568408124.1953406
3450.0 2505104055.225204
3470.0 2461451862.0404267
3490.0 2411800078.504381
3510.0 2367380234.4579573
3530.0 2325076068.6071744
3550.0 2277424061.4502172
3570.0 2237771960.1666255
3590.0 2183119949.208818
3610.0 2140816020.8739336
3630.0 2100164008.6801038
3640.0 2078091958.8527398
3650.0 1984759996.3017366
3670.0 1953339985.743329
3690.0 1915456019.1623924
3710.0 1859107982.2928698
3730.0 1817528130.7536745
3750.0 1838991979.4313812
3770.0 1814760094.1868405
3790.0 1856340088.6343508
3810.0 1888572091.00125
3830.0 1727456208.7168214
3850.0 1871500082.2708523
3870.0 1825732059.631719
3890.0 1633384007.1150696
3910.0 1803544088.06898
3930.0 1749776101.1593626
3950.0 1718124079.0554433
3970.0 1507544059.3147979
3990.0 1672355936.5688064
4010.0 1641936032.4847724
4030.0 1583936066.8207757
4050.0 1591168103.0150976
4070.0 1536052020.1260984
4090.0 1466168123.3071
4110.0 1355400085.2490475
4130.0 1460863955.1064954
4150.0 1442212041.7364857
4170.0 1430327929.059902
4190.0 1403792057.280174
4210.0 1378140068.7933009
4230.0 1362024025.5913935
4250.0 1329024071.939064
4270.0 1300140009.6217363
4290.0 1281140096.474851
4310.0 1250255951.8077128
4330.0 1189256023.6022034
4350.0 1112487963.1949253
4370.0 1192719925.1964834
4390.0 1168183915.9845953
4410.0 1155416014.2097576
4430.0 1145532010.978043
4450.0 1124647957.5913851
4470.0 1088647978.3535135
4490.0 1089995987.9017723
4510.0 1068344001.7756959
4530.0 1055378847.7758867
4550.0 1032703644.3861315
4570.0 1023518003.6343814
4590.0 1004657199.424815
4610.0 987257269.1532667
4630.0 967000855.0305101
4650.0 924306816.513387
4670.0 938109630.3187766
4690.0 916689622.5802646
4710.0 904044409.1967524
4730.0 904683581.6433173
4750.0 889553271.9166243
4770.0 879620005.7451589
4790.0 865801159.8780769
4810.0 851047660.1326765
4830.0 835494024.7049812
4850.0 802259190.6133016
4870.0 737198437.6530379
4890.0 798318831.553946
4910.0 787546395.652225
4930.0 766381176.2570465
4950.0 762385580.840892
4970.0 755224822.8067268
4990.0 743894404.941784
5010.0 722059637.6367408
5030.0 720156782.4293799
5050.0 708114764.5516073
5070.0 701219202.0679076
5090.0 690577186.7068036
5110.0 680335216.6401851
5130.0 669658426.7603273
5150.0 660151196.4139696
5170.0 650855627.6518215
5190.0 642236797.7507514
5210.0 633306455.9146926
5230.0 624352734.0445431
5250.0 614257238.2546717
5270.0 605415237.2855572
5290.0 598350065.8614436
5310.0 589808006.3280611
5330.0 581677646.7628909
5350.0 573624000.9194354
5370.0 565693591.3247317
5390.0 557551600.7665087
5410.0 546360412.2198527
5430.0 542767605.147744
5450.0 535214057.4070467
5470.0 527860416.63468474
5490.0 520718410.62509596
5510.0 513688004.06220967
5530.0 506622804.99283314
5550.0 500180823.2951239
5570.0 493238830.3499802
5590.0 486008409.26107377
5610.0 480420033.5822451
5630.0 474078015.4057959
5650.0 467512805.9982759
5670.0 460636005.71006215
5690.0 449986781.2038082
5710.0 440757996.2123579
5730.0 435392792.8785106
5750.0 429204393.69650555
5770.0 424573983.31617725
5790.0 419008814.9922337
5810.0 413343621.8271307
5830.0 408032019.76776165
5850.0 404331990.10193616
5870.0 392120381.3044594
5890.0 394397217.77276534
5910.0 390720392.520787
5930.0 386408802.8557323
5950.0 382308818.02154446
5970.0 379020414.8495388
5990.0 374497223.4287182
6010.0 370520422.4235755
6030.0 365555203.43631744
6050.0 361278376.43399024
6070.0 356936405.7824666
6090.0 352659609.31499547
6110.0 348194411.010494
6130.0 344029199.99281204
6150.0 339340805.57192254
6170.0 335187197.4293357
6190.0 331610393.0366338
6210.0 327733595.2482539
6230.0 323580023.0859072
6250.0 319591589.88073474
6270.0 315926402.1896892
6290.0 312249590.36389935
6310.0 308107604.9912076
6330.0 304819204.9171659
6350.0 301030805.5509071
6370.0 297665599.83179975
6390.0 294177201.2700203
6410.0 290346803.145852
6430.0 287335196.6232238
6450.0 283858402.90444267
6470.0 280081602.0408178
6490.0 277004802.010464
6510.0 273927996.47789836
6530.0 269874389.42835325
6550.0 263451200.50414237
6570.0 239997606.77708
6590.0 260097609.9323607
6610.0 258544011.7441164
6630.0 255767200.05208272
6650.0 252778807.0133861
6670.0 247925199.9401981
6690.0 244859994.3215568
6710.0 244060000.16714856
6730.0 241071587.07010898
6750.0 238706408.22677502
6770.0 236317992.06191093
6790.0 233206396.1487744
6810.0 231041205.86423504
6830.0 228464416.47335154
6850.0 225987600.30991122
6870.0 223410809.17781335
6890.0 220345614.79200011
6910.0 218234014.27171823
6930.0 216257205.01758137
6950.0 213880393.5080113
6970.0 211591992.78988096
6990.0 209303602.42416677
7010.0 206926795.18530887
7030.0 204450007.19210565
7050.0 202373204.80812427
7070.0 197873197.84217417
7090.0 198284810.1367078
7110.0 195796398.7358373
7130.0 193807998.98677772
7150.0 192031200.75854647
7170.0 189577609.9542564
7190.0 187777605.94821513
7210.0 185977603.34908313
7230.0 182866003.0442839
7250.0 181900810.30118364
7270.0 180224003.11803028
7290.0 177235598.46145836
7310.0 176358798.5711415
7330.0 174570405.48110676
7350.0 172782002.1228307
7370.0 170993601.8093576
7390.0 169293604.40113434
7410.0 167516796.00627828
7430.0 165828406.2055316
7450.0 164051601.4643163
7470.0 162240008.40829626
7490.0 160474806.97754234
7510.0 159086406.38691127
7530.0 157486393.5275227
7550.0 155997997.778501
7570.0 154409596.79994518
7590.0 152356008.18473622
7610.0 151132795.17053905
7630.0 149744402.55484387
7650.0 148256003.6073147
7670.0 146867609.76562145
7690.0 145190795.7807548
7710.0 143890799.56221163
7730.0 142302398.41971055
7750.0 141102396.73594633
7770.0 139713999.11818928
7790.0 138337202.22406194
7810.0 136937205.2379641
7830.0 135648804.96610028
7850.0 134360397.29097447
7870.0 132972000.9061565
7890.0 131672005.3279604
7910.0 130483604.43245733
7930.0 129195203.77925688
7950.0 128095204.20118104
7970.0 126718404.33409692
7990.0 125618402.95935184
8010.0 124330003.08007224
8030.0 123141595.44643934
8050.0 122041608.70559034
8070.0 120853209.02627188
8090.0 119653204.29065731
8110.0 118164803.92447688
8130.0 117476402.6323842
8150.0 116288001.09504902
8170.0 115299604.94397746
8190.0 113899600.41589129
8210.0 112045995.5296843
8230.0 110769194.89440548
8250.0 110169205.46531577
8270.0 108669202.77612922
8290.0 108080799.55450991
8310.0 107192402.34606452
8330.0 106092397.08915357
8350.0 104800526.06899345
8370.0 104106326.9174313
8390.0 103314437.29833281
8410.0 102321400.35030824
8430.0 101423723.05508411
8450.0 100123722.33117005
8470.0 99535326.40738207
8490.0 98645322.22244477
8510.0 97354595.73983425
8530.0 96993445.31020962
8550.0 95371124.06249014
8570.0 95899688.17412682
8590.0 93256922.34879781
8610.0 92783884.3720672
8630.0 93904762.97743247
8650.0 91987800.81281489
8670.0 88097363.14147967
8690.0 91544040.72873424
8710.0 91353326.16928735
8730.0 89437518.0562101
8750.0 83525919.37807657
8770.0 87222165.22488931
8790.0 88528397.94928393
8810.0 87935361.23076244
8830.0 86926522.19495867
8850.0 83299558.70533906
8870.0 78631880.57798426
8890.0 84269281.06785758
8910.0 84218564.13332586
8930.0 83572040.86440507
8950.0 82973645.23721114
8970.0 82173638.93778685
8990.0 80522483.01596303
9010.0 74020164.3283543
9030.0 76587122.19549365
9050.0 79131040.67759864
9070.0 78294522.580075
9090.0 78040322.59722409
9110.0 77578442.7683123
9130.0 76953078.08246793
9150.0 76316565.36845282
9170.0 75510045.09330782
9190.0 74763521.00083393
9210.0 72460038.69174223
9230.0 65972360.302562125
9250.0 71357003.43258357
9270.0 72238598.20324269
9290.0 71884398.02811994
9310.0 71117878.50657426
9330.0 70650198.4422892
9350.0 69834561.04949757
9370.0 69534119.33963744
9390.0 69015283.57916465
9410.0 68401078.35700753
9430.0 67863400.24865064
9450.0 67306883.19230433
9470.0 66528042.15524526
9490.0 66172685.127392374
9510.0 65014998.796062775
9530.0 63091523.18982806
9550.0 57717317.39443376
9570.0 63001960.59174125
9590.0 63400082.970806435
9610.0 62912402.74750198
9630.0 62317039.46411572
9650.0 62101681.36068349
9670.0 61615156.28284086
9690.0 61087482.52082521
9710.0 59773003.46121535
9730.0 60037917.74903421
9750.0 59667921.46614394
9770.0 59192559.63027484
9790.0 58724879.89333463
9810.0 58246044.66309908
9830.0 57810682.664766334
9850.0 57342998.53527594
9870.0 56885318.35168356
9890.0 56397639.285011664
9910.0 55819957.17812272
9930.0 55584597.727039285
9950.0 55148078.716461636
9970.0 54700400.68212438
9990.0 54282719.44537926
10025.0 52053881.36215536
10075.0 50461999.43621672
10125.0 51152881.88652557
10175.0 50569403.12948322
10225.0 49595197.97835126
10275.0 48672162.74428984
10325.0 47627960.58237592
10375.0 46883762.93287214
10425.0 46009562.410954945
10475.0 45165361.26565939
10525.0 44331161.71805911
10575.0 43525803.148564965
10625.0 42731601.378521636
10675.0 41916239.017571874
10725.0 41210880.978915036
10775.0 40466682.08638454
10825.0 39411319.21192537
10875.0 38985961.366188474
10925.0 36147120.95383983
10975.0 37172918.50362939
11025.0 36868719.12139347
11075.0 36353360.059754826
11125.0 35728002.43312319
11175.0 35112641.57206363
11225.0 34496121.49524468
11275.0 33910762.01510461
11325.0 33313079.274944846
11375.0 32757722.513482742
11425.0 32201202.10715898
11475.0 31664680.587496243
11525.0 31138160.59219852
11575.0 30610479.5803096
11625.0 30047438.65172513
11675.0 29559761.96139863
11725.0 29112079.775567416
11775.0 28634400.105678804
11825.0 28157879.64851469
11875.0 27701360.790240534
11925.0 27253680.749620788
11975.0 26605999.465608828
12025.0 26379478.81336102
12075.0 25952960.537701268
12125.0 25535281.356107723
12175.0 25127600.57835855
12225.0 24731079.32302797
12275.0 24342240.638465837
12325.0 23955721.08313835
12375.0 23578041.251629543
12425.0 23210359.958310347
12475.0 22851519.45114525
12525.0 22455000.478585232
12575.0 22137319.354902733
12625.0 21799639.136272334
12675.0 21471959.705793153
12725.0 21144279.945142485
12775.0 20575440.463462964
12825.0 19327760.961938716
12875.0 20130080.24179833
12925.0 19892400.25199545
12975.0 19503560.73629872
13025.0 19295880.481787756
13075.0 19017041.014547464
13125.0 18730520.059682794
13175.0 18451680.195867542
13225.0 18184000.389817927
13275.0 17915160.916720536
13325.0 17656320.367057905
13375.0 17388639.95621172
13425.0 17129800.60063362
13475.0 16892120.498913802
13525.0 16652120.112794606
13575.0 16414439.552144738
13625.0 16175600.219106015
13675.0 15947920.483829523
13725.0 15710240.492501456
13775.0 15501400.157824025
13825.0 15282559.874772146
13875.0 15063720.02794611
13925.0 14844880.248750428
13975.0 14646040.22499708
14025.0 14438361.2500004
14075.0 14248360.008382102
14125.0 14049519.816717695
14175.0 13851839.372439079
14225.0 13662999.982318448
14275.0 13474160.64827093
14325.0 13295320.314474642
14375.0 13116480.106549839
14425.0 12937640.111008395
14475.0 12758800.0630972
14525.0 12589960.182395622
14570.0 12439960.031303337
14620.0 12271120.769581104
14675.0 12092279.963556817
14725.0 11933440.843363285
14775.0 11765760.170300372
14825.0 11616920.465929523
14875.0 11466919.863929566
14925.0 11318080.163505632
14975.0 11169239.59023813
15025.0 11020399.911800949
15075.0 10870399.358942557
15125.0 10741559.565295883
15175.0 10602720.26518292
15225.0 10463879.613118652
15275.0 10333764.342814218
15325.0 10195271.733600304
15375.0 10066548.134257326
15425.0 9930779.78227277
15475.0 9816592.683182184
15525.0 9690403.92732723
15575.0 9542984.158229005
15625.0 9466028.626128606
15675.0 9313607.9635531
15725.0 9172303.846323648
15775.0 9124347.621698912
15825.0 9007044.842402574
15875.0 8771043.434974553
15925.0 8762320.703543948
15975.0 8695363.548764257
16050.0 8509175.950763006
16150.0 8225103.881245174
16250.0 8153727.697394771
16350.0 7903004.113115194
16450.0 7617932.079603382
16550.0 7586672.45264112
16650.0 7408832.015928531
16750.0 7177528.064424464
16850.0 6907456.031405955
16950.0 6904964.093424181
17050.0 6718776.066787516
17150.0 6593819.813044763
17250.0 6441632.343635783
17350.0 6104211.889178835
17450.0 6140603.9434853215
17550.0 6020531.834050564
17650.0 5887343.8799312245
17750.0 5757155.852102544
17850.0 5628852.519688447
17950.0 5507780.0365627855
18050.0 5387476.237968032
18150.0 5109940.138022894
18250.0 5131752.1107560815
18350.0 5048679.814149366
18450.0 4941259.961670601
18550.0 4832956.008021144
18650.0 4700000.080253725
18750.0 4487116.114026625
18850.0 4537812.240946629
18950.0 4445392.060792799
19050.0 4341972.147889275
19150.0 4265552.242510861
19250.0 4178132.0256198356
19350.0 4088595.9288119515
19450.0 3865944.0998292207
19550.0 3921640.1428899234
19650.0 3852104.041246508
19750.0 3775684.041291622
19850.0 3701031.782572817
19950.0 3627612.171022189
20050.0 3556959.93396327
20150.0 3487424.059191139
20250.0 3419888.1356027615
20350.0 3354235.9841752825
20450.0 3288699.940806202
20550.0 3221047.9483319595
20650.0 3165396.073253305
20750.0 3104860.07733542
20850.0 3046208.2018444105
20950.0 2989556.022014421
21050.0 2932904.212724965
21150.0 2870251.8915640805
21250.0 2825599.9816115764
21350.0 2773832.0976131354
21450.0 2722180.129510988
21550.0 2670528.038817608
21650.0 2525643.929615043
21750.0 2570108.149273097
21850.0 2529456.1228398727
21950.0 2485688.1021353067
22050.0 2440920.0438894844
22150.0 2397267.9335352387
22250.0 2354499.992777301
22350.0 2313732.016952402
22450.0 2272963.9936794387
22550.0 2233311.940865262
22650.0 2194544.1461702795
22750.0 2156659.898665613
22850.0 2119008.09336941
22950.0 2083124.0202717194
23050.0 2046472.1363129537
23150.0 2012587.919506902
23250.0 1978820.1682455766
23350.0 1945052.084820569
23450.0 1912284.0597751886
23550.0 1880399.9999336214
23650.0 1848632.0514633493
23750.0 1818748.0412148845
23850.0 1788096.0267016164
23950.0 1759211.9815576992
24050.0 1730327.9506302152
24150.0 1701559.9797309586
24250.0 1673792.118013705
24350.0 1646908.089749579
24450.0 1620023.9586187587
24550.0 1594256.0334103347
24650.0 1568372.0284721581
24750.0 1541488.0450970512
24850.0 1519720.0840735764
24950.0 1492836.05615217
25050.0 1472836.016306072
25150.0 1450067.916514699
25250.0 1422299.9957370572
25350.0 1404415.9645003024
25450.0 1385531.9551150838
25550.0 1361647.9779588305
25650.0 1332764.0515494016
25750.0 1320880.0672961313
25850.0 1302111.9887723944
25950.0 1282227.991864801
26050.0 1258228.050053184
26150.0 1226343.96701331
26250.0 1177460.023186339
26350.0 1202576.0482570147
26450.0 1188692.0364729539
26550.0 1169924.04671634
26650.0 1150924.0502377194
26750.0 1117040.0440892691
26850.0 1116156.0695595227
26950.0 1103272.008575788
27050.0 1087388.0593753408
27150.0 1071504.0370050857
27250.0 1055620.0192172257
27350.0 1040654.7643949959
27450.0 1024724.396496907
27550.0 990570.8216337275
27650.0 988398.4218283577
27750.0 982126.0462244757
27850.0 968207.1975168627
27950.0 954500.0336518207
28050.0 940969.5974749746
28150.0 927850.8611796094
28250.0 914831.9623818148
28350.0 902113.2040234347
28450.0 889494.4050592023
28550.0 876864.0205723229
28650.0 859898.7967057873
28750.0 830145.2374449443
28850.0 840072.8497709878
28950.0 829953.993880402
29050.0 818623.5855982915
29150.0 807493.2300377969
29250.0 796562.7800783813
29350.0 785820.7818860537
29450.0 775278.8566326945
29550.0 764848.4237170875
29650.0 754618.0429435835
29750.0 744576.0312319077
29850.0 734734.0033952789
29950.0 724992.0412081748
30050.0 715450.0405686222
30150.0 705908.0154304896
30250.0 696254.4087320872
30350.0 670789.2077581253
30450.0 669535.6053437942
30550.0 669816.8250909398
30650.0 661186.4155384091
30750.0 652532.8353195431
30850.0 644190.8044267297
30950.0 636137.2171635242
31050.0 627983.6390471852
31150.0 619941.6463467691
31250.0 612087.9846817135
31350.0 604422.8156720288
31450.0 596780.8099817708
31550.0 589227.2012917573
31650.0 581873.6092025373
31750.0 574620.0384093522
31850.0 567466.4369200035
31950.0 560401.1706633912
32100.0 550059.1984764689
32300.0 536640.3802290132
32500.0 523533.21772881027
32700.0 510902.79841935344
32900.0 488160.8242183207
33100.0 484642.02056309645
33300.0 475442.0167093462
33500.0 464592.8278307459
33700.0 453662.4057474793
33900.0 443120.4170566548
34100.0 432878.39245523437
34300.0 422847.99565876473
34500.0 413194.4115898295
34700.0 403764.0128710025
34900.0 394610.40802887233
35100.0 385668.412762721
35300.0 377026.4301369758
35500.0 368672.8087242696
35700.0 360519.2150826031
35900.0 352565.5939337693
36100.0 344812.0117770566
36300.0 337270.00441361853
36500.0 329893.20546518854
36700.0 322851.209110473
36900.0 315574.40199704375
37100.0 308832.4004857647
37300.0 299355.5921760959
37500.0 291213.5891907219
37700.0 289948.415559254
37900.0 283983.20885105233
38100.0 277606.40245648834
38300.0 271864.41051435546
38500.0 266687.5935903845
38700.0 261222.39414056955
38900.0 255757.21209814865
39100.0 249580.39441212744
39300.0 245626.80452317715
39500.0 240750.01507631727
39700.0 235973.21274801245
39900.0 231208.01217871907
40100.0 225931.2112788159
40300.0 220742.81810044803
40500.0 213389.21449724198
40700.0 213600.81643659723
40900.0 209447.1989862649
41100.0 205458.81634472802
41300.0 201382.00311057977
41500.0 197505.1976183281
41700.0 191728.40274976986
41900.0 190051.606919774
42100.0 186574.80964447913
42300.0 183097.99977030332
42500.0 179621.2058692337
42700.0 176344.40127766714
42900.0 172856.00334028527
43100.0 169879.2095322444
43300.0 166790.80225802556
43500.0 163714.0048834924
43700.0 158637.20333558097
43900.0 157248.80104268598
44100.0 154971.99867903785
44300.0 152283.59968111152
44500.0 149506.80135582865
44700.0 146918.40050707373
44900.0 144341.59703838173
45100.0 141841.59368628342
45300.0 139364.80728305757
45500.0 136876.408812868
45700.0 134499.60281375016
45900.0 132199.59494942185
46100.0 129911.199265388
46300.0 127622.80081164333
46500.0 122145.99655396004
46700.0 120857.60083082179
46900.0 120869.20032938935
47100.0 119192.39835263896
47300.0 117204.00910963697
47500.0 115215.60077389746
47700.0 113327.20070118288
47900.0 111438.80002950036
48100.0 109638.80387543177
48300.0 107850.39890679973
48500.0 106061.99978070954
48700.0 104278.24480053937
48900.0 102587.51761122294
49100.0 100988.67908153668
49300.0 99323.76053859552
49500.0 97724.20307096672
49700.0 96162.32293305064
49900.0 94631.60116866359
50100.0 93122.03844783409
50300.0 91650.16368594443
50500.0 90208.28349552734
50700.0 88787.55448114515
50900.0 87405.68449517728
51100.0 85851.48025479873
51300.0 82800.76324259082
51500.0 83280.04383332377
51700.0 82117.00240130031
51900.0 80855.1207901847
52100.0 79622.08316859798
52300.0 78409.04135993453
52500.0 77217.16210482053
52700.0 76054.12060409364
52900.0 74909.92165380779
53100.0 73786.88174144842
53300.0 72683.83656102563
53500.0 71600.80547308436
53700.0 70505.44477022682
53900.0 69462.40490089574
54100.0 68469.35844320155
54300.0 67466.31765158038
54500.0 66482.12146407526
54700.0 65516.75893182375
54900.0 64562.55751270636
55100.0 63599.51976093641
55300.0 62583.001802299164
55500.0 61809.960585903
55700.0 60925.76201720119
55900.0 60060.39881401103
56100.0 59205.040307914256
56300.0 58369.67942487539
56500.0 57545.4795698587
56700.0 56731.28104229153
56900.0 55934.76046876789
57100.0 54928.24205918268
57300.0 54364.03891897036
57500.0 53638.679200007085
57700.0 52893.32051863726
57900.0 52167.96064718138
58100.0 51452.601893116494
58300.0 50746.08104517454
58500.0 50080.7179886783
58700.0 49395.36172631496
58900.0 48587.68147102811
59100.0 46793.479009439296
59300.0 47295.801021425126
59500.0 46460.43860340695
59700.0 46012.761139089125
59900.0 45547.40042528911
60100.0 44942.04132340559
60300.0 44354.36123942611
60500.0 43767.838662226866
60700.0 43191.320087626926
60900.0 42624.80136797199
61100.0 42068.28107979443
61300.0 41521.7609247571
61500.0 40985.23960801886
61700.0 40448.72232069985
61900.0 39931.03972300688
62100.0 39414.52150739017
62300.0 38908.000929136026
62500.0 38411.48239506271
62700.0 37872.63857175941
62900.0 36984.95895439896
63100.0 36878.43888329073
63300.0 36501.92188239905
63500.0 36045.40183298448
63700.0 35597.71969957005
63900.0 35150.04167013471
64200.0 34494.67883885719
64600.0 33649.320609663206
65000.0 32823.96198604142
65400.0 32028.598900766257
65800.0 31253.241593064333
66200.0 30499.039002779937
66600.0 29772.518814491446
67000.0 29067.16003072126
67400.0 28350.639973214817
67800.0 27434.120724335935
68200.0 27068.76089775089
68600.0 26442.241174663835
69000.0 25826.881864796822
69400.0 25239.2011124626
69800.0 24662.679482959826
70200.0 24106.160737053997
70600.0 23559.63971888804
71000.0 23033.120269419123
71400.0 22516.59997724832
71800.0 22018.920723463478
72200.0 21532.401109394625
72600.0 21064.71970302408
73000.0 20598.20104602995
73400.0 20150.519607677714
73800.0 19722.839762488085
74200.0 19265.160047457943
74600.0 18538.63976958456
75000.0 18002.119930324356
75400.0 18060.961296151687
75800.0 17714.44023111895
76200.0 17337.920327012172
76600.0 16979.07960743726
77000.0 16631.40117355618
77400.0 16283.719902103188
77800.0 15934.879298961518
78200.0 15627.201083382308
78600.0 15309.520040050815
79000.0 15000.68008013834
79400.0 14703.000754265311
79800.0 14405.319192469584
80200.0 14116.480595226487
80600.0 13838.800466684157
81000.0 13569.960810472556
81400.0 13271.121004443708
81800.0 13032.280810630546
82200.0 12793.440004791388
82600.0 12545.760841508494
83000.0 12306.919629627635
83400.0 12068.080774647779
83800.0 11839.240429906162
84200.0 11611.560520994002
84600.0 11392.720507396354
85000.0 11183.879974865662
85400.0 10975.040209456836
85800.0 10766.20066744654
86200.0 10567.360084049338
86600.0 10318.172285051083
87000.0 10179.448366752995
87400.0 9909.724549552468
87800.0 9729.000595980018
88200.0 9637.928016495336
88600.0 9464.088025192721
89000.0 9294.016399892835
89400.0 9128.943921982915
89800.0 8965.987945706927
90200.0 8807.915783614177
90600.0 8651.843587887435
91000.0 8499.772120486266
91400.0 8351.700196114856
91800.0 8206.512471174328
92200.0 8064.323881910218
92600.0 7925.13604947863
93000.0 7788.947921342387
93400.0 7655.7601310062655
93800.0 7461.572078925415
94200.0 7381.268234463427
94600.0 7273.079938906145
95000.0 7150.775743040743
95400.0 7030.587956185856
95800.0 6914.052267229934
96200.0 6798.864246851517
96600.0 6686.559807146885
97000.0 6576.139979151765
97400.0 6467.836190004503
97800.0 6362.416227687593
98200.0 6258.996095994493
98600.0 6157.692019489827
99000.0 6058.271980766701
99400.0 5960.852448864251
99800.0 5865.431696121879
100200.0 5771.896302427448
200000.0 356.63520112025253
400000.0 21.67935987544133
600000.0 4.206032127043313
800000.0 1.312924002276068
1000000.0 0.5323579956509075
1200000.0 0.25455440909903887
1400000.0 0.1364808030005697
1600000.0 0.07954008672759862
