wave flux
90.9000015258789 9.038000478442618e-21
93.5 6.224000226795146e-20
96.0999984741211 3.8790001755094154e-19
97.69999694824219 1.1430000456880428e-18
99.5999984741211 3.957000085830196e-18
102.0 1.7850001362083135e-17
103.80000305175781 5.3039996236927215e-17
105.5999984741211 1.5220000324558356e-16
107.69999694824219 5.001000158874872e-16
110.4000015258789 2.168999915760852e-15
114.0 1.3880000222535571e-14
117.80000305175781 8.812000945479592e-14
121.30000305175781 4.39500018172376e-13
124.80000305175781 2.0150000963560095e-12
127.0999984741211 5.251000678673263e-12
128.39999389648438 8.8940003970463e-12
130.5 2.040000147302052e-11
132.39999389648438 4.2360001447349e-11
133.89999389648438 7.434999671145645e-11
136.60000610351562 1.9899999643891755e-10
139.8000030517578 6.101000372596269e-10
143.3000030517578 1.9669998265778754e-09
147.1999969482422 6.811000130695422e-09
151.0 2.1530000987635928e-08
155.1999969482422 7.219000244534051e-08
158.8000030517578 1.9400001131412043e-07
162.0 4.51200001588472e-07
166.0 1.2399999977439074e-06
170.3000030517578 3.484999951186003e-06
173.39999389648438 7.139000206105879e-06
176.8000030517578 1.5220001575966288e-05
180.1999969482422 3.155000133116975e-05
181.6999969482422 4.318000088904707e-05
186.10000610351562 0.00010530000180667056
191.0 0.0002713999996291883
193.89999389648438 0.0004648999994434525
198.39999389648438 0.0010390000602878379
201.8000030517578 0.001865000088853545
205.0 0.0031779998715390184
210.5 0.00766299953590598
216.1999969482422 0.018189999969429445
219.8000030517578 0.030740002442585925
223.0 0.04830000465062561
226.8000030517578 0.0821300050326856
230.0 25.860001944070973
234.0 56.47000125974566
240.0 101.20000164227596
246.5 192.20001186528475
252.39999389648438 338.80000894334535
256.79998779296875 478.3999994233075
260.0 811.6999977376537
264.0 1243.000013417699
268.5 1892.0000712581655
273.5 2782.000117201479
278.5 3881.0001633296583
284.0 8225.000236348771
290.0 12530.0003145952
296.0 18000.000818495853
301.0 24800.000188386926
308.0 52800.00282984889
318.0 114700.0049972957
328.0 183100.005370723
338.0 329000.0138980124
348.0 535900.0313462194
357.0 1447999.9883252706
366.0 2828000.0737541565
375.0 3655000.178665485
385.0 5525000.168720383
395.0 9791999.836492766
405.0 12679999.72968136
414.0 17279999.597290535
422.0 20380000.04191075
430.0 25410001.34481341
441.0 33099998.433826797
451.0 39450002.550446995
460.0 45259999.660788395
470.0 56690000.24407185
480.0 69150001.4505312
490.0 82090004.5801742
500.0 99570001.10059348
506.0 264300010.7971758
512.0 1892000075.756472
520.0 1810000016.1257942
530.0 1688000053.6398895
540.0 1595000164.63774
550.0 2037999876.844296
560.0 2470000178.8795123
570.0 2611000093.5889835
580.0 2375000079.302953
590.0 2646000339.2248306
600.0 2316999989.1752553
610.0 2796000059.1489296
620.0 3206000302.6951866
630.0 3144000051.1727223
640.0 2976999862.1073284
650.0 2827000095.083463
658.0 2780999965.5988975
665.0 3246000096.6256504
675.0 3503000029.280514
685.0 3001000078.2002
695.0 3975000133.5380106
705.0 3400000043.5371585
716.0 4302999994.887966
726.0 4211000067.393456
735.0 4252000148.4508886
745.0 4358999950.885783
755.0 4392999934.661594
765.0 4553000114.893405
775.0 4736000198.762514
785.0 4956000451.648519
795.0 4974000222.251944
805.0 4865000049.037075
815.0 4847000032.09842
825.0 5164000396.704524
835.0 4280999892.8034034
845.0 5013000207.140986
855.0 5001000074.099042
865.0 5193999893.758053
875.0 5313999875.703242
885.0 5506999725.312653
895.0 5603999710.044316
905.0 5477000295.245463
915.0 6649000055.933136
925.0 27900001182.725662
935.0 46369999626.03507
945.0 62570002035.373634
955.0 67090002583.30027
965.0 74690000923.95296
975.0 25210001233.853977
985.0 59100003707.31269
995.0 55699998763.02006
1005.0 59899999923.48943
1015.0 62479999257.18032
1025.0 47860002112.98957
1035.0 58039999642.31897
1045.0 69940000801.29378
1055.0 65680000890.25964
1065.0 56040003021.5778
1075.0 59430000669.30683
1085.0 54600000996.04945
1095.0 58360003670.23481
1105.0 55559996491.74702
1115.0 54559998878.151505
1125.0 43949999772.34012
1135.0 52570002403.696686
1145.0 49720002664.74466
1155.0 48469997889.302315
1165.0 47120000205.08952
1175.0 29539998778.91059
1185.0 42859999300.30003
1195.0 41720003375.99668
1205.0 38299999599.12919
1215.0 30459999037.0996
1225.0 38899998652.04817
1235.0 41690002842.37014
1245.0 39839997600.89534
1255.0 39750001677.944824
1265.0 40669999380.428406
1275.0 41640001265.08359
1285.0 41420003538.35796
1295.0 37000000392.33396
1305.0 37600002907.333145
1315.0 40299998970.7195
1325.0 38479997553.43894
1335.0 37230002036.36603
1345.0 37160003990.81542
1355.0 36480002165.77392
1365.0 34910001229.58875
1375.0 33860000613.64663
1385.0 32700000610.335075
1395.0 24550001983.185577
1405.0 25910000610.241013
1415.0 30379999328.21527
1425.0 27779999488.715553
1435.0 29350001174.477222
1442.0 29390000060.98334
1447.0 29090000541.522602
1455.0 27789999591.66335
1465.0 26650001332.087894
1475.0 26970001423.343937
1485.0 26790000562.1124
1495.0 25960000582.08119
1505.0 24650000214.15834
1512.0 23430000843.610718
1517.0 23810002110.71754
1525.0 23320000666.92056
1535.0 20060000660.77315
1545.0 18019999318.52083
1555.0 17730001404.23788
1565.0 19640000131.810337
1575.0 20750000282.26265
1585.0 20810001099.0276
1595.0 20590000944.612595
1605.0 19739999994.690556
1615.0 18860000288.080242
1625.0 19180000180.756504
1635.0 19599999606.54659
1645.0 19490000948.64835
1655.0 19490000121.988167
1665.0 19289999751.765896
1672.0 17959999204.13921
1677.0 20640000455.021725
1685.0 19550000511.60901
1695.0 18720000422.506657
1705.0 18439999106.130074
1715.0 17539999798.701843
1725.0 16960001047.814022
1735.0 17500000542.207214
1745.0 17259999662.64418
1755.0 17090000185.71081
1765.0 16880000620.454561
1775.0 16140000633.025913
1785.0 16369999173.34197
1795.0 16170000052.275265
1805.0 16190000388.745361
1815.0 15340000611.843403
1825.0 15360000541.795795
1835.0 15190000495.873356
1845.0 14049999450.737896
1855.0 14350001149.35673
1865.0 14439999179.151257
1875.0 14309999707.050741
1885.0 13249999919.179213
1895.0 12659999753.802689
1905.0 13240000678.483068
1915.0 12760001114.33656
1925.0 11989999958.14133
1935.0 12740000297.661524
1945.0 12979999579.555246
1955.0 11680000042.563475
1967.0 12359999431.295647
1976.0 12810001033.824343
1984.0 12069999637.273531
1995.0 11809999243.380444
2005.0 12019999599.433807
2015.0 11999999171.239254
2025.0 12099999814.811125
2035.0 11350000152.707533
2045.0 11299999474.60121
2055.0 9844999772.551964
2065.0 9624999703.021097
2074.0 10090000219.05689
2078.0 9694999517.802372
2085.0 10170000506.735424
2095.0 10220000120.007902
2105.0 10520000727.252485
2115.0 10540000655.446615
2125.0 10490000698.69009
2135.0 10330000518.236946
2145.0 10010000719.57351
2155.0 10149999764.296041
2165.0 9870000254.806648
2175.0 9874999976.144672
2185.0 9639000496.757141
2195.0 9717999774.6791
2205.0 9585000849.39356
2215.0 9351000312.78966
2225.0 9258000612.527323
2235.0 9078999789.446093
2245.0 9018000552.618547
2255.0 8783000207.219803
2265.0 8785000689.42997
2275.0 8684000610.711874
2285.0 8520000014.866239
2295.0 7653000589.538513
2305.0 8181999899.1365
2315.0 8092000291.051704
2325.0 8026000465.247911
2335.0 7876000241.034345
2345.0 7851999838.028711
2355.0 7718000498.370276
2365.0 7614000097.541086
2375.0 7453000372.093796
2385.0 7265000183.661092
2395.0 7221000351.168734
2405.0 7174000503.678036
2415.0 7069000253.734267
2425.0 7015000607.9829
2435.0 6866999950.311786
2445.0 6809999707.572298
2455.0 6739000056.870169
2465.0 6645000478.617832
2475.0 6537999859.317282
2485.0 6375000238.532113
2495.0 4991000032.600843
2505.0 6108999998.9534235
2513.0 5923000093.7005825
2518.0 6049999855.043389
2525.0 6121999994.743334
2535.0 6070000333.481402
2545.0 5906999796.176778
2555.0 5865000226.538848
2565.0 5806000070.17096
2575.0 5742000253.408389
2585.0 5677000398.455713
2595.0 5601000233.047049
2605.0 5557000363.276539
2615.0 5458999911.992776
2625.0 5412000021.522426
2635.0 5349000526.776042
2645.0 5262000238.21689
2655.0 5206000296.275699
2665.0 5068000643.440808
2675.0 5001000187.932892
2685.0 5009000031.1704645
2695.0 4862000075.533425
2705.0 4806000424.275675
2715.0 4764000123.510631
2725.0 4725999982.774143
2735.0 4647000090.086823
2745.0 4625000113.925634
2755.0 4578999879.47534
2765.0 4498000027.570309
2775.0 4498999610.720511
2785.0 4423000053.815218
2795.0 4278000193.17417
2805.0 4294000219.6913295
2815.0 4284000007.6555862
2825.0 4214000030.789683
2835.0 4111999820.3912616
2845.0 4130000432.3146296
2855.0 4062000291.9806314
2865.0 4016999980.4331894
2875.0 3972999734.49388
2885.0 3927000099.247269
2895.0 3879000065.291413
2910.0 3791000077.4297566
2930.0 3734000423.3238688
2950.0 3620000147.297468
2970.0 3553999864.5386443
2990.0 3459000021.5145545
3010.0 3354000306.1444182
3030.0 3294000094.805364
3050.0 3240000118.2089906
3070.0 3185000105.594337
3090.0 3070000192.684436
3110.0 3044000072.732247
3130.0 2964000181.1602616
3150.0 2907999936.3898945
3170.0 2838000080.314594
3190.0 2776000062.5720086
3210.0 2720000033.903191
3230.0 2660000055.3165255
3250.0 2617000002.058746
3270.0 2550000049.138191
3290.0 2500999919.7334805
3310.0 2451000018.5260844
3330.0 2392000158.8698215
3350.0 2343000156.1143575
3370.0 2295000078.093082
3390.0 2260999890.7603345
3410.0 2215000172.288988
3430.0 2168999958.889449
3450.0 2116999989.8391259
3470.0 2077999951.495181
3490.0 2035000174.183449
3510.0 2000000060.9991915
3530.0 1968000022.6033144
3550.0 1926999975.503003
3570.0 1894999990.05625
3590.0 1844999943.115225
3610.0 1813000112.8688252
3630.0 1779000018.6407378
3640.0 1768000071.4463718
3650.0 1714000046.89445
3670.0 1689999963.2696526
3690.0 1656000135.189297
3710.0 1596999976.2788644
3730.0 1547999998.4269745
3750.0 1578000098.9054875
3770.0 1552999906.4636402
3790.0 1600000014.3332202
3810.0 1637000104.1724212
3830.0 1475999997.9540033
3850.0 1633000074.4858243
3870.0 1593999942.0932167
3890.0 1397000074.4299564
3910.0 1581999961.198694
3930.0 1533000180.5662603
3950.0 1506000001.340774
3970.0 1290000056.6263065
3990.0 1464000023.8285198
4010.0 1443000078.4733675
4030.0 1385000055.2333047
4050.0 1397999954.9566271
4070.0 1340999908.3635142
4090.0 1272999988.5086997
4110.0 1167000034.178071
4130.0 1279000060.7751884
4150.0 1264999996.195744
4170.0 1256000100.2571611
4190.0 1235000099.8653557
4210.0 1217000001.69132
4230.0 1196999957.5206704
4250.0 1165999971.3385427
4270.0 1138000013.9756546
4290.0 1121000001.7596653
4310.0 1091999990.7461915
4330.0 1031000051.049795
4350.0 958100033.2876092
4370.0 1041000012.1835591
4390.0 1024000071.0005374
4410.0 1015000036.3314593
4430.0 1006999975.3819157
4450.0 988199974.0136931
4470.0 952099982.0838897
4490.0 958499972.5152212
4510.0 942800025.5539031
4530.0 930700043.8939976
4550.0 913100077.7999336
4570.0 901200041.2505033
4590.0 884700001.6196132
4610.0 867300037.4899907
4630.0 851299945.8952967
4650.0 815599990.0130072
4670.0 825800066.1204296
4690.0 812800026.4761462
4710.0 792300042.839359
4730.0 794799984.6732725
4750.0 781199975.9291492
4770.0 775400069.6613897
4790.0 762800009.7520449
4810.0 748899965.5119696
4830.0 734400040.8946148
4850.0 700700064.4451987
4870.0 638700029.7876827
4890.0 702399988.2912844
4910.0 693799957.6857858
4930.0 673200009.944561
4950.0 670800036.1321539
4970.0 665900057.9104557
4990.0 655600012.7828647
5010.0 633500007.4046385
5030.0 634800027.8667127
5050.0 623399979.665168
5070.0 618300030.0035939
5090.0 608499983.8851653
5110.0 599299960.5525453
5130.0 589000041.2148404
5150.0 581000011.3414673
5170.0 573500027.9767337
5190.0 566199991.0994583
5210.0 558300064.105377
5230.0 550200027.8874242
5250.0 541900039.3290782
5270.0 533800016.95102465
5290.0 527400000.56235546
5310.0 519899991.7738023
5330.0 512899985.26997375
5350.0 505699981.1435494
5370.0 498799991.6943062
5390.0 491500014.30330807
5410.0 483600005.41041183
5430.0 478700014.1506929
5450.0 472000006.66460586
5470.0 465499992.49201065
5490.0 459100011.7919028
5510.0 453300024.6686354
5530.0 446799991.1225265
5550.0 441300028.54649377
5570.0 435199983.58055836
5590.0 429199978.0099854
5610.0 423899979.9798709
5630.0 418399994.19852793
5650.0 412400026.34803545
5670.0 405899974.2485826
5690.0 397700005.91253155
5710.0 393400016.2634986
5730.0 388699981.13239944
5750.0 382700021.3025338
5770.0 379100006.723135
5790.0 374099988.6285967
5810.0 369200016.7023822
5830.0 363900008.13512176
5850.0 360199995.195264
5870.0 347900020.7114663
5890.0 349899994.8410732
5910.0 346700024.71988714
5930.0 342300010.97347116
5950.0 338400005.5079037
5970.0 335599992.6399319
5990.0 330600005.51985705
6010.0 327100007.1468574
6030.0 322600008.97638935
6050.0 318900003.471379
6070.0 315300001.91059303
6090.0 311499993.11515516
6110.0 307600003.28164184
6130.0 303899995.51271373
6150.0 299500004.5365186
6170.0 296099992.07551426
6190.0 292800001.80845565
6210.0 289499995.6678384
6230.0 286000026.46938825
6250.0 282300000.93372923
6270.0 279099985.3668047
6290.0 275900012.8465312
6310.0 272500012.237251
6330.0 269400020.5528704
6350.0 266000001.27205262
6370.0 263099996.51028848
6390.0 260000015.951026
6410.0 256899998.57805377
6430.0 254000004.56552684
6450.0 250999989.25013766
6470.0 247499993.41863024
6490.0 244800006.29216343
6510.0 242200003.0474321
6530.0 238700009.38551524
6550.0 232000005.8933107
6570.0 209400006.82769302
6590.0 229300006.74138647
6610.0 228499995.0124859
6630.0 226100006.7548134
6650.0 223499992.6895695
6670.0 219200004.10833752
6690.0 216800005.14556643
6710.0 215999996.07548526
6730.0 213199998.19502515
6750.0 211300004.36369807
6770.0 209099994.8615275
6790.0 205900008.6410346
6810.0 204300011.20601514
6830.0 202099993.07647872
6850.0 200000009.73360494
6870.0 197700004.85288334
6890.0 195300004.4467828
6910.0 192999999.12752134
6930.0 191399998.07248512
6950.0 189299990.80968568
6970.0 187300015.96123433
6990.0 185199996.70546103
7010.0 183200012.43797106
7030.0 181100006.24195904
7050.0 179300013.83547
7070.0 174999993.2370756
7090.0 175499989.6538141
7110.0 173100008.25918612
7130.0 171400010.53077734
7150.0 169999995.5906794
7170.0 168100005.11502615
7190.0 166400008.57177392
7210.0 164700003.89244944
7230.0 161499993.70956257
7250.0 161000007.97628838
7270.0 159599989.77913535
7290.0 156899995.87671137
7310.0 156300003.62532678
7330.0 154700012.71534175
7350.0 153099992.58640155
7370.0 151500014.60245275
7390.0 150000000.18958703
7410.0 148499994.83751878
7430.0 146900003.1935624
7450.0 145400002.738863
7470.0 143600006.01305482
7490.0 142299994.4102327
7510.0 140999996.7552652
7530.0 139599999.73068178
7550.0 138299993.70997864
7570.0 136900008.95140636
7590.0 135400007.02736118
7610.0 134000008.92353539
7630.0 132800003.17930715
7650.0 131500004.58757652
7670.0 130200008.1942057
7690.0 128800002.60132474
7710.0 127600010.60252646
7730.0 126300009.4290819
7750.0 125100002.84138796
7770.0 123900000.89222667
7790.0 122700003.54587117
7810.0 121499999.58046578
7830.0 120400008.65442073
7850.0 119200003.88338122
7870.0 117900003.98063043
7890.0 116699996.04653694
7910.0 115799998.93944412
7930.0 114600003.64900504
7950.0 113599999.75575086
7970.0 112399993.8603135
7990.0 111400006.04812397
8010.0 110299997.58822136
8030.0 109200006.85471377
8050.0 108200000.55520971
8070.0 107199992.56842272
8090.0 106100002.77256538
8110.0 104700000.21647245
8130.0 104300005.63788892
8150.0 103199997.59597474
8170.0 102300008.94688341
8190.0 101000001.64390744
8210.0 99820000.3713719
8230.0 98830000.0937562
8250.0 98270004.75122365
8270.0 96690001.41780777
8290.0 96390000.83115871
8310.0 95589996.18399534
8330.0 94650008.70747466
8350.0 93419999.57739386
8370.0 92790002.74793407
8390.0 92120003.07292
8410.0 91239999.13694027
8430.0 90390007.64505765
8450.0 89120007.12891765
8470.0 88689998.7043883
8490.0 87840001.95893799
8510.0 86720002.23930696
8530.0 86340003.97074036
8550.0 84710005.10114959
8570.0 85500000.66344887
8590.0 82730001.62583056
8610.0 82359996.74049866
8630.0 83780002.4016984
8650.0 81789995.26311772
8670.0 77789999.869767
8690.0 81610000.77136752
8710.0 81560006.12626229
8730.0 79589998.39322174
8750.0 73580002.30702718
8770.0 77480001.33066429
8790.0 79010001.17713226
8810.0 78510003.65314977
8830.0 77539997.17556897
8850.0 73850000.37934528
8870.0 69270002.00454926
8890.0 75100004.27979715
8910.0 75189999.24871884
8930.0 74600005.74878067
8950.0 74150000.00605392
8970.0 73380001.27784021
8990.0 71729996.54441817
9010.0 65260001.391569234
9030.0 67900000.46015213
9050.0 70620003.12615532
9070.0 69850003.74378376
9090.0 69700004.29245052
9110.0 69340000.8028378
9130.0 68780004.75880723
9150.0 68210001.08747326
9170.0 67450001.15076736
9190.0 66770004.41713046
9210.0 64450005.498417646
9230.0 58060001.443819225
9250.0 63459997.584709264
9270.0 64489996.108448856
9290.0 64230002.25903802
9310.0 63529999.58470275
9330.0 63099999.64472408
9350.0 62610005.26836115
9370.0 62190000.51938015
9390.0 61710004.97863768
9410.0 61170001.928486526
9430.0 60679998.24645917
9450.0 60180003.753048874
9470.0 59440004.26525335
9490.0 59130000.00234658
9510.0 58029998.70905822
9530.0 56080003.87548718
9550.0 50840003.33964736
9570.0 56129997.796616755
9590.0 56649998.84695888
9610.0 56200003.483356185
9630.0 55670004.02957539
9650.0 55539999.81181495
9670.0 55109999.73967254
9690.0 54630003.941786766
9710.0 53709997.23089392
9730.0 53740002.41111066
9750.0 53370001.18869063
9770.0 52960000.06428119
9790.0 52530002.04911854
9810.0 52080000.313318454
9830.0 51720000.579410754
9850.0 51289999.6169884
9870.0 50879997.99558675
9890.0 50429998.7217294
9910.0 49879999.84909962
9930.0 49719998.915541746
9950.0 49330002.35692934
9970.0 48920000.49857534
9990.0 48540001.614618234
10025.0 46369998.72472226
10075.0 44900002.76106553
10125.0 45870001.20885114
10175.0 45249999.62913127
10225.0 44379998.68117966
10275.0 43570000.51683308
10325.0 42620001.21079715
10375.0 41969998.527775094
10425.0 41190001.95742385
10475.0 40429999.90674615
10525.0 39690002.09865685
10575.0 38969997.41816114
10625.0 38260000.78588111
10675.0 37519998.06448611
10725.0 36899999.145941794
10775.0 36239999.354308814
10825.0 35259999.49138925
10875.0 34899998.368338756
10925.0 32120000.95437579
10975.0 33220002.60032137
11025.0 32989999.942625407
11075.0 32560001.00577854
11125.0 32000000.11571807
11175.0 31460001.49861413
11225.0 30899998.742450193
11275.0 30379998.471204236
11325.0 29839999.897914965
11375.0 29350000.584384367
11425.0 28849999.847497404
11475.0 28370000.54333367
11525.0 27900001.26631725
11575.0 27419998.90078146
11625.0 26959999.991464116
11675.0 26499999.332596365
11725.0 26089998.913690343
11775.0 25659999.07504457
11825.0 25240000.610180642
11875.0 24830002.25803365
11925.0 24429999.115521953
11975.0 23839999.09679652
12025.0 23650000.197533377
12075.0 23269999.715511825
12125.0 22900000.08679552
12175.0 22530000.477760814
12225.0 22180000.49713327
12275.0 21830001.3071277
12325.0 21479999.353841
12375.0 21140000.34408122
12425.0 20820000.1044891
12475.0 20489999.274665024
12525.0 20130000.651498668
12575.0 19860000.356331524
12625.0 19550000.331932284
12675.0 19260000.3627162
12725.0 18969999.946403194
12775.0 18419999.046017386
12825.0 17209999.623224154
12875.0 18050000.361106362
12925.0 17850000.008886363
12975.0 17480001.37468768
13025.0 17309999.98628902
13075.0 17059999.48750651
13125.0 16809999.996250745
13175.0 16559999.843242018
13225.0 16320000.768956216
13275.0 16080001.389942937
13325.0 15840000.070485707
13375.0 15610000.707689652
13425.0 15369998.987353787
13475.0 15159999.850528812
13525.0 14940000.335448548
13575.0 14730000.906319182
13625.0 14510000.757798448
13675.0 14320001.110265993
13725.0 14100000.684174754
13775.0 13920000.573888017
13825.0 13719999.556256954
13875.0 13530000.33265932
13925.0 13330000.065090727
13975.0 13149999.829508651
14025.0 12960000.12195039
14075.0 12789999.895350186
14125.0 12610000.192971982
14175.0 12440000.048391731
14225.0 12270000.411747264
14275.0 12100000.51267039
14325.0 11940000.237902619
14375.0 11780000.794678526
14425.0 11619999.903124398
14475.0 11459999.841630302
14525.0 11310000.384581981
14570.0 11169999.8282133
14620.0 11020000.80635204
14675.0 10859999.864914624
14725.0 10719999.413995154
14775.0 10569999.827107912
14825.0 10439999.89631235
14875.0 10300000.086071286
14925.0 10170000.562745681
14975.0 10030000.841588095
15025.0 9902999.945900345
15075.0 9761000.351365061
15125.0 9651000.201780234
15175.0 9525999.674818976
15225.0 9404000.028731307
15275.0 9281000.264317129
15325.0 9160999.386044318
15375.0 9048999.880077392
15425.0 8921000.802174943
15475.0 8820999.989213942
15525.0 8708000.198008852
15575.0 8570000.482285123
15625.0 8509999.949910657
15675.0 8366000.345841972
15725.0 8234999.866161682
15775.0 8205000.17640295
15825.0 8099000.375656801
15875.0 7863999.8571945345
15925.0 7875000.471058701
15975.0 7822000.162470861
16050.0 7650000.02731026
16150.0 7382000.02526745
16250.0 7337999.767409282
16350.0 7104000.566009175
16450.0 6834999.90470834
16550.0 6830999.851006952
16650.0 6671000.213524047
16750.0 6452999.751094155
16850.0 6198000.332969126
16950.0 6217999.918348789
17050.0 6046000.506710776
17150.0 5938000.2183449
17250.0 5800000.214991322
17350.0 5472000.229339581
17450.0 5528000.450774123
17550.0 5423000.116713005
17650.0 5303000.175098002
17750.0 5186000.004327852
17850.0 5068999.956063806
17950.0 4962000.027455455
18050.0 4852999.901128933
18150.0 4583000.291778599
18250.0 4618000.020073133
18350.0 4549000.272231945
18450.0 4452000.107976985
18550.0 4353999.95443069
18650.0 4236000.210040102
18750.0 4027000.3706341567
18850.0 4089000.164768068
18950.0 4006000.087522952
19050.0 3912000.1029829523
19150.0 3843999.9188199835
19250.0 3765999.859584554
19350.0 3683999.9970735135
19450.0 3466999.885133545
19550.0 3533000.0369331916
19650.0 3472999.984542609
19750.0 3403999.974655917
19850.0 3336000.246594251
19950.0 3270999.951056744
20050.0 3207000.1725462703
20150.0 3145000.0520492783
20250.0 3084000.0347875855
20350.0 3023999.866758764
20450.0 2965000.099966466
20550.0 2904000.044229685
20650.0 2853999.938331523
20750.0 2800000.0163345397
20850.0 2746999.9569155015
20950.0 2695999.8530759136
21050.0 2645000.0076404396
21150.0 2587000.25159764
21250.0 2549000.0741182053
21350.0 2502000.0304930587
21450.0 2455000.110266625
21550.0 2408000.0583378654
21650.0 2266000.130401038
21750.0 2317000.1548703886
21850.0 2281000.0158645716
21950.0 2241999.9083968815
22050.0 2201999.956596424
22150.0 2162999.9103024276
22250.0 2123999.9784768084
22350.0 2087000.1102875606
22450.0 2050999.9479836118
22550.0 2015000.0493242396
22650.0 1980000.1596538313
22750.0 1946000.0530086283
22850.0 1912000.1452178145
22950.0 1878999.9619244663
23050.0 1846999.9944906374
23150.0 1816000.1361114555
23250.0 1785000.0290532154
23350.0 1755000.088697897
23450.0 1726000.093809264
23550.0 1696999.9114678518
23650.0 1668000.0058195987
23750.0 1641000.0321835198
23850.0 1614000.0439316628
23950.0 1587000.1552430936
24050.0 1561000.1530564947
24150.0 1536000.0521328752
24250.0 1511000.1057267133
24350.0 1486000.0876875767
24450.0 1461999.9570097933
24550.0 1439000.0618331705
24650.0 1414999.998066303
24750.0 1390999.9469983361
24850.0 1372000.0819036232
24950.0 1346999.9866991157
25050.0 1329000.0440520537
25150.0 1308000.0880777033
25250.0 1283000.015047088
25350.0 1267000.0694462454
25450.0 1251000.0240397397
25550.0 1228000.086001373
25650.0 1201999.9946265912
25750.0 1192000.0247868786
25850.0 1176000.0008339656
25950.0 1157999.9394894405
26050.0 1135000.0507472968
26150.0 1105000.0703537983
26250.0 1057999.9825510816
26350.0 1085000.0222648222
26450.0 1073999.9716701536
26550.0 1057000.0336572672
26650.0 1038000.0623616213
26750.0 1006000.0170219926
26850.0 1008000.0245412075
26950.0 996599.9978507687
27050.0 982099.9638593226
27150.0 967800.0637911608
27250.0 953699.9979654434
27350.0 940000.0187856724
27450.0 925200.0595036924
27550.0 891600.061362645
27650.0 891500.0456687766
27750.0 887200.0738465819
27850.0 874699.9804639303
27950.0 862300.0781762876
28050.0 850000.074088919
28150.0 838200.0447158174
28250.0 826499.9849192668
28350.0 814899.9924620125
28450.0 803600.0108191351
28550.0 792099.9999658732
28650.0 775800.0170379629
28750.0 746700.0356683213
28850.0 758700.0524197676
28950.0 749799.9993422232
29050.0 739600.0186376495
29150.0 729600.0682677444
29250.0 719699.9959795529
29350.0 710000.0356238502
29450.0 700400.0189694808
29550.0 691100.024042746
29650.0 681800.0077004205
29750.0 672800.017272743
29850.0 663899.9779832913
29950.0 655100.028136148
30050.0 646500.0633918083
30150.0 637700.018348158
30250.0 628899.9862828681
30350.0 603999.9951521461
30450.0 603500.0056385334
30550.0 605000.0023288763
30650.0 597500.0460627744
30750.0 589499.9880322996
30850.0 582100.0474982421
30950.0 574800.0156397764
31050.0 567500.0067245417
31150.0 560200.020531576
31250.0 553099.9951347255
31350.0 546200.0200539534
31450.0 539299.9976549913
31550.0 532500.0070188352
31650.0 525900.0269459194
31750.0 519300.00206440984
31850.0 512800.0116991238
31950.0 506500.03583286656
32100.0 497100.0038626011
32300.0 484900.01902303915
32500.0 473200.0319704296
32700.0 461699.98065405124
32900.0 439899.9955789426
33100.0 437600.0092016217
33300.0 429099.9978014974
33500.0 419099.99036644184
33700.0 409300.0163939761
33900.0 399799.98523016396
34100.0 391300.0287158486
34300.0 382300.02475987264
34500.0 373500.004948683
34700.0 364999.97584254434
34900.0 356700.00516502466
35100.0 348700.00860910217
35300.0 340900.0264139866
35500.0 333300.0235163865
35700.0 325900.00387689227
35900.0 318800.0154689501
36100.0 311600.0050692977
36300.0 305000.0090830398
36500.0 297999.99784525135
36700.0 291899.99170757434
36900.0 285100.0069446135
37100.0 279100.005801932
37300.0 270100.02333884384
37500.0 262799.9990770262
37700.0 262100.0088824579
37900.0 256799.98926465868
38100.0 250799.98776434475
38300.0 245800.00758984522
38500.0 241200.005344134
38700.0 236199.99243586074
38900.0 231299.9967862976
39100.0 225499.98659060124
39300.0 222200.00638219732
39500.0 217699.9963242484
39700.0 213400.00931779793
39900.0 209100.00436134296
40100.0 204100.00101791616
40300.0 199300.0068914531
40500.0 192500.00313318992
40700.0 193099.9932042937
40900.0 189400.0019786574
41100.0 185800.00747799926
41300.0 182100.00569632373
41500.0 178600.00512076914
41700.0 173100.00135832772
41900.0 171800.0026059617
42100.0 168800.011707097
42300.0 165600.00118318747
42500.0 162500.0016252166
42700.0 159499.99840450176
42900.0 156300.00476233492
43100.0 153699.99582120107
43300.0 150899.99315424595
43500.0 148100.0046819557
43700.0 143200.00672590913
43900.0 142100.00760604578
44100.0 140199.99435753748
44300.0 137699.99072526384
44500.0 135200.00387558874
44700.0 132900.00422233596
44900.0 130600.0028128942
45100.0 128299.99967062745
45300.0 126000.00235216224
45500.0 123800.00074824605
45700.0 121700.00379394571
45900.0 119600.00201462576
46100.0 117500.0028760237
46300.0 115399.99897295775
46500.0 110199.99796325591
46700.0 108999.99986248337
46900.0 109200.00612396646
47100.0 107899.99849631022
47300.0 106099.99489568059
47500.0 104300.00377321287
47700.0 102499.99635345957
47900.0 100799.99719480867
48100.0 99170.00225344882
48300.0 97539.99653040213
48500.0 95939.99832873055
48700.0 94380.00234931959
48900.0 92839.99736779761
49100.0 91340.00015498344
49300.0 89860.00256613354
49500.0 88420.00429936506
49700.0 87000.00040892161
49900.0 85620.00131749995
50100.0 84259.99824861395
50300.0 82929.99773054474
50500.0 81619.99973059741
50700.0 80339.99906593296
50900.0 79080.0005980026
51100.0 77620.00408202528
51300.0 74700.00191530789
51500.0 75320.00371168375
51700.0 74299.99732245035
51900.0 73160.00217123351
52100.0 72039.99985681061
52300.0 70949.99928047693
52500.0 69870.0000971482
52700.0 68810.00366309776
52900.0 67780.00201466901
53100.0 66760.00235879194
53300.0 65770.00366564616
53500.0 64790.00307718548
53700.0 63780.00350175081
53900.0 62840.00525177724
54100.0 61960.00302535299
54300.0 61049.99889627459
54500.0 60159.99909543364
54700.0 59280.0013822218
54900.0 58420.004166293504
55100.0 57540.00102242558
55300.0 56599.99651626889
55500.0 55929.997827581334
55700.0 55130.00373854259
55900.0 54350.00175057366
56100.0 53580.00211378177
56300.0 52820.00128061061
56500.0 52070.001794008895
56700.0 51340.00366694838
56900.0 50609.99721226174
57100.0 49669.999475408455
57300.0 49189.99849017997
57500.0 48540.00133835397
57700.0 47869.999909937105
57900.0 47209.99974539216
58100.0 46560.0032922312
58300.0 45930.00244327223
58500.0 45319.99921419532
58700.0 44709.99871009017
58900.0 43950.00192494186
59100.0 42240.00200608702
59300.0 42780.001713358004
59500.0 42010.000150982945
59700.0 41609.999516969656
59900.0 41230.00155885704
60100.0 40680.001194922195
60300.0 40140.0021888687
60500.0 39610.00124926774
60700.0 39089.99793923563
60900.0 38580.00023342786
61100.0 38079.999245514904
61300.0 37579.99846901327
61500.0 37090.000325700144
61700.0 36619.999232868104
61900.0 36139.99902124833
62100.0 35680.00324436767
62300.0 35220.0000663599
62500.0 34770.00121597589
62700.0 34270.00268605021
62900.0 33410.00211272696
63100.0 33360.00070389309
63300.0 33039.99865581203
63500.0 32629.999660269845
63700.0 32220.00092730998
63900.0 31820.00038424027
64200.0 31230.000251327394
64600.0 30459.999494071086
65000.0 29710.000080205748
65400.0 28990.001125079478
65800.0 28290.000413432055
66200.0 27610.001459877312
66600.0 26950.000008209037
67000.0 26310.002091189766
67400.0 25660.000090182562
67800.0 24800.001418035063
68200.0 24510.00018199537
68600.0 23940.000345876113
69000.0 23390.000556875497
69400.0 22849.9994536655
69800.0 22329.999842355715
70200.0 21820.00006790544
70600.0 21330.000751014075
71000.0 20849.99999144778
71400.0 20390.001094087773
71800.0 19940.001878207924
72200.0 19500.000400669913
72600.0 19070.000637114757
73000.0 18650.000632287803
73400.0 18249.99961215956
73800.0 17859.999449595518
74200.0 17440.000701688816
74600.0 16760.001447438575
75000.0 16270.000579005715
75400.0 16339.999899002234
75800.0 16040.000812698543
76200.0 15700.000351936364
76600.0 15380.00086750805
77000.0 15059.999725082409
77400.0 14750.000422744273
77800.0 14420.000245037229
78200.0 14150.000701498022
78600.0 13870.00026081867
79000.0 13590.00030512539
79400.0 13310.000827088415
79800.0 13050.00043479089
80200.0 12789.999954017467
80600.0 12539.999477679723
81000.0 12290.00021448139
81400.0 12010.000090171698
81800.0 11800.000497747524
82200.0 11579.999374495535
82600.0 11360.000172595717
83000.0 11140.000808393052
83400.0 10930.000164961466
83800.0 10720.000631015755
84200.0 10520.00030604882
84600.0 10320.000304666137
85000.0 10129.999994081963
85400.0 9937.000090587582
85800.0 9753.000115694194
86200.0 9572.000447373539
86600.0 9334.999835572396
87000.0 9216.999688857883
87400.0 8966.000149315047
87800.0 8803.000048547023
88200.0 8730.000121971647
88600.0 8573.000097442628
89000.0 8418.99977392824
89400.0 8269.000082614019
89800.0 8122.000314436611
90200.0 7978.000286301271
90600.0 7838.000384586852
91000.0 7700.0005274409605
91400.0 7565.000336162251
91800.0 7434.000132745707
92200.0 7305.000420973616
92600.0 7179.000300791722
93000.0 7056.000057599442
93400.0 6935.000169923663
93800.0 6751.9999914982645
94200.0 6684.999892400321
94600.0 6589.000154426963
95000.0 6478.00014643662
95400.0 6369.000572168942
95800.0 6263.000111402014
96200.0 6158.999963789664
96600.0 6058.000255367224
97000.0 5958.000213882478
97400.0 5860.000575218236
97800.0 5763.999912653844
98200.0 5669.999863611256
98600.0 5577.999875684289
99000.0 5488.000267201316
99400.0 5400.000063858596
99800.0 5314.000444218767
100200.0 5228.999943557841
200000.0 323.6000034353671
400000.0 19.73000078331783
600000.0 3.836000079351581
800000.0 1.198999999787953
1000000.0 0.48640001398582206
1200000.0 0.23270000201171395
1400000.0 0.12479999979055233
1600000.0 0.07270000163645837
