-3.753166208191132114e-01 -5.069862130842713865e-01
-3.726330576074595169e-01 -5.022914992202943685e-01
-3.699494943958058224e-01 -4.975964612143415899e-01
-3.672659311841521279e-01 -4.929006589088954504e-01
-3.645823679724984334e-01 -4.882041064841172728e-01
-3.618988047608447389e-01 -4.835073066104688122e-01
-3.592152415491910444e-01 -4.788107182647294291e-01
-3.565316783375374055e-01 -4.741147975318436569e-01
-3.538481151258837110e-01 -4.694199774687303206e-01
-3.511645519142300165e-01 -4.647265322613375327e-01
-3.484809887025763220e-01 -4.600346690896367496e-01
-3.457974254909226275e-01 -4.553445614278560649e-01
-3.431138622792689330e-01 -4.506561767359507087e-01
-3.404302990676152385e-01 -4.459694041523357133e-01
-3.377467358559615440e-01 -4.412841326636395278e-01
-3.350631726443078495e-01 -4.366002512564906568e-01
-3.323796094326541550e-01 -4.319176489175176048e-01
-3.296960462210004605e-01 -4.272362146333488209e-01
-3.270124830093468216e-01 -4.225558373906129206e-01
-3.243289197976931271e-01 -4.178764061759381310e-01
-3.216453565860394326e-01 -4.131978098251732345e-01
-3.189617933743857381e-01 -4.085199167487242877e-01
-3.162782301627320436e-01 -4.038425544569171355e-01
-3.135946669510783491e-01 -3.991655455844584921e-01
-3.109111037394246546e-01 -3.944887127660552384e-01
-3.082275405277709601e-01 -3.898118786364139776e-01
-3.055439773161172656e-01 -3.851348658302417571e-01
-3.028604141044635711e-01 -3.804574969822451247e-01
-3.001768508928098766e-01 -3.757795947271309056e-01
-2.974932876811562377e-01 -3.711009814099103798e-01
-2.948097244695024877e-01 -3.664214688780363383e-01
-2.921261612578488487e-01 -3.617408562424722640e-01
-2.894425980461951542e-01 -3.570589437237127739e-01
-2.867590348345414597e-01 -3.523755320442571448e-01
-2.840754716228877652e-01 -3.476904219266049312e-01
-2.813919084112340707e-01 -3.430034140932558540e-01
-2.787083451995803762e-01 -3.383143092667094676e-01
-2.760247819879266817e-01 -3.336229081561697396e-01
-2.733412187762729872e-01 -3.289290011776204725e-01
-2.706576555646192928e-01 -3.242323500594411767e-01
-2.679740923529656538e-01 -3.195327116074718754e-01
-2.652905291413119038e-01 -3.148298452412739978e-01
-2.626069659296582648e-01 -3.101235147209689402e-01
-2.599234027180045703e-01 -3.054134842160448060e-01
-2.572398395063508758e-01 -3.006995178959903092e-01
-2.545562762946971813e-01 -2.959813799302937753e-01
-2.518727130830434868e-01 -2.912588344884436964e-01
-2.491891498713897923e-01 -2.865316457399285643e-01
-2.465055866597360978e-01 -2.817995778542368157e-01
-2.438220234480824034e-01 -2.770623950008569980e-01
-2.411384602364287366e-01 -2.723198613492774922e-01
-2.384548970247750421e-01 -2.675717410689866793e-01
-2.357713338131213476e-01 -2.628177983294731623e-01
-2.330877706014676531e-01 -2.580577973002254333e-01
-2.304042073898139587e-01 -2.532915021507317621e-01
-2.277206441781602642e-01 -2.485186763007289079e-01
-2.250370809665065974e-01 -2.437390648325019893e-01
-2.223535177548529029e-01 -2.389523981992113244e-01
-2.196699545431992084e-01 -2.341584370249341629e-01
-2.169863913315455139e-01 -2.293569554644311337e-01
-2.143028281198918195e-01 -2.245477277284682605e-01
-2.116192649082381250e-01 -2.197305304221309208e-01
-2.089357016965844582e-01 -2.149051551495201329e-01
-2.062521384849307637e-01 -2.100713993103766886e-01
-2.035685752732770692e-01 -2.052290633962050859e-01
-2.008850120616233748e-01 -2.003780314040741750e-01
-1.982014488499696803e-01 -1.955182785557106062e-01
-1.955178856383160135e-01 -1.906497846997541323e-01
-1.928343224266623190e-01 -1.857725296848445062e-01
-1.901507592150086245e-01 -1.808864933596215363e-01
-1.874671960033549301e-01 -1.759916555727250309e-01
-1.847836327917012356e-01 -1.710879961727947984e-01
-1.821000695800475411e-01 -1.661754950084705640e-01
-1.794165063683938743e-01 -1.612541319283922470e-01
-1.767329431567401798e-01 -1.563238867811995170e-01
-1.740493799450864854e-01 -1.513847394155321824e-01
-1.713658167334327909e-01 -1.464366696800300793e-01
-1.686822535217790964e-01 -1.414796574233329607e-01
-1.659986903101254019e-01 -1.365136824940806348e-01
-1.633151270984717351e-01 -1.315387247409130211e-01
-1.606315638868180407e-01 -1.265547640519765205e-01
-1.579480006751643462e-01 -1.215618269119536909e-01
-1.552644374635106517e-01 -1.165600673527448783e-01
-1.525808742518569572e-01 -1.115495770045787788e-01
-1.498973110402032627e-01 -1.065303989770408494e-01
-1.472137478285495960e-01 -1.015025758596080074e-01
-1.445301846168959015e-01 -9.646615024175708708e-02
-1.418466214052422070e-01 -9.142116471296508895e-02
-1.391630581935885125e-01 -8.636766186270887491e-02
-1.364794949819348180e-01 -8.130567578194838885e-02
-1.337959317702811235e-01 -7.623505792511479917e-02
-1.311123685586274568e-01 -7.115548396539031484e-02
-1.284288053469737623e-01 -6.606662244912493709e-02
-1.257452421353200678e-01 -6.096814192266891003e-02
-1.230616789236663733e-01 -5.585971093237238755e-02
-1.203781157120126788e-01 -5.074099802458548886e-02
-1.176945525003589843e-01 -4.561167174565838867e-02
-1.150109892887052898e-01 -4.047140064194122699e-02
-1.123274260770515953e-01 -3.531985325978415774e-02
-1.096438628653979563e-01 -3.015669814553744582e-02
-1.069602996537442618e-01 -2.498160384555102309e-02
-1.042767364420905674e-01 -1.979423890617514753e-02
-1.015931732304368729e-01 -1.459427187375996436e-02
-9.890961001878317838e-02 -9.381371294655643095e-03
-9.622604680712948388e-02 -4.155205715212307270e-03
-9.354248359547578939e-02 1.084556318219862328e-03
-9.085892038382209490e-02 6.338246259290743895e-03
-8.817535717216840041e-02 1.160619556165017226e-02
-8.549179396051470592e-02 1.688873567894798311e-02
-8.280823074886101143e-02 2.218619806483405205e-02
-8.012466753720731694e-02 2.749891417295819915e-02
-7.744110432555367796e-02 3.282721545697019766e-02
-7.475754111389998346e-02 3.817143337052007757e-02
-7.207397790224628897e-02 4.353189927381481000e-02
-6.939041469059259448e-02 4.890890785182334943e-02
-6.670685147893889999e-02 5.430266152492737447e-02
-6.402328826728520550e-02 5.971334843312604140e-02
-6.133972505563151101e-02 6.514115671641852734e-02
-5.865616184397781652e-02 7.058627451480396775e-02
-5.597259863232412203e-02 7.604888996828154668e-02
-5.328903542067042753e-02 8.152919121685041348e-02
-5.060547220901673304e-02 8.702736640050974526e-02
-4.792190899736303855e-02 9.254360365925866361e-02
-4.523834578570939957e-02 9.807809113309626237e-02
-4.255478257405570508e-02 1.036310169620219129e-01
-3.987121936240201059e-02 1.092025698856520788e-01
-3.718765615074831610e-02 1.147929528599888754e-01
-3.450409293909462161e-02 1.204023832977245828e-01
-3.182052972744092711e-02 1.260310792592340134e-01
-2.913696651578723262e-02 1.316792588048920076e-01
-2.645340330413353813e-02 1.373471399950733085e-01
-2.376984009247984364e-02 1.430349408901528396e-01
-2.108627688082614915e-02 1.487428795505053580e-01
-1.840271366917245466e-02 1.544711740365056762e-01
-1.571915045751881568e-02 1.602200424085284958e-01
-1.303558724586512119e-02 1.659897027269488790e-01
-1.035202403421142670e-02 1.717803730497867165e-01
-7.668460822557732204e-03 1.775922563337539173e-01
-4.984897610904037712e-03 1.834255045762807901e-01
-2.301334399250343221e-03 1.892802590367765325e-01
3.822288124033512702e-04 1.951566609746503700e-01
3.065792024057045762e-03 2.010548516493114446e-01
5.749355235710740253e-03 2.069749723201690095e-01
8.432918447364434744e-03 2.129171642466323178e-01
1.111648165901812924e-02 2.188815686881104838e-01
1.380004487067182373e-02 2.248683269040127608e-01
1.648360808232546271e-02 2.308775801537482630e-01
1.916717129397915720e-02 2.369094696967263824e-01
2.185073450563285169e-02 2.429641367923563444e-01
2.453429771728654618e-02 2.490417227000471245e-01
2.721786092894024067e-02 2.551423686792081424e-01
2.990142414059393516e-02 2.612662159892484848e-01
3.258498735224762966e-02 2.674134058895774602e-01
3.526855056390132415e-02 2.735840795882485965e-01
3.795211377555501864e-02 2.797783413399505537e-01
4.063567698720871313e-02 2.859961934100938019e-01
4.331924019886240762e-02 2.922376206180434255e-01
4.600280341051610211e-02 2.985026077831645086e-01
4.868636662216974109e-02 3.047911397248221910e-01
5.136992983382343558e-02 3.111032012623816678e-01
5.405349304547713007e-02 3.174387772152080234e-01
5.673705625713082457e-02 3.237978524026663973e-01
5.942061946878451906e-02 3.301804116441218184e-01
6.210418268043821355e-02 3.365864164734989061e-01
6.478774589209190804e-02 3.430157175756670118e-01
6.747130910374560253e-02 3.494681326858157799e-01
7.015487231539929702e-02 3.559434795337288460e-01
7.283843552705299151e-02 3.624415758491896233e-01
7.552199873870668601e-02 3.689622393619817475e-01
7.820556195036032499e-02 3.755052874133564256e-01
8.088912516201401948e-02 3.820704855948839351e-01
8.357268837366771397e-02 3.886574963381188019e-01
8.625625158532140846e-02 3.952659698431281732e-01
8.893981479697510295e-02 4.018955563099793626e-01
9.162337800862879744e-02 4.085459041222953558e-01
9.430694122028249193e-02 4.152165642948989488e-01
9.699050443193618642e-02 4.219069382048865058e-01
9.967406764358988092e-02 4.286163249779796902e-01
1.023576308552435754e-01 4.353439454365407579e-01
1.050411940668972699e-01 4.420890178208998766e-01
1.077247572785509644e-01 4.488507548402779213e-01
1.104083204902046034e-01 4.556282786671437823e-01
1.130918837018582979e-01 4.624206375749523867e-01
1.157754469135119924e-01 4.692268776766641003e-01
1.184590101251656868e-01 4.760460450852392889e-01
1.211425733368193813e-01 4.828771859136388733e-01
1.238261365484730758e-01 4.897193462748231085e-01
1.265096997601267148e-01 4.965715707413774216e-01
1.291932629717804648e-01 5.034328926035166463e-01
1.318768261834341038e-01 5.103022983813941815e-01
1.345603893950878538e-01 5.171786556203452623e-01
1.372439526067414928e-01 5.240608108423894240e-01
1.399275158183952428e-01 5.309476105695467574e-01
1.426110790300488818e-01 5.378379013238363537e-01
1.452946422417026318e-01 5.447305296272793029e-01
1.479782054533562707e-01 5.516243420018942523e-01
1.506617686650100207e-01 5.585181849697018475e-01
1.533453318766636597e-01 5.654109050527212910e-01
1.560288950883172987e-01 5.723013487729726734e-01
1.587124582999710487e-01 5.791883626524763073e-01
1.613960215116246877e-01 5.860707932132510622e-01
1.640795847232784377e-01 5.929474869773178058e-01
1.667631479349320767e-01 5.998172904666956295e-01
1.694467111465858267e-01 6.066790502034048460e-01
1.721302743582394656e-01 6.135316058935890160e-01
1.748138375698932157e-01 6.203736930829867324e-01
1.774974007815468546e-01 6.272039660074349987e-01
1.801809639932006046e-01 6.340210767450511486e-01
1.828645272048542436e-01 6.408236747483349038e-01
1.855480904165079936e-01 6.476103628178783156e-01
1.882316536281616326e-01 6.543797036575482728e-01
1.909152168398152716e-01 6.611302586660625646e-01
1.935987800514690216e-01 6.678605892421390910e-01
1.962823432631226606e-01 6.745692567844951970e-01
1.989659064747764106e-01 6.812548226918485605e-01
2.016494696864300495e-01 6.879158483629166376e-01
2.043330328980837995e-01 6.945508951964176614e-01
2.070165961097374385e-01 7.011585245910681996e-01
2.097001593213911885e-01 7.077372979455868185e-01
2.123837225330448275e-01 7.142857766586904189e-01
2.150672857446985775e-01 7.208025221290974560e-01
2.177508489563522165e-01 7.272860957555246086e-01
2.204344121680058555e-01 7.337350589366899989e-01
2.231179753796596055e-01 7.401479730713114158e-01
2.258015385913132445e-01 7.465234511744881507e-01
2.284851018029669945e-01 7.528606135436680669e-01
2.311686650146206334e-01 7.591588684950993926e-01
2.338522282262743834e-01 7.654176276541209134e-01
2.365357914379280224e-01 7.716363026460709706e-01
2.392193546495817724e-01 7.778143050962889049e-01
2.419029178612354114e-01 7.839510466301128355e-01
2.445864810728891614e-01 7.900459558070207500e-01
2.472700442845428004e-01 7.960986632774326166e-01
2.499536074961964394e-01 8.021088952759773960e-01
2.526371707078501894e-01 8.080761953731954161e-01
2.553207339195038283e-01 8.140000499307872284e-01
2.580042971311575783e-01 8.198799452936020860e-01
2.606878603428112173e-01 8.257153678064885760e-01
2.633714235544649673e-01 8.315058038142963959e-01
2.660549867661186063e-01 8.372507396618737996e-01
2.687385499777723563e-01 8.429496616940702625e-01
2.714221131894259953e-01 8.486020562557344826e-01
2.741056764010797453e-01 8.542074096917157133e-01
2.767892396127333843e-01 8.597652083468626527e-01
2.794728028243871343e-01 8.652749385660246650e-01
2.821563660360407733e-01 8.707360866940501154e-01
2.848399292476944122e-01 8.761481390757887011e-01
2.875234924593481622e-01 8.815105820560891203e-01
2.902070556710018012e-01 8.868229019798002932e-01
2.928906188826555512e-01 8.920845851917712510e-01
2.955741820943091902e-01 8.972951173316501272e-01
2.982577453059629402e-01 9.024539164561355964e-01
3.009413085176165792e-01 9.075602779687459432e-01
3.036248717292703292e-01 9.126134865463103596e-01
3.063084349409239682e-01 9.176131569777618013e-01
3.089919981525777182e-01 9.225595801141985852e-01
3.116755613642313572e-01 9.274531295904813177e-01
3.143591245758849961e-01 9.322941790414720487e-01
3.170426877875387461e-01 9.370831021020323837e-01
3.197262509991923851e-01 9.418202724070233733e-01
3.224098142108461351e-01 9.465060635913070675e-01
3.250933774224997741e-01 9.511408492897445166e-01
3.277769406341535241e-01 9.557250031371974375e-01
3.304605038458071631e-01 9.602588987685273247e-01
3.331440670574609131e-01 9.647429098185958951e-01
3.358276302691145521e-01 9.691774099222641992e-01
3.385111934807683021e-01 9.735627727143939536e-01
3.411947566924219410e-01 9.778993718298467641e-01
3.438783199040755800e-01 9.821875809034840143e-01
3.465618831157293300e-01 9.864277735701674210e-01
3.492454463273829690e-01 9.906203234647581457e-01
3.519290095390367190e-01 9.947656042221182382e-01
3.546125727506903580e-01 9.988639894771085270e-01
3.572961359623441080e-01 1.002915841009242914e+00
3.599796991739977470e-01 1.006921367687046098e+00
3.626632623856514970e-01 1.010880672052645091e+00
3.653468255973051360e-01 1.014793854497033854e+00
3.680303888089588860e-01 1.018661015411208792e+00
3.707139520206125249e-01 1.022482255186164313e+00
3.733975152322662749e-01 1.026257674212895932e+00
3.760810784439199139e-01 1.029987372882398944e+00
3.787646416555735529e-01 1.033671451585668200e+00
3.814482048672273029e-01 1.037310010713698993e+00
3.841317680788809419e-01 1.040903150657486842e+00
3.868153312905346919e-01 1.044450971808026818e+00
3.894988945021883309e-01 1.047953574556314216e+00
3.921824577138420809e-01 1.051411059293343886e+00
3.948660209254957199e-01 1.054823526410111123e+00
3.975495841371494699e-01 1.058191076297611666e+00
4.002331473488031088e-01 1.061513809346839921e+00
4.029167105604568588e-01 1.064791825948791848e+00
4.056002737721104978e-01 1.068025226494462077e+00
4.082838369837641368e-01 1.071214111374846123e+00
4.109674001954178868e-01 1.074358580980938838e+00
4.136509634070715258e-01 1.077458735703735959e+00
4.163345266187252758e-01 1.080514675934232338e+00
4.190180898303789148e-01 1.083526502063423491e+00
4.217016530420326648e-01 1.086494314482304491e+00
4.243852162536863037e-01 1.089418213581869743e+00
4.270687794653400537e-01 1.092298299753116098e+00
4.297523426769936927e-01 1.095134673387037072e+00
4.324359058886474427e-01 1.097927434874629293e+00
4.351194691003010817e-01 1.100676684606886946e+00
4.378030323119547207e-01 1.103382522974805546e+00
4.404865955236084707e-01 1.106045050369380389e+00
4.431701587352621097e-01 1.108664367181606769e+00
4.458537219469158597e-01 1.111240573802479981e+00
4.485372851585694987e-01 1.113773770622994652e+00
4.512208483702232487e-01 1.116264058034146744e+00
4.539044115818768876e-01 1.118711536426930664e+00
4.565879747935306376e-01 1.121116306192342371e+00
4.592715380051842766e-01 1.123478467721376495e+00
4.619551012168380266e-01 1.125798121405028773e+00
4.646386644284916656e-01 1.128075367634294279e+00
4.673222276401454156e-01 1.130310306800167419e+00
4.700057908517990546e-01 1.132503039293644598e+00
4.726893540634526936e-01 1.134653665505720221e+00
4.753729172751064436e-01 1.136762285827390029e+00
4.780564804867600825e-01 1.138829000649648648e+00
4.807400436984138326e-01 1.140853910363491819e+00
4.834236069100674715e-01 1.142837115359914169e+00
4.861071701217212215e-01 1.144778716029911436e+00
4.887907333333748605e-01 1.146678812764478916e+00
4.914742965450286105e-01 1.148537506131594110e+00
4.941578597566822495e-01 1.150355116836754732e+00
4.968414229683359995e-01 1.152132615124631609e+00
4.995249861799896385e-01 1.153871088218788143e+00
5.022085493916432775e-01 1.155571344728168137e+00
5.048921126032970275e-01 1.157233647722704539e+00
5.075756758149506664e-01 1.158858196970946386e+00
5.102592390266044164e-01 1.160445192241444268e+00
5.129428022382580554e-01 1.161994833302747221e+00
5.156263654499118054e-01 1.163507319923404726e+00
5.183099286615654444e-01 1.164982851871967151e+00
5.209934918732191944e-01 1.166421628916983755e+00
5.236770550848728334e-01 1.167823850827004240e+00
5.263606182965265834e-01 1.169189717370578530e+00
5.290441815081802224e-01 1.170519428316255661e+00
5.317277447198338614e-01 1.171813183432586003e+00
5.344113079314876114e-01 1.173071182488119035e+00
5.370948711431412503e-01 1.174293625251404238e+00
5.397784343547950003e-01 1.175480711490991759e+00
5.424619975664486393e-01 1.176632640975430633e+00
5.451455607781023893e-01 1.177749613473271006e+00
5.478291239897560283e-01 1.178831828753062139e+00
5.505126872014097783e-01 1.179879486583354176e+00
5.531962504130634173e-01 1.180892786732696376e+00
5.558798136247171673e-01 1.181871928969639107e+00
5.585633768363708063e-01 1.182817113062731185e+00
5.612469400480245563e-01 1.183728538780522532e+00
5.639305032596781952e-01 1.184606405891563297e+00
5.666140664713318342e-01 1.185450914164402736e+00
5.692976296829855842e-01 1.186262263367590775e+00
5.719811928946392232e-01 1.187040653269676449e+00
5.746647561062929732e-01 1.187786283639210572e+00
5.773483193179466122e-01 1.188499354244741735e+00
5.800318825296003622e-01 1.189180064854820085e+00
5.827154457412540012e-01 1.189828615237995324e+00
5.853990089529077512e-01 1.190445205162817155e+00
5.880825721645613902e-01 1.191030034397835058e+00
5.907661353762151402e-01 1.191583302711598957e+00
5.934496985878687791e-01 1.192105209872658111e+00
5.961332617995224181e-01 1.192595955649562667e+00
5.988168250111761681e-01 1.193055739810862326e+00
6.015003882228298071e-01 1.193484762125106124e+00
6.041839514344835571e-01 1.193883222360844654e+00
6.068675146461371961e-01 1.194251320286626727e+00
6.095510778577909461e-01 1.194589255671002492e+00
6.122346410694445851e-01 1.194897228282521651e+00
6.149182042810983351e-01 1.195175437889733683e+00
6.176017674927519741e-01 1.195424084261188291e+00
6.202853307044057241e-01 1.195643367165435178e+00
6.229688939160593630e-01 1.195833486371024268e+00
6.256524571277131130e-01 1.195994795100872699e+00
6.283360203393666410e-01 1.196128388018116828e+00
6.310195835510203910e-01 1.196235583419347215e+00
6.337031467626741410e-01 1.196317699647379218e+00
6.363867099743278910e-01 1.196376055045026421e+00
6.390702731859814190e-01 1.196411967955102851e+00
6.417538363976351690e-01 1.196426756720423645e+00
6.444373996092889190e-01 1.196421739683802610e+00
6.471209628209426690e-01 1.196398235188054660e+00
6.498045260325961969e-01 1.196357561575993378e+00
6.524880892442499469e-01 1.196301037190433680e+00
6.551716524559036969e-01 1.196229980374189372e+00
6.578552156675572249e-01 1.196145646523249617e+00
6.605387788792109749e-01 1.196048633117096527e+00
6.632223420908647249e-01 1.195939145792692893e+00
6.659059053025184749e-01 1.195817384976939346e+00
6.685894685141720029e-01 1.195683551096738073e+00
6.712730317258257529e-01 1.195537844578990150e+00
6.739565949374795029e-01 1.195380465850597096e+00
6.766401581491332529e-01 1.195211615338460653e+00
6.793237213607867808e-01 1.195031493469482120e+00
6.820072845724405308e-01 1.194840300670562794e+00
6.846908477840942808e-01 1.194638237368604639e+00
6.873744109957478088e-01 1.194425503990508508e+00
6.900579742074015588e-01 1.194202300963176366e+00
6.927415374190553088e-01 1.193968828713509733e+00
6.954251006307090588e-01 1.193725287668409685e+00
6.981086638423625867e-01 1.193471878254777963e+00
7.007922270540163368e-01 1.193208800899515865e+00
7.034757902656700868e-01 1.192936256029525133e+00
7.061593534773238368e-01 1.192654444071707287e+00
7.088429166889773647e-01 1.192363565452963625e+00
7.115264799006311147e-01 1.192063820600195445e+00
7.142100431122848647e-01 1.191755409940304489e+00
7.168936063239386147e-01 1.191438533900192276e+00
7.195771695355921427e-01 1.191113392906760104e+00
7.222607327472458927e-01 1.190780187386909494e+00
7.249442959588996427e-01 1.190439117767541743e+00
7.276278591705531706e-01 1.190090384475558816e+00
7.303114223822069206e-01 1.189734187937862009e+00
7.329949855938606706e-01 1.189370728581352621e+00
7.356785488055144206e-01 1.189000206832932172e+00
7.383621120171679486e-01 1.188622823119502403e+00
7.410456752288216986e-01 1.188238777867964391e+00
7.437292384404754486e-01 1.187848271505220099e+00
7.464128016521291986e-01 1.187451504458170382e+00
7.490963648637827266e-01 1.187048677153717202e+00
7.517799280754364766e-01 1.186639990018761859e+00
7.544634912870902266e-01 1.186225643480205871e+00
7.571470544987437545e-01 1.185805837964950982e+00
7.598306177103975045e-01 1.185380773899898266e+00
7.625141809220512545e-01 1.184950651711949243e+00
7.651977441337050045e-01 1.184515671828005656e+00
7.678813073453585325e-01 1.184076034674968581e+00
7.705648705570122825e-01 1.183631940679740202e+00
7.732484337686660325e-01 1.183183590269221153e+00
7.759319969803197825e-01 1.182731183870313396e+00
7.786155601919733105e-01 1.182274921909918453e+00
7.812991234036270605e-01 1.181815004814937620e+00
7.839826866152808105e-01 1.181351633012272417e+00
7.866662498269343384e-01 1.180885006928824588e+00
7.893498130385880884e-01 1.180415326991494984e+00
7.920333762502418384e-01 1.179942793627185793e+00
7.947169394618955884e-01 1.179467607262797868e+00
7.974005026735491164e-01 1.178989968325233395e+00
8.000840658852028664e-01 1.178510077241393228e+00
8.027676290968566164e-01 1.178028134438178887e+00
8.054511923085103664e-01 1.177544340342492113e+00
8.081347555201638944e-01 1.177058895381234427e+00
8.108183187318176444e-01 1.176571999981307126e+00
8.135018819434713944e-01 1.176083854569611731e+00
8.161854451551249223e-01 1.175594659573049983e+00
8.188690083667786723e-01 1.175104615418522735e+00
8.215525715784324223e-01 1.174613922532932175e+00
8.242361347900861723e-01 1.174122781343179378e+00
8.269196980017397003e-01 1.173631392276165863e+00
8.296032612133934503e-01 1.173139955758793151e+00
8.322868244250472003e-01 1.172648672217962762e+00
8.349703876367009503e-01 1.172157742080576215e+00
8.376539508483544783e-01 1.171667365773534808e+00
8.403375140600082283e-01 1.171177743723740283e+00
8.430210772716619783e-01 1.170689076358093939e+00
8.457046404833155062e-01 1.170201564103497072e+00
8.483882036949692562e-01 1.169715407386851647e+00
8.510717669066230062e-01 1.169230806635058739e+00
8.537553301182767562e-01 1.168747962275020091e+00
8.564388933299302842e-01 1.168267074733637001e+00
8.591224565415840342e-01 1.167788344437810988e+00
8.618060197532377842e-01 1.167311971814443572e+00
8.644895829648915342e-01 1.166838157290436273e+00
8.671731461765450621e-01 1.166367101292690833e+00
8.698567093881988121e-01 1.165899004248107884e+00
8.725402725998525622e-01 1.165434066583589390e+00
8.752238358115060901e-01 1.164972488726037092e+00
8.779073990231598401e-01 1.164514471102352289e+00
8.805909622348135901e-01 1.164060214139436500e+00
8.832745254464673401e-01 1.163609918264191023e+00
8.859580886581208681e-01 1.163163783903517379e+00
8.886416518697746181e-01 1.162722011484317086e+00
8.913252150814283681e-01 1.162284801433491666e+00
8.940087782930821181e-01 1.161852354177942637e+00
8.966923415047356460e-01 1.161424870144571520e+00
8.993759047163893960e-01 1.161002549760279612e+00
9.020594679280431460e-01 1.160585593451968656e+00
9.047430311396968960e-01 1.160174201646539727e+00
9.074265943513504240e-01 1.159768574770894567e+00
9.101101575630041740e-01 1.159368913251934696e+00
9.127937207746579240e-01 1.158975417516561635e+00
9.154772839863114520e-01 1.158588287991676680e+00
9.181608471979652020e-01 1.158207725104181351e+00
9.208444104096189520e-01 1.157833929280976948e+00
9.235279736212727020e-01 1.157467100948965433e+00
9.262115368329262299e-01 1.157107440535048104e+00
9.288951000445799799e-01 1.156755114753672320e+00
9.315786632562337299e-01 1.156409869662519130e+00
9.342622264678874799e-01 1.156071165621736618e+00
9.369457896795410079e-01 1.155738457543793452e+00
9.396293528911947579e-01 1.155411200341158517e+00
9.423129161028485079e-01 1.155088848926301592e+00
9.449964793145020359e-01 1.154770858211691342e+00
9.476800425261557859e-01 1.154456683109797321e+00
9.503636057378095359e-01 1.154145778533088196e+00
9.530471689494632859e-01 1.153837599394033298e+00
9.557307321611168138e-01 1.153531600605102403e+00
9.584142953727705638e-01 1.153227237078763290e+00
9.610978585844243138e-01 1.152923963727486178e+00
9.637814217960780638e-01 1.152621235463740179e+00
